,COL20A1 0,COL20A1 1,COL20A1 2,COL20A1 3,COL20A1 4,COL20A1 5,COL20A1 6,COL20A1 7,COL20A1 8,COL20A1 9,COL20A1 10,COL20A1 11,COL20A1 12,COL20A1 13,COL20A1 14,COL20A1 15,COL20A1 16,COL20A1 17,COL20A1 18,COL20A1 19,COL20A1 20,COL20A1 21,COL20A1 22,COL20A1 23,COL20A1 24,COL20A1 25,COL20A1 26,COL20A1 27,COL20A1 28,COL20A1 29,COL20A1 30,COL20A1 31,COL20A1 32,COL20A1 33,COL20A1 34,COL20A1 35,COL20A1 36,COL20A1 37,COL20A1 38,COL20A1 39,COL20A1 40,COL20A1 41,COL20A1 42,COL20A1 43,COL20A1 44,COL20A1 45,COL20A1 46,COL20A1 47,COL20A1 48,COL20A1 49,COL20A1 50,COL20A1 51,COL20A1 52,COL20A1 53,COL20A1 54,COL20A1 55,COL20A1 56,COL20A1 57,COL20A1 58,COL20A1 59,COL20A1 60,COL20A1 61,COL20A1 62,COL20A1 63,COL20A1 64,COL20A1 65,COL20A1 66,COL20A1 67,COL20A1 68,COL20A1 69,COL20A1 70,COL20A1 71,COL20A1 72,COL20A1 73,COL20A1 74,COL20A1 75,COL20A1 76,COL20A1 77,COL20A1 78,COL20A1 79,COL20A1 80,COL20A1 81,COL20A1 82,COL20A1 83,COL20A1 84,COL20A1 85,COL20A1 86,COL20A1 87,COL20A1 88,COL20A1 89,COL20A1 90,COL20A1 91,COL20A1 92,COL20A1 93,COL20A1 94,COL20A1 95,COL20A1 96,COL20A1 97,COL20A1 98,COL20A1 99,COL20A1 100,COL20A1 101,COL20A1 102,COL20A1 103,COL20A1 104,COL20A1 105,COL20A1 106,COL20A1 107,COL20A1 108,COL20A1 109,COL20A1 110,COL20A1 111,COL20A1 112,COL20A1 113,COL20A1 114,COL20A1 115,COL20A1 116,COL20A1 117,COL20A1 118,COL20A1 119,COL20A1 120,COL20A1 121,COL20A1 122,COL20A1 123,COL20A1 124,COL20A1 125,COL20A1 126,COL20A1 127,COL20A1 128,COL20A1 129,COL20A1 130,COL20A1 131,COL20A1 132,COL20A1 133,COL20A1 134,COL20A1 135,COL20A1 136,COL20A1 137,COL20A1 138,COL20A1 139,COL20A1 140,COL20A1 141,COL20A1 142,COL20A1 143,COL20A1 144,COL20A1 145,COL20A1 146,COL20A1 147,COL20A1 148,COL20A1 149,COL20A1 150,COL20A1 151,COL20A1 152,COL20A1 153,COL20A1 154,COL20A1 155,COL20A1 156,COL20A1 157,COL20A1 158,COL20A1 159,COL20A1 160,COL20A1 161,COL20A1 162,COL20A1 163,COL20A1 164,COL20A1 165,COL20A1 166,COL20A1 167,COL20A1 168,COL20A1 169,COL20A1 170,COL20A1 171,COL20A1 172,COL20A1 173,COL20A1 174,COL20A1 175,COL20A1 176,COL20A1 177,COL20A1 178,COL20A1 179,COL20A1 180,COL20A1 181,COL20A1 182,COL20A1 183,COL20A1 184,COL20A1 185,COL20A1 186,COL20A1 187,COL20A1 188,COL20A1 189,COL20A1 190,COL20A1 191,COL20A1 192,COL20A1 193,COL20A1 194,COL20A1 195,COL20A1 196,COL20A1 197,COL20A1 198,COL20A1 199,COL20A1 200,COL20A1 201,COL20A1 202,COL20A1 203,COL20A1 204,COL20A1 205,COL20A1 206,COL20A1 207,COL20A1 208,COL20A1 209,COL20A1 210,COL20A1 211,COL20A1 212,COL20A1 213,COL20A1 214,COL20A1 215,COL20A1 216,COL20A1 217,COL20A1 218,COL20A1 219,COL20A1 220,COL20A1 221,COL20A1 222,COL20A1 223,COL20A1 224,COL20A1 225,COL20A1 226,COL20A1 227,COL20A1 228,COL20A1 229,COL20A1 230,COL20A1 231,COL20A1 232,COL20A1 233,COL20A1 234,COL20A1 235,COL20A1 236,COL20A1 237,COL20A1 238,COL20A1 239,COL20A1 240,COL20A1 241,COL20A1 242,COL20A1 243,COL20A1 244,COL20A1 245,COL20A1 246,COL20A1 247,COL20A1 248,COL20A1 249,COL20A1 250,COL20A1 251,COL20A1 252,COL20A1 253,COL20A1 254,COL20A1 255,COL20A1 256,COL20A1 257,COL20A1 258,COL20A1 259,COL20A1 260,COL20A1 261,COL20A1 262,COL20A1 263,COL20A1 264,COL20A1 265,COL20A1 266,COL20A1 267,COL20A1 268,COL20A1 269,COL20A1 270,COL20A1 271,COL20A1 272,COL20A1 273,COL20A1 274,COL20A1 275,COL20A1 276,COL20A1 277,COL20A1 278,COL20A1 279,COL20A1 280,COL20A1 281,COL20A1 282,COL20A1 283,COL20A1 284,COL20A1 285,COL20A1 286,COL20A1 287,COL20A1 288,COL20A1 289,COL20A1 290,COL20A1 291,COL20A1 292,COL20A1 293,COL20A1 294,COL20A1 295,COL20A1 296,COL20A1 297,COL20A1 298,COL20A1 299,COL20A1 300,COL20A1 301,COL20A1 302,COL20A1 303,COL20A1 304,COL20A1 305,COL20A1 306,COL20A1 307,COL20A1 308,COL20A1 309,COL20A1 310,COL20A1 311,COL20A1 312,COL20A1 313,COL20A1 314,COL20A1 315,COL20A1 316,COL20A1 317,COL20A1 318,COL20A1 319,COL20A1 320,COL20A1 321,COL20A1 322,COL20A1 323,COL20A1 324,COL20A1 325,COL20A1 326,COL20A1 327,COL20A1 328,COL20A1 329,COL20A1 330,COL20A1 331,COL20A1 332,COL20A1 333,COL20A1 334,COL20A1 335,COL20A1 336,COL20A1 337,COL20A1 338,COL20A1 339,COL20A1 340,COL20A1 341,COL20A1 342,COL20A1 343,COL20A1 344,COL20A1 345,COL20A1 346,COL20A1 347,COL20A1 348,COL20A1 349,COL20A1 350,COL20A1 351,COL20A1 352,COL20A1 353,COL20A1 354,COL20A1 355,COL20A1 356,COL20A1 357,COL20A1 358,COL20A1 359,COL20A1 360,COL20A1 361,COL20A1 362,COL20A1 363,COL20A1 364,COL20A1 365,COL20A1 366,COL20A1 367,COL20A1 368,COL20A1 369,COL20A1 370,COL20A1 371,COL20A1 372,COL20A1 373,COL20A1 374,COL20A1 375,COL20A1 376,COL20A1 377,COL20A1 378,COL20A1 379,COL20A1 380,COL20A1 381,COL20A1 382,COL20A1 383,COL20A1 384,COL20A1 385,COL20A1 386,COL20A1 387,COL20A1 388,COL20A1 389,COL20A1 390,COL20A1 391,COL20A1 392,COL20A1 393,COL20A1 394,COL20A1 395,COL20A1 396,COL20A1 397,COL20A1 398,COL20A1 399,COL20A1 400,COL20A1 401,COL20A1 402,COL20A1 403,COL20A1 404,COL20A1 405,COL20A1 406,COL20A1 407,COL20A1 408,COL20A1 409,COL20A1 410,COL20A1 411,COL20A1 412,COL20A1 413,COL20A1 414,COL20A1 415,COL20A1 416,COL20A1 417,COL20A1 418,COL20A1 419,COL20A1 420,COL20A1 421,COL20A1 422,COL20A1 423,COL20A1 424,COL20A1 425,COL20A1 426,COL20A1 427,COL20A1 428,COL20A1 429,COL20A1 430,COL20A1 431,COL20A1 432,COL20A1 433,COL20A1 434,COL20A1 435,COL20A1 436,COL20A1 437,COL20A1 438,COL20A1 439,COL20A1 440,COL20A1 441,COL20A1 442,COL20A1 443,COL20A1 444,COL20A1 445,COL20A1 446,COL20A1 447,COL20A1 448,COL20A1 449,COL20A1 450,COL20A1 451,COL20A1 452,COL20A1 453,COL20A1 454,COL20A1 455,COL20A1 456,COL20A1 457,COL20A1 458,COL20A1 459,COL20A1 460,COL20A1 461,COL20A1 462,COL20A1 463,COL20A1 464,COL20A1 465,COL20A1 466,COL20A1 467,COL20A1 468,COL20A1 469,COL20A1 470,COL20A1 471,COL20A1 472,COL20A1 473,COL20A1 474,COL20A1 475,COL20A1 476,COL20A1 477,COL20A1 478,COL20A1 479,COL20A1 480,COL20A1 481,COL20A1 482,COL20A1 483,COL20A1 484,COL20A1 485,COL20A1 486,COL20A1 487,COL20A1 488,COL20A1 489,COL20A1 490,COL20A1 491,COL20A1 492,COL20A1 493,COL20A1 494,COL20A1 495,COL20A1 496,COL20A1 497,COL20A1 498,COL20A1 499,COL20A1 500,COL20A1 501,COL20A1 502,COL20A1 503,COL20A1 504,COL20A1 505,COL20A1 506,COL20A1 507,COL20A1 508,COL20A1 509,COL20A1 510,COL20A1 511,COL20A1 512,COL20A1 513,COL20A1 514,COL20A1 515,COL20A1 516,COL20A1 517,COL20A1 518,COL20A1 519,COL20A1 520,COL20A1 521,COL20A1 522,COL20A1 523,COL20A1 524,COL20A1 525,COL20A1 526,COL20A1 527,COL20A1 528,COL20A1 529,COL20A1 530,COL20A1 531,COL20A1 532,COL20A1 533,COL20A1 534,COL20A1 535,COL20A1 536,COL20A1 537,COL20A1 538,COL20A1 539,COL20A1 540,COL20A1 541,COL20A1 542,COL20A1 543,COL20A1 544,COL20A1 545,COL20A1 546,COL20A1 547,COL20A1 548,COL20A1 549,COL20A1 550,COL20A1 551,COL20A1 552,COL20A1 553,COL20A1 554,COL20A1 555,COL20A1 556,COL20A1 557,COL20A1 558,COL20A1 559,COL20A1 560,COL20A1 561,COL20A1 562,COL20A1 563,COL20A1 564,COL20A1 565,COL20A1 566,COL20A1 567,COL20A1 568,COL20A1 569,COL20A1 570,COL20A1 571,COL20A1 572,COL20A1 573,COL20A1 574,COL20A1 575,COL20A1 576,COL20A1 577,COL20A1 578,COL20A1 579,COL20A1 580,COL20A1 581,COL20A1 582,COL20A1 583,COL20A1 584,COL20A1 585,COL20A1 586,COL20A1 587,COL20A1 588,COL20A1 589,COL20A1 590,COL20A1 591,COL20A1 592,COL20A1 593,COL20A1 594,COL20A1 595,COL20A1 596,COL20A1 597,COL20A1 598,COL20A1 599,COL20A1 600,COL20A1 601,COL20A1 602,COL20A1 603,COL20A1 604,COL20A1 605,COL20A1 606,COL20A1 607,COL20A1 608,COL20A1 609,COL20A1 610,COL20A1 611,COL20A1 612,COL20A1 613,COL20A1 614,COL20A1 615,COL20A1 616,COL20A1 617,COL20A1 618,COL20A1 619,COL20A1 620,COL20A1 621,COL20A1 622,COL20A1 623,COL20A1 624,COL20A1 625,COL20A1 626,COL20A1 627,COL20A1 628,COL20A1 629,COL20A1 630,COL20A1 631,COL20A1 632,COL20A1 633,COL20A1 634,COL20A1 635,COL20A1 636,COL20A1 637,COL20A1 638,COL20A1 639,COL20A1 640,COL20A1 641,COL20A1 642,COL20A1 643,COL20A1 644,COL20A1 645,COL20A1 646,COL20A1 647,COL20A1 648,COL20A1 649,COL20A1 650,COL20A1 651,COL20A1 652,COL20A1 653,COL20A1 654,COL20A1 655,COL20A1 656,COL20A1 657,COL20A1 658,COL20A1 659,COL20A1 660,COL20A1 661,COL20A1 662,COL20A1 663,COL20A1 664,COL20A1 665,COL20A1 666,COL20A1 667,COL20A1 668,COL20A1 669,COL20A1 670,COL20A1 671,COL20A1 672,COL20A1 673,COL20A1 674,COL20A1 675,COL20A1 676,COL20A1 677,COL20A1 678,COL20A1 679,COL20A1 680,COL20A1 681,COL20A1 682,COL20A1 683,COL20A1 684,COL20A1 685,COL20A1 686,COL20A1 687,COL20A1 688,COL20A1 689,COL20A1 690,COL20A1 691,COL20A1 692,COL20A1 693,COL20A1 694,COL20A1 695,COL20A1 696,COL20A1 697,COL20A1 698,COL20A1 699,COL20A1 700,COL20A1 701,COL20A1 702,COL20A1 703,COL20A1 704,COL20A1 705,COL20A1 706,COL20A1 707,COL20A1 708,COL20A1 709,COL20A1 710,COL20A1 711,COL20A1 712,COL20A1 713,COL20A1 714,COL20A1 715,COL20A1 716,COL20A1 717,COL20A1 718,COL20A1 719,COL20A1 720,COL20A1 721,COL20A1 722,COL20A1 723,COL20A1 724,COL20A1 725,COL20A1 726,COL20A1 727,COL20A1 728,COL20A1 729,COL20A1 730,COL20A1 731,COL20A1 732,COL20A1 733,COL20A1 734,COL20A1 735,COL20A1 736,COL20A1 737,COL20A1 738,COL20A1 739,COL20A1 740,COL20A1 741,COL20A1 742,COL20A1 743,COL20A1 744,COL20A1 745,COL20A1 746,COL20A1 747,COL20A1 748,COL20A1 749,COL20A1 750,COL20A1 751,COL20A1 752,COL20A1 753,COL20A1 754,COL20A1 755,COL20A1 756,COL20A1 757,COL20A1 758,COL20A1 759,COL20A1 760,COL20A1 761,COL20A1 762,COL20A1 763,COL20A1 764,COL20A1 765,COL20A1 766,COL20A1 767,COL20A1 768,COL20A1 769,COL20A1 770,COL20A1 771,COL20A1 772,COL20A1 773,COL20A1 774,COL20A1 775,COL20A1 776,COL20A1 777,COL20A1 778,COL20A1 779,COL20A1 780,COL20A1 781,COL20A1 782,COL20A1 783,COL20A1 784,COL20A1 785,COL20A1 786,COL20A1 787,COL20A1 788,COL20A1 789,COL20A1 790,COL20A1 791,COL20A1 792,COL20A1 793,COL20A1 794,COL20A1 795,COL20A1 796,COL20A1 797,COL20A1 798,COL20A1 799,COL20A1 800,COL20A1 801,COL20A1 802,COL20A1 803,COL20A1 804,COL20A1 805,COL20A1 806,COL20A1 807,COL20A1 808,COL20A1 809,COL20A1 810,COL20A1 811,COL20A1 812,COL20A1 813,COL20A1 814,COL20A1 815,COL20A1 816,COL20A1 817,COL20A1 818,COL20A1 819,COL20A1 820,COL20A1 821,COL20A1 822,COL20A1 823,COL20A1 824,COL20A1 825,COL20A1 826,COL20A1 827,COL20A1 828,COL20A1 829,COL20A1 830,COL20A1 831,COL20A1 832,COL20A1 833,COL20A1 834,COL20A1 835,COL20A1 836,COL20A1 837,COL20A1 838,COL20A1 839,COL20A1 840,COL20A1 841,COL20A1 842,COL20A1 843,COL20A1 844,COL20A1 845,COL20A1 846,COL20A1 847,COL20A1 848,COL20A1 849,COL20A1 850,COL20A1 851,COL20A1 852,COL20A1 853,COL20A1 854,COL20A1 855,COL20A1 856,COL20A1 857,COL20A1 858,COL20A1 859,COL20A1 860,COL20A1 861,COL20A1 862,COL20A1 863,COL20A1 864,COL20A1 865,COL20A1 866,COL20A1 867,COL20A1 868,COL20A1 869,COL20A1 870,COL20A1 871,COL20A1 872,COL20A1 873,COL20A1 874,COL20A1 875,COL20A1 876,COL20A1 877,COL20A1 878,COL20A1 879,COL20A1 880,COL20A1 881,COL20A1 882,COL20A1 883,COL20A1 884,COL20A1 885,COL20A1 886,COL20A1 887,COL20A1 888,COL20A1 889,COL20A1 890,COL20A1 891,COL20A1 892,COL20A1 893,COL20A1 894,COL20A1 895,COL20A1 896,COL20A1 897,COL20A1 898,COL20A1 899,COL20A1 900,COL20A1 901,COL20A1 902,COL20A1 903,COL20A1 904,COL20A1 905,COL20A1 906,COL20A1 907,COL20A1 908,COL20A1 909,COL20A1 910,COL20A1 911,COL20A1 912,COL20A1 913,COL20A1 914,COL20A1 915,COL20A1 916,COL20A1 917,COL20A1 918,COL20A1 919,COL20A1 920,COL20A1 921,COL20A1 922,COL20A1 923,COL20A1 924,COL20A1 925,COL20A1 926,COL20A1 927,COL20A1 928,COL20A1 929,COL20A1 930,COL20A1 931,COL20A1 932,COL20A1 933,COL20A1 934,COL20A1 935,COL20A1 936,COL20A1 937,COL20A1 938,COL20A1 939,COL20A1 940,COL20A1 941,COL20A1 942,COL20A1 943,COL20A1 944,COL20A1 945,COL20A1 946,COL20A1 947,COL20A1 948,COL20A1 949,COL20A1 950,COL20A1 951,COL20A1 952,COL20A1 953,COL20A1 954,COL20A1 955,COL20A1 956,COL20A1 957,COL20A1 958,COL20A1 959,COL20A1 960,COL20A1 961,COL20A1 962,COL20A1 963,COL20A1 964,COL20A1 965,COL20A1 966,COL20A1 967,COL20A1 968,COL20A1 969,COL20A1 970,COL20A1 971,COL20A1 972,COL20A1 973,COL20A1 974,COL20A1 975,COL20A1 976,COL20A1 977,COL20A1 978,COL20A1 979,COL20A1 980,COL20A1 981,COL20A1 982,COL20A1 983,COL20A1 984,COL20A1 985,COL20A1 986,COL20A1 987,COL20A1 988,COL20A1 989,COL20A1 990,COL20A1 991,COL20A1 992,COL20A1 993,COL20A1 994,COL20A1 995,COL20A1 996,COL20A1 997,COL20A1 998,COL20A1 999,COL20A1 1000,COL20A1 1001,COL20A1 1002,COL20A1 1003,COL20A1 1004,COL20A1 1005,COL20A1 1006,COL20A1 1007,COL20A1 1008,COL20A1 1009,COL20A1 1010,COL20A1 1011,COL20A1 1012,COL20A1 1013,COL20A1 1014,COL20A1 1015,COL20A1 1016,COL20A1 1017,COL20A1 1018,COL20A1 1019,COL20A1 1020,COL20A1 1021,COL20A1 1022,COL20A1 1023,COL20A1 1024,COL20A1 1025,COL20A1 1026,COL20A1 1027,COL20A1 1028,COL20A1 1029,COL20A1 1030,COL20A1 1031,COL20A1 1032,COL20A1 1033,COL20A1 1034,COL20A1 1035,COL20A1 1036,COL20A1 1037,COL20A1 1038,COL20A1 1039,COL20A1 1040,COL20A1 1041,COL20A1 1042,COL20A1 1043,COL20A1 1044,COL20A1 1045,COL20A1 1046,COL20A1 1047,COL20A1 1048,COL20A1 1049,COL20A1 1050,COL20A1 1051,COL20A1 1052,COL20A1 1053,COL20A1 1054,COL20A1 1055,COL20A1 1056,COL20A1 1057,COL20A1 1058,COL20A1 1059,COL20A1 1060,COL20A1 1061,COL20A1 1062,COL20A1 1063,COL20A1 1064,COL20A1 1065,COL20A1 1066,COL20A1 1067,COL20A1 1068,COL20A1 1069,COL20A1 1070,COL20A1 1071,COL20A1 1072,COL20A1 1073,COL20A1 1074,COL20A1 1075,COL20A1 1076,COL20A1 1077,COL20A1 1078,COL20A1 1079,COL20A1 1080,COL20A1 1081,COL20A1 1082,COL20A1 1083,COL20A1 1084,COL20A1 1085,COL20A1 1086,COL20A1 1087,COL20A1 1088,COL20A1 1089,COL20A1 1090,COL20A1 1091,COL20A1 1092,COL20A1 1093,COL20A1 1094,COL20A1 1095,COL20A1 1096,COL20A1 1097,COL20A1 1098,COL20A1 1099,COL20A1 1100,COL20A1 1101,COL20A1 1102,COL20A1 1103,COL20A1 1104,COL20A1 1105,COL20A1 1106,COL20A1 1107,COL20A1 1108,COL20A1 1109,COL20A1 1110,COL20A1 1111,COL20A1 1112,COL20A1 1113,COL20A1 1114,COL20A1 1115,COL20A1 1116,COL20A1 1117,COL20A1 1118,COL20A1 1119,COL20A1 1120,COL20A1 1121,COL20A1 1122,COL20A1 1123,COL20A1 1124,COL20A1 1125,COL20A1 1126,COL20A1 1127,COL20A1 1128,COL20A1 1129,COL20A1 1130,COL20A1 1131,COL20A1 1132,COL20A1 1133,COL20A1 1134,COL20A1 1135,COL20A1 1136,COL20A1 1137,COL20A1 1138,COL20A1 1139,COL20A1 1140,COL20A1 1141,COL20A1 1142,COL20A1 1143,COL20A1 1144,COL20A1 1145,COL20A1 1146,COL20A1 1147,COL20A1 1148,COL20A1 1149,COL20A1 1150,COL20A1 1151,COL20A1 1152,COL20A1 1153,COL20A1 1154,COL20A1 1155,COL20A1 1156,COL20A1 1157,COL20A1 1158,COL20A1 1159,COL20A1 1160,COL20A1 1161,COL20A1 1162,COL20A1 1163,COL20A1 1164,COL20A1 1165,COL20A1 1166,COL20A1 1167,COL20A1 1168,COL20A1 1169,COL20A1 1170,COL20A1 1171,COL20A1 1172,COL20A1 1173,COL20A1 1174,COL20A1 1175,COL20A1 1176,COL20A1 1177,COL20A1 1178,COL20A1 1179,COL20A1 1180,COL20A1 1181,COL20A1 1182,COL20A1 1183,COL20A1 1184,COL20A1 1185,COL20A1 1186,COL20A1 1187,COL20A1 1188,COL20A1 1189,COL20A1 1190,COL20A1 1191,COL20A1 1192,COL20A1 1193,COL20A1 1194,COL20A1 1195,COL20A1 1196,COL20A1 1197,COL20A1 1198,COL20A1 1199,COL20A1 1200,COL20A1 1201,COL20A1 1202,COL20A1 1203,COL20A1 1204,COL20A1 1205,COL20A1 1206,COL20A1 1207,COL20A1 1208,COL20A1 1209,COL20A1 1210,COL20A1 1211,COL20A1 1212,COL20A1 1213,COL20A1 1214,COL20A1 1215,COL20A1 1216,COL20A1 1217,COL20A1 1218,COL20A1 1219,COL20A1 1220,COL20A1 1221,COL20A1 1222,COL20A1 1223,COL20A1 1224,COL20A1 1225,COL20A1 1226,COL20A1 1227,COL20A1 1228,COL20A1 1229,COL20A1 1230,COL20A1 1231,COL20A1 1232,COL20A1 1233,COL20A1 1234,COL20A1 1235,COL20A1 1236,COL20A1 1237,COL20A1 1238,COL20A1 1239,COL20A1 1240,COL20A1 1241,COL20A1 1242,COL20A1 1243,COL20A1 1244,COL20A1 1245,COL20A1 1246,COL20A1 1247
Chrysochloris_asiatica,-,-,-,-,-,-,-,-,-,-,-,-,-,-,-,-,-,-,-,-,-,-,-,-,-,-,-,-,-,-,-,-,-,-,-,-,-,-,-,-,-,-,-,-,-,-,-,-,-,-,-,-,-,-,-,-,-,-,-,-,-,-,-,-,-,-,-,-,-,-,-,-,-,-,-,-,-,-,-,-,-,-,-,-,-,-,-,-,-,-,-,-,-,-,-,-,-,-,-,-,-,-,-,-,-,-,-,-,-,-,-,-,-,-,-,-,-,-,-,-,-,-,-,-,-,-,-,-,-,-,-,-,-,-,-,-,-,-,-,-,-,-,-,-,-,-,-,-,-,-,-,-,-,-,-,-,-,-,-,-,-,-,-,-,-,-,-,-,-,-,-,-,-,-,-,-,-,-,-,-,-,-,-,-,-,-,-,-,-,-,-,-,-,-,-,-,-,-,-,-,-,-,-,-,-,-,-,-,-,-,-,-,-,-,-,-,-,-,-,-,-,-,-,-,-,-,-,-,-,-,-,-,-,-,-,-,-,-,-,-,-,-,-,-,-,-,-,-,-,-,-,-,-,-,-,-,-,-,-,-,-,-,-,-,-,-,-,-,-,-,-,-,-,-,-,-,-,-,-,-,-,-,-,-,-,-,-,-,-,-,-,-,-,-,-,-,-,-,-,-,-,-,-,-,-,-,-,-,-,-,-,-,-,-,-,-,-,-,-,-,-,-,-,-,-,-,-,-,-,-,-,-,-,-,-,-,-,-,-,-,-,-,-,-,-,-,-,-,-,-,-,-,-,-,-,-,-,-,-,-,-,-,-,-,-,-,-,-,-,-,-,-,-,-,-,-,-,-,-,-,-,-,-,-,-,-,-,-,-,-,-,-,-,-,-,-,-,-,-,-,-,-,-,-,-,-,-,-,-,-,-,-,-,-,-,-,-,-,-,-,-,-,-,-,-,-,-,-,-,-,-,-,-,-,-,-,-,-,-,-,-,-,-,-,-,-,-,-,-,-,-,-,-,-,-,-,-,-,-,-,-,-,-,-,-,-,-,-,-,-,-,-,-,-,-,-,-,-,-,-,-,-,-,-,-,-,-,-,-,-,-,-,-,-,-,-,-,-,-,-,-,-,-,-,-,-,-,-,-,-,-,-,-,-,-,-,-,-,-,-,-,-,-,-,-,-,-,-,-,-,-,-,-,-,-,-,-,-,-,-,-,-,-,-,-,-,-,-,-,-,-,-,-,-,-,-,-,-,-,-,-,-,-,-,-,-,-,-,-,-,-,-,-,-,-,-,-,-,-,-,-,-,-,-,-,-,-,-,-,-,-,-,-,-,-,-,-,-,-,-,-,-,-,-,-,-,-,-,-,-,-,-,-,-,-,-,-,-,-,-,-,-,-,-,-,-,-,-,-,-,-,-,-,-,-,-,-,-,-,-,-,-,-,-,-,-,-,-,-,-,-,-,-,-,-,-,-,-,-,-,-,-,-,-,-,-,-,-,-,-,-,-,-,-,-,-,-,-,-,-,-,-,-,-,-,-,-,-,-,-,-,-,-,-,-,-,-,-,-,-,-,-,-,-,-,-,-,-,-,-,-,-,-,-,-,-,-,-,-,-,-,-,-,-,-,-,-,-,-,-,-,-,-,-,-,-,-,-,-,-,-,-,-,-,-,-,-,-,-,-,-,-,-,-,-,-,-,-,-,-,-,-,-,-,-,-,-,-,-,-,-,-,-,-,-,-,-,-,-,-,-,-,-,-,-,-,-,-,-,-,-,-,-,-,-,-,-,-,-,-,-,-,-,-,-,-,-,-,-,-,-,-,-,-,-,-,-,-,-,-,-,-,-,-,-,-,-,-,-,-,-,-,-,-,-,-,-,-,-,-,-,-,-,-,-,-,-,-,-,-,-,-,-,-,-,-,-,-,-,-,-,-,-,-,-,-,-,-,-,-,-,-,-,-,-,-,-,-,-,-,-,-,-,-,-,-,-,-,-,-,-,-,-,-,-,-,-,-,-,-,-,-,-,-,-,-,-,-,-,-,-,-,-,-,-,-,-,-,-,-,-,-,-,-,-,-,-,-,-,-,-,-,-,-,-,-,-,-,-,-,-,-,-,-,-,-,-,-,-,-,-,-,-,-,-,-,-,-,-,-,-,-,-,-,-,-,-,-,-,-,-,-,-,-,-,-,-,-,-,-,-,-,-,-,-,-,-,-,-,-,-,-,-,-,-,-,-,-,-,-,-,-,-,-,-,-,-,-,-,-,-,-,-,-,-,-,-,-,-,-,-,-,-,-,-,-,-,-,-,-,-,-,-,-,-,-,-,-,T,C,P,A,P,A,A,T,C,T,C,S,S,E,T,P,G,P,P,G,P,Q,G,P,P,G,L,P,G,R,N,G,A,P,G,E,Q,G,F,P,G,P,R,-,-,-,-,-,-,-,-,-,-,-,-,-,-,-,-,-,-,-,-,-,-,-,-,-,-,-,-,-,-,-,-,G,P,P,G,V,K,G,E,K,G,D,H,G,L,S,G,S,Q,G,P,P,G,H,Q,G,T,P,G,R,V,G,L,Q,G,P,G,M,R,G,L,E,G,T,A,G,L,P,G,P,P,G,P,A,Q,G,M,A,G,A,R,G,A,G,G,E,R,G,S,P,G,A,V,G,P,G,L,P,G,P,K,G,E,R,G,E,K,H,M,L,K,F,D,S,F,R,G,N,S,R,P,P,M,P,M,L,E,K,A,G,R,P,G,A,P,-,-,G,P,P,-,-,-,-,-,-,-,-,-,-,-,-,-,-,-,-
Balaenoptera_acutorostrata_scammoni,G,L,W,L,W,L,G,V,T,L,G,L,G,Q,A,G,G,R,L,R,L,E,E,L,P,E,D,R,L,Q,M,K,W,R,E,S,E,G,S,S,L,G,Y,L,V,Q,V,K,P,R,A,G,D,L,E,Q,E,V,M,L,S,T,K,T,P,E,A,T,V,G,G,L,S,P,S,K,G,Y,T,L,Q,I,F,A,L,T,G,S,G,N,V,L,L,A,R,R,E,F,V,I,K,D,L,K,S,N,S,V,N,R,S,S,R,R,P,P,G,A,-,A,P,E,P,T,P,S,R,V,G,S,P,G,L,-,-,-,-,E,P,P,V,A,S,A,P,S,Q,D,L,P,T,R,A,G,P,Q,F,R,C,T,S,P,T,P,V,D,M,I,F,L,V,D,G,S,W,S,I,G,H,S,H,F,Q,Q,V,K,D,F,L,A,S,I,I,E,P,F,E,I,G,P,D,R,V,Q,V,G,L,T,Q,Y,S,G,D,P,Q,T,E,W,D,L,N,A,F,G,T,K,E,E,V,L,A,A,V,R,G,L,R,Y,R,G,G,N,T,F,T,G,L,A,L,T,H,V,L,E,Q,N,L,K,P,V,A,G,L,R,P,E,A,A,K,L,V,I,L,V,T,D,G,K,S,Q,D,D,A,G,T,A,G,R,M,L,K,G,L,G,V,D,V,F,A,V,G,V,K,N,A,D,D,A,E,L,R,L,L,A,S,P,P,L,D,V,T,V,P,S,V,Q,D,F,P,R,L,-,-,-,-,-,-,-,-,-,-,-,-,-,-,-,-,-,-,-,-,-,-,-,-,-,-,-,-,-,-,-,-,-,-,-,-,-,-,-,-,-,-,-,-,-,-,-,-,-,-,-,-,-,-,-,-,-,-,-,-,-,-,-,-,-,-,-,-,-,-,-,-,-,-,-,-,V,A,V,A,A,P,T,S,S,A,E,L,H,N,L,T,S,S,T,E,Y,L,V,S,V,F,P,V,H,K,A,G,V,G,E,G,L,R,G,L,V,T,T,A,P,L,P,P,P,Q,A,L,T,L,A,A,V,T,P,R,T,I,R,L,T,W,Q,P,S,A,G,A,T,R,Y,L,V,Q,C,S,P,T,S,P,E,G,K,E,E,G,R,E,V,R,V,G,Q,P,E,V,L,L,D,G,L,A,P,G,R,D,Y,E,V,W,V,R,S,L,R,G,A,E,T,S,E,A,Q,S,I,H,A,R,T,S,A,L,G,P,P,R,H,L,S,F,S,D,V,S,H,D,S,A,R,V,S,W,E,G,T,A,R,P,V,R,L,F,R,V,S,Y,V,S,S,K,S,G,H,S,G,Q,M,E,A,P,G,N,A,T,S,A,T,L,G,P,L,S,S,S,T,T,Y,T,V,R,V,T,C,L,Y,P,G,G,S,S,S,T,L,T,G,R,L,T,T,R,K,V,P,S,P,S,Q,L,S,V,T,E,L,P,G,D,E,V,R,L,E,W,V,A,A,V,A,S,G,V,L,V,Y,Q,I,T,W,T,P,L,G,E,G,K,A,H,K,I,S,V,P,G,N,L,G,T,A,V,L,P,G,V,G,R,H,S,E,Y,E,I,T,I,L,A,Y,Y,R,D,G,A,R,S,D,P,V,S,L,R,Y,T,P,-,-,-,-,R,S,P,P,S,N,L,A,L,A,S,E,S,P,N,S,L,Q,V,S,W,T,P,P,S,G,H,V,L,H,Y,Q,L,S,Y,A,L,A,S,G,L,G,P,E,K,S,I,S,I,P,G,P,R,S,H,V,T,L,P,D,L,L,A,A,T,K,Y,R,V,L,V,S,A,V,Y,G,A,G,K,S,V,A,V,S,A,T,G,R,T,-,A,C,P,A,L,H,P,D,G,S,L,P,G,F,D,L,M,A,A,F,G,L,V,E,K,E,Y,A,S,I,R,G,V,A,M,E,P,S,A,F,G,P,T,R,T,F,T,L,F,K,D,A,Q,L,T,R,R,A,D,V,H,P,A,S,E,H,T,V,V,F,L,L,R,L,L,P,E,T,P,R,E,A,F,A,L,W,Q,V,V,A,E,D,F,Q,P,V,L,G,V,L,L,D,A,S,R,K,S,L,T,Y,F,N,R,D,P,R,A,T,L,Q,E,V,T,F,D,L,P,E,V,R,R,I,F,F,G,S,F,H,K,V,H,V,A,V,G,H,S,K,V,R,L,Y,V,D,C,R,K,V,A,E,K,P,T,G,E,A,G,S,L,P,T,T,G,F,V,T,L,G,R,L,A,K,A,R,G,P,R,S,S,S,A,S,F,Q,L,Q,M,L,Q,I,V,C,S,D,S,W,A,E,E,D,R,C,C,E,L,P,A,L,K,D,G,E,T,C,P,A,F,P,S,A,C,A,C,S,S,Q,T,P,G,P,P,G,P,Q,G,P,P,G,H,P,G,R,D,G,V,P,G,E,Q,G,F,P,G,P,R,G,E,P,-,-,-,-,-,-,-,-,-,-,-,-,-,-,-,-,-,-,-,-,-,-,-,-,-,-,-,-,-,G,P,P,G,Q,M,G,P,E,G,Q,Q,G,S,P,G,T,Q,G,H,P,G,L,Q,G,T,P,G,K,V,G,V,Q,G,P,G,M,R,G,L,E,G,T,A,G,L,P,G,P,P,G,P,F,Q,G,T,A,G,A,R,G,S,S,G,E,G,G,A,P,G,A,V,G,P,G,L,P,G,P,K,G,E,R,G,E,K,H,V,L,K,L,H,A,C,H,E,S,T,R,P,P,M,P,I,L,E,A,P,R,A,F,-,-,-,-,-,-,-,-,G,T,R,S,E,A,R,L,G,G,H,G,G,P,R,P
Balaenoptera_musculus,G,L,W,L,W,L,G,V,T,L,G,L,G,Q,A,G,G,R,L,R,L,A,V,L,P,E,D,R,L,Q,M,K,W,R,E,S,E,G,S,S,L,G,Y,L,V,Q,V,K,P,R,A,G,D,L,E,Q,E,V,M,L,S,T,K,T,P,E,A,T,V,G,G,L,S,P,S,K,G,Y,T,L,Q,I,F,A,L,T,G,S,G,N,V,L,L,A,R,R,E,F,V,I,K,D,L,K,S,N,S,V,N,R,S,S,R,R,P,P,G,A,-,A,L,E,P,T,P,S,R,V,G,S,P,G,L,-,-,-,-,E,P,P,V,A,S,A,P,S,Q,D,L,P,T,R,A,G,P,Q,F,R,C,T,S,P,T,P,V,D,M,I,F,L,V,D,G,S,W,S,I,G,H,S,H,F,Q,Q,V,K,D,F,L,A,S,I,I,E,P,F,E,I,G,P,D,K,V,Q,V,G,L,T,Q,Y,S,G,D,P,Q,T,E,W,D,L,N,A,F,G,T,K,E,E,V,L,A,A,V,R,G,L,R,Y,R,G,G,N,T,F,T,G,L,A,L,T,H,V,L,E,Q,N,L,K,P,V,A,G,L,R,P,E,A,A,K,L,V,I,L,V,T,D,G,K,S,Q,D,D,A,R,T,A,G,R,M,L,K,G,L,G,V,D,V,F,A,V,G,V,K,N,A,D,G,A,E,L,R,L,L,A,S,P,P,L,D,I,T,V,H,S,V,Q,D,F,P,R,L,G,P,L,A,G,L,L,S,R,L,V,C,Q,K,V,Q,G,G,R,L,R,G,A,A,A,A,P,A,L,D,P,L,S,A,P,T,G,L,V,L,S,R,V,T,S,S,S,I,H,L,S,W,T,P,A,P,R,P,P,L,K,Y,L,I,V,L,Q,P,S,K,G,G,A,P,R,E,V,A,V,E,A,P,T,S,S,A,E,L,H,N,L,T,S,S,T,E,Y,L,V,S,V,F,P,V,H,K,A,G,V,G,E,G,L,Q,G,L,V,T,T,A,P,L,P,P,P,Q,A,L,T,L,A,A,V,T,P,R,T,I,R,L,T,W,Q,P,S,A,G,A,T,R,Y,L,V,Q,C,S,P,T,S,P,K,G,Q,E,E,G,R,E,V,R,V,G,Q,P,E,V,L,L,D,G,L,A,P,G,R,D,Y,E,V,W,V,R,S,L,R,G,A,E,T,S,E,A,R,S,I,R,A,R,T,S,A,P,A,P,P,R,H,L,S,F,S,D,V,S,H,D,S,A,R,V,S,W,E,G,T,A,R,P,V,R,L,F,R,V,S,Y,V,S,S,K,S,G,H,S,G,Q,T,E,A,P,G,N,A,T,S,A,T,L,G,P,L,S,S,S,T,T,Y,T,V,R,V,T,C,L,Y,P,G,G,S,S,S,T,L,T,G,R,L,T,T,R,K,V,P,S,P,S,Q,L,S,V,T,E,L,P,G,D,E,V,Q,L,E,W,V,A,A,V,A,S,G,V,L,V,Y,Q,I,T,W,T,P,L,G,E,G,K,A,H,K,I,S,V,P,G,N,L,G,T,A,I,L,S,G,L,G,R,H,S,E,Y,V,I,T,I,L,A,Y,Y,R,D,G,A,R,S,D,P,V,S,L,R,Y,T,P,-,-,L,S,W,S,P,P,S,N,L,V,L,A,S,E,S,P,D,S,L,R,V,S,W,T,P,P,S,G,H,V,L,H,Y,Q,L,S,Y,A,L,A,S,G,S,G,P,E,K,S,I,S,I,P,G,P,R,S,H,V,T,L,P,D,L,L,A,A,T,K,Y,R,V,L,V,S,A,V,Y,G,A,G,K,S,V,A,V,S,A,T,G,Q,T,-,A,C,P,A,L,H,P,D,G,S,L,P,G,F,D,L,M,A,A,F,G,L,V,E,K,E,Y,A,S,I,R,G,V,A,M,E,P,S,A,F,G,P,T,R,T,F,T,L,F,K,D,A,Q,L,T,R,R,A,D,V,H,L,A,T,E,H,T,V,V,F,L,L,R,L,L,P,E,T,P,R,E,A,F,A,L,W,Q,V,A,A,E,D,F,Q,P,V,L,G,V,L,L,D,A,S,R,K,S,L,T,Y,F,N,R,D,P,R,A,T,L,Q,E,V,T,F,D,L,P,E,V,R,R,I,F,F,G,S,F,H,K,V,H,V,A,V,G,R,S,K,V,R,L,Y,V,D,C,R,K,V,A,E,K,P,T,G,E,A,G,S,L,P,T,T,G,F,V,T,L,G,R,L,A,K,A,R,G,P,R,S,S,S,A,S,F,Q,L,Q,M,L,Q,I,V,C,S,D,S,W,A,E,E,D,R,C,C,E,L,P,A,S,K,D,G,E,T,C,P,A,F,P,S,A,C,A,C,S,S,Q,T,P,G,P,P,G,P,Q,G,P,P,G,H,P,G,R,D,G,V,P,G,E,Q,G,F,P,G,P,R,-,-,-,-,-,-,-,-,-,-,-,-,-,-,-,-,-,-,-,-,-,-,-,-,-,-,-,-,-,-,-,-,G,P,P,G,V,K,G,E,K,G,D,H,G,R,P,G,L,Q,G,H,P,G,L,Q,G,T,P,G,K,V,G,V,Q,G,P,G,M,R,G,L,E,G,T,A,G,L,P,G,P,P,G,P,F,Q,G,T,A,G,A,R,G,S,N,G,E,R,G,P,P,G,A,V,G,P,G,L,P,G,P,K,G,E,R,G,E,K,H,V,L,K,L,H,A,C,R,E,S,T,R,P,P,M,P,I,L,E,A,P,R,A,F,-,-,-,-,-,-,-,-,G,T,R,S,E,A,R,L,G,G,H,G,G,P,R,P
Echinops_telfairi,C,L,G,L,W,L,G,A,A,L,G,S,G,L,A,R,G,-,L,R,L,S,V,L,S,E,D,R,L,Q,M,T,W,R,E,V,E,D,S,G,L,G,Y,L,V,Q,V,K,P,M,A,G,D,S,E,L,A,V,M,L,T,T,K,A,P,K,A,T,V,G,G,L,S,P,S,-,-,-,-,-,-,-,-,-,-,-,-,S,G,R,A,L,L,A,R,R,E,F,M,M,E,D,L,K,S,H,S,V,G,R,S,S,W,R,P,-,G,E,-,A,L,E,P,T,P,H,P,V,E,N,P,D,P,-,-,-,-,-,-,-,-,-,-,-,-,-,-,-,-,-,-,-,-,-,-,-,F,R,C,T,P,P,V,P,T,D,M,V,L,L,V,D,G,S,W,S,I,G,H,S,N,F,Q,L,V,K,D,F,L,A,S,I,V,S,P,F,D,I,S,P,Q,K,V,Q,V,G,L,T,Q,Y,S,G,D,P,Q,T,E,W,D,L,N,S,F,S,T,Q,E,E,V,L,H,A,I,A,H,L,H,Y,R,G,G,N,T,F,T,G,L,A,L,T,H,V,L,E,Q,N,L,Q,P,S,A,G,L,R,V,D,A,A,K,V,V,V,L,V,T,D,G,K,S,Q,D,D,A,R,A,A,A,H,V,L,R,D,L,G,A,D,V,F,A,V,G,V,K,N,A,D,E,A,E,L,R,L,L,A,S,Q,P,L,D,I,T,V,H,N,V,L,D,F,P,Q,L,R,T,L,A,G,L,L,G,R,L,I,C,Q,R,V,Q,G,R,G,L,P,P,A,L,S,A,P,D,L,D,P,L,P,A,P,A,G,L,T,L,T,Q,V,T,S,A,S,V,R,L,S,W,T,P,A,P,R,P,P,L,K,Y,L,I,V,W,R,P,S,K,G,G,A,P,R,E,V,V,V,E,A,P,T,S,S,V,E,L,R,N,L,S,S,S,T,N,Y,L,V,S,V,L,P,V,Y,A,G,G,V,G,E,G,L,R,G,L,A,T,T,L,P,L,L,P,P,H,A,L,A,L,A,T,V,T,P,H,T,I,H,L,T,W,Q,P,V,P,G,V,T,Q,Y,L,V,R,C,L,P,T,P,P,R,G,E,E,E,G,R,E,V,R,V,E,R,P,E,A,L,L,D,G,L,E,P,G,R,D,Y,A,I,S,V,Q,S,L,Q,G,P,E,A,S,E,A,Q,G,I,Q,A,S,T,S,A,L,A,L,P,R,H,L,D,F,E,N,V,T,H,D,S,A,R,V,L,W,G,D,L,H,R,P,A,R,L,C,R,V,T,Y,R,S,R,E,G,G,S,P,G,Q,V,E,A,P,G,N,A,S,S,I,M,L,G,P,L,S,S,S,T,T,Y,T,V,R,V,T,C,V,H,P,G,G,G,F,S,T,L,S,G,R,V,T,T,R,R,V,P,S,P,S,Q,L,V,V,T,E,L,P,G,D,K,V,Q,L,E,W,-,-,A,A,A,S,G,V,L,V,H,Q,I,K,W,T,P,L,G,D,G,Q,A,H,E,V,S,V,P,G,T,R,C,S,A,V,L,P,G,L,G,R,V,V,E,Y,D,I,T,I,L,A,Y,Y,R,D,G,A,R,S,D,P,V,S,L,R,Y,T,P,-,-,L,R,R,S,P,P,T,N,L,A,L,A,S,E,T,P,S,S,L,Q,V,S,W,T,P,P,H,G,H,V,L,H,Y,R,L,T,Y,T,P,A,S,G,S,G,P,E,K,S,L,S,V,P,G,L,R,S,Q,V,T,L,S,D,L,L,A,A,T,K,Y,R,V,L,L,W,A,V,Y,T,A,G,E,S,M,A,A,L,A,T,G,S,T,A,T,C,P,A,L,H,P,D,G,S,L,S,G,F,D,L,M,A,A,F,G,L,V,D,R,E,Y,A,A,L,R,G,V,A,M,E,P,S,A,I,G,G,T,Q,T,F,T,L,F,K,G,A,Q,L,T,R,R,A,D,I,H,R,T,A,E,H,T,V,V,F,L,L,R,L,L,P,E,T,P,R,E,P,F,S,P,W,Q,M,T,T,E,D,L,Q,P,A,V,G,V,L,L,D,A,G,R,K,S,L,T,Y,F,N,H,D,P,R,A,V,L,Q,G,V,T,F,D,L,P,D,V,K,K,I,F,F,G,S,F,H,K,V,H,V,A,V,G,R,S,K,V,R,L,Y,V,D,C,R,K,V,A,E,R,P,L,G,E,V,A,S,P,P,T,T,G,F,V,M,L,G,R,L,A,K,A,R,G,A,R,S,S,S,A,A,F,Q,L,Q,K,L,Q,I,V,C,N,D,S,W,A,E,G,D,R,C,C,D,L,P,A,L,R,G,T,E,S,C,P,T,P,T,S,A,C,I,C,S,S,D,T,P,G,P,P,G,P,Q,G,P,P,G,L,P,G,R,D,G,T,P,G,E,Q,G,F,P,G,P,Q,G,D,P,G,L,P,G,Q,I,G,P,E,G,P,G,S,Q,Q,E,S,P,G,T,Q,S,R,T,V,Q,G,P,V,G,P,P,G,V,K,G,E,K,G,D,H,G,L,T,G,S,Q,G,P,S,G,P,Q,G,H,P,G,R,A,G,L,Q,G,P,G,M,R,G,L,E,G,T,A,G,L,P,G,P,P,G,P,F,Q,G,M,A,G,A,R,G,T,V,G,E,R,G,P,P,G,S,V,G,P,G,L,P,G,P,K,G,E,R,G,E,K,H,V,H,Q,L,D,T,V,R,R,E,P,R,P,P,R,P,I,F,E,-,-,-,-,-,-,-,-,-,-,-,-,-,-,-,-,-,-,-,-,-,-,-,-,-,-,-,-,-
Delphinapterus_leucas,G,L,W,L,W,L,G,V,T,L,G,L,G,Q,A,S,G,R,L,R,L,V,V,L,P,E,D,R,L,Q,M,K,W,R,E,S,E,G,S,S,L,G,Y,L,V,Q,V,K,P,R,A,G,D,L,E,Q,E,V,M,L,T,T,K,T,P,K,A,T,V,G,G,L,S,P,S,K,G,Y,T,L,Q,I,F,E,L,T,G,S,G,N,V,L,L,A,R,R,E,F,V,I,K,D,L,K,S,S,S,A,S,R,S,S,R,R,P,L,G,A,-,A,L,Q,P,S,P,S,H,E,G,S,P,D,L,-,-,-,-,D,P,P,V,A,L,A,P,S,Q,D,L,P,T,P,A,G,P,Q,F,R,C,T,S,P,T,P,V,D,M,I,F,L,V,D,G,S,W,S,I,G,-,S,H,F,Q,Q,V,K,D,F,L,A,S,I,I,E,P,F,E,I,G,P,D,K,V,Q,V,G,L,T,Q,Y,S,G,D,P,Q,T,E,W,D,L,N,A,F,G,T,K,E,E,V,L,A,A,V,R,G,L,Q,Y,R,G,G,N,T,F,T,G,L,A,L,T,H,V,L,E,Q,N,L,K,P,V,A,G,L,R,P,E,A,A,K,L,V,I,L,V,T,D,G,K,S,Q,D,D,A,C,T,A,G,H,M,L,K,D,L,G,V,D,A,F,A,V,G,V,T,D,A,N,D,A,E,L,R,L,L,A,S,Q,R,P,D,I,T,V,H,S,V,Q,D,F,P,-,L,G,S,L,A,G,L,L,S,R,L,V,C,Q,K,V,Q,G,R,R,L,R,S,A,A,A,A,P,A,L,D,P,P,S,A,P,T,G,L,V,L,T,Q,V,T,S,S,S,I,H,L,S,W,T,P,A,P,R,P,P,L,K,Y,L,I,V,L,R,P,S,K,G,G,A,P,R,E,V,V,L,E,A,P,A,S,S,A,E,L,R,N,L,T,S,S,T,E,Y,L,V,S,V,L,P,V,Y,K,A,G,V,G,E,G,L,Q,G,P,V,T,T,V,P,L,P,P,P,Q,A,L,T,L,A,A,V,M,P,R,A,I,H,L,T,W,Q,P,S,A,G,A,T,Q,Y,L,V,Q,C,S,P,T,S,P,K,G,K,E,E,G,R,E,V,R,V,G,Q,P,E,A,L,L,D,G,L,A,P,G,R,D,Y,E,V,W,V,R,S,L,R,G,A,E,T,S,E,A,Q,S,T,R,A,R,T,P,A,L,A,P,P,R,H,L,S,F,S,D,V,S,H,D,S,A,R,V,S,W,E,G,T,A,R,P,V,R,L,F,R,V,S,Y,V,S,S,K,G,G,H,S,G,Q,T,E,A,P,G,S,A,T,S,V,T,L,G,P,L,S,S,S,T,V,Y,T,V,R,V,T,C,L,Y,P,G,G,S,S,S,T,L,T,G,R,L,T,T,R,K,V,P,S,P,S,Q,L,S,V,I,E,L,P,G,D,E,V,Q,L,E,W,A,A,A,A,A,S,G,V,L,V,Y,Q,I,T,W,T,P,L,G,E,G,K,A,H,K,I,S,V,P,G,N,L,G,T,A,V,L,P,G,L,G,R,H,S,E,Y,K,I,I,I,L,A,Y,Y,R,D,G,A,R,S,-,A,V,S,W,-,-,-,-,-,-,-,-,-,S,P,P,S,N,L,A,L,A,S,E,S,P,D,S,L,R,V,S,W,T,P,P,S,G,R,V,L,H,Y,Q,L,S,Y,A,L,A,S,G,S,G,P,E,K,S,I,S,I,P,G,P,R,S,H,V,T,L,P,E,L,L,A,A,T,K,Y,R,V,L,V,S,A,V,Y,G,A,G,K,S,V,A,V,S,A,T,G,R,T,-,A,C,P,A,L,H,P,D,G,S,L,P,G,F,D,L,M,A,A,F,G,L,V,E,K,E,Y,A,S,I,R,G,M,A,M,E,P,S,A,F,G,P,I,R,T,F,T,L,F,K,D,A,Q,L,T,R,R,A,D,I,H,L,A,T,E,H,T,V,V,F,L,L,R,L,L,P,E,T,P,R,E,V,F,A,L,W,Q,V,A,A,E,D,F,R,P,V,L,G,V,L,L,D,A,S,R,K,S,L,T,Y,F,R,S,D,P,S,A,T,L,Q,E,A,T,F,D,L,P,D,V,R,R,I,F,F,G,S,F,H,K,V,H,I,A,V,G,R,S,K,V,R,L,Y,V,D,C,R,K,V,A,E,K,P,T,G,E,A,G,S,L,P,T,T,D,F,V,T,L,G,R,L,A,K,A,R,G,P,R,S,S,S,A,S,F,Q,L,Q,M,L,Q,I,V,C,S,D,S,W,A,E,E,D,R,C,C,E,L,P,A,S,K,D,G,E,T,C,P,A,F,P,S,A,C,A,C,S,S,Q,T,P,G,P,P,G,P,Q,G,P,P,G,H,P,G,R,D,G,A,P,G,E,Q,G,F,P,A,P,R,G,G,P,G,P,P,G,Q,M,G,P,E,G,P,G,G,Q,Q,G,S,P,G,T,Q,G,Q,T,I,Q,G,P,V,G,P,P,G,V,K,G,E,K,G,D,H,G,R,P,G,L,Q,G,H,P,G,L,Q,G,T,P,G,K,V,G,V,Q,G,P,G,M,R,G,L,E,G,T,A,G,L,L,G,P,P,G,P,F,Q,G,T,A,G,A,R,G,S,S,G,E,R,G,P,P,G,A,V,G,P,G,L,P,G,P,K,G,E,R,G,E,K,Y,L,L,K,L,H,A,C,H,E,S,T,R,P,P,M,P,I,L,E,A,P,R,A,F,-,-,-,-,-,-,-,-,G,T,R,R,E,A,R,L,G,G,H,G,G,P,R,P
Globicephala_melas,G,L,W,L,W,L,G,V,T,L,G,L,G,Q,A,S,S,R,L,R,L,A,V,L,P,E,D,R,L,Q,M,K,W,R,E,S,E,G,S,S,L,G,Y,L,V,Q,V,K,P,R,A,G,D,L,E,Q,E,V,M,L,T,T,K,T,P,K,A,T,V,G,G,L,S,P,S,K,G,Y,T,L,Q,I,F,E,L,T,G,S,G,N,V,L,L,A,R,R,E,F,V,I,K,D,L,K,S,S,S,A,S,R,S,S,R,R,P,L,G,A,-,A,L,Q,P,R,P,S,H,E,G,S,P,D,L,-,-,-,-,E,P,P,V,A,L,A,P,S,Q,D,L,P,T,P,A,G,P,Q,F,R,C,T,S,P,T,P,V,D,M,I,F,L,V,D,G,S,W,S,I,G,H,S,H,F,Q,Q,V,K,D,F,L,A,S,I,I,E,P,F,E,I,G,P,D,K,V,Q,V,G,L,T,Q,Y,S,G,D,P,Q,T,E,W,D,L,N,A,F,D,T,K,E,E,V,L,A,A,V,R,G,L,Q,Y,R,G,G,N,T,F,T,G,L,A,L,T,H,V,L,E,Q,N,L,K,P,V,A,G,L,R,P,E,A,A,K,L,V,I,L,V,T,D,G,K,S,Q,D,D,A,R,T,A,G,H,M,L,K,G,L,G,V,D,V,F,A,V,G,V,K,N,A,D,D,A,E,L,R,L,L,A,S,Q,P,L,D,V,T,V,H,S,V,Q,D,F,P,Q,L,G,S,L,A,G,L,L,S,R,L,V,C,Q,K,V,Q,G,R,R,P,R,S,A,A,A,A,P,A,L,D,P,L,S,A,P,T,G,L,V,L,T,R,V,T,S,S,S,I,H,L,S,W,T,P,A,P,R,P,P,L,K,Y,L,I,V,L,R,P,S,K,G,G,A,P,R,E,V,V,V,E,A,P,A,S,S,A,E,L,H,N,L,T,S,S,T,E,Y,L,V,S,V,L,P,I,Y,K,A,G,V,G,E,G,L,Q,G,P,V,T,T,A,P,L,P,P,P,Q,A,L,T,L,A,A,V,M,P,R,A,I,H,L,S,W,Q,P,S,A,G,A,T,Q,Y,L,V,Q,C,S,P,T,S,P,K,G,K,E,E,G,R,E,V,R,V,G,Q,P,E,A,L,L,D,G,L,A,P,G,R,D,Y,E,V,W,V,R,S,L,R,G,A,E,T,S,E,A,Q,S,I,R,A,R,T,P,A,L,A,P,P,R,H,L,S,F,S,D,V,S,H,D,S,A,R,V,S,W,E,G,T,V,R,P,V,H,L,F,R,V,S,Y,V,S,S,K,G,G,H,S,G,Q,T,E,A,P,G,S,A,T,S,V,T,L,G,P,L,S,S,S,T,A,Y,T,V,R,V,T,C,L,Y,P,G,G,S,S,S,T,L,T,G,H,L,T,T,R,K,V,P,S,P,S,Q,L,S,V,T,E,L,P,G,D,K,V,Q,L,E,W,A,A,A,A,A,S,G,V,L,V,Y,Q,I,T,W,T,P,L,G,E,G,K,A,H,K,I,S,V,P,G,N,L,G,T,A,V,L,P,G,L,G,R,H,S,E,Y,E,I,T,I,L,A,Y,Y,R,D,G,A,R,S,D,P,V,S,L,R,Y,T,P,-,-,-,-,R,S,P,P,S,N,L,A,L,A,S,E,S,P,D,S,L,R,V,S,W,T,P,P,S,G,R,V,L,H,Y,Q,L,S,Y,A,L,A,S,G,S,G,P,E,K,S,I,S,V,P,G,P,R,S,H,V,T,L,P,D,L,L,V,A,T,K,Y,R,V,L,V,S,A,V,Y,G,A,G,K,S,V,A,V,S,A,T,G,Q,T,-,A,C,P,A,L,H,P,D,G,S,L,P,G,F,D,L,M,A,A,F,G,L,V,E,K,E,Y,A,S,M,R,G,V,A,M,E,P,S,A,F,G,P,I,R,T,F,T,L,L,K,D,A,Q,L,T,R,R,A,D,I,H,L,A,T,E,H,T,V,V,F,L,L,R,L,L,P,E,T,P,R,E,V,F,A,L,W,Q,V,A,A,E,D,F,R,P,V,L,G,V,L,L,D,A,S,R,K,S,L,T,Y,F,S,R,D,P,S,A,T,L,Q,E,A,T,F,D,L,P,E,V,R,R,I,F,F,G,S,F,H,K,V,H,I,A,V,G,R,S,K,V,R,L,Y,V,D,C,R,K,V,A,E,K,P,T,G,E,A,G,S,L,P,T,T,G,F,V,T,L,G,R,L,A,K,A,R,G,P,R,S,S,S,A,S,F,Q,L,Q,M,L,Q,I,V,C,S,D,S,W,A,E,E,D,R,C,C,E,L,P,A,S,K,D,G,E,T,C,P,A,F,P,S,A,C,A,C,S,S,Q,T,P,G,P,P,G,P,Q,G,P,P,G,H,P,G,R,D,G,A,P,G,E,Q,G,F,P,G,P,R,-,-,-,-,-,-,-,-,-,-,-,-,-,-,-,-,-,-,-,-,-,-,-,-,-,-,-,-,-,-,-,-,G,P,P,G,V,K,G,E,K,G,D,H,G,R,P,G,L,Q,G,H,P,G,L,Q,G,T,P,G,K,V,G,V,Q,G,P,G,M,R,G,L,E,G,T,A,G,L,P,G,P,P,G,P,F,Q,G,T,A,G,A,R,G,S,I,G,E,R,G,P,P,G,P,V,G,P,G,L,P,G,P,K,G,E,R,G,E,K,H,L,L,K,L,H,A,C,H,E,S,T,R,P,P,M,P,I,L,E,A,P,R,A,F,-,-,-,-,-,-,-,-,G,T,H,R,E,A,R,L,G,G,H,G,G,P,R,P
Lagenorhynchus_obliquidens,G,L,W,L,W,L,G,V,T,L,G,L,G,Q,A,S,G,R,L,R,L,A,V,L,P,E,D,R,L,Q,M,K,W,R,E,S,E,G,S,S,L,G,Y,L,V,Q,V,K,P,R,A,G,D,L,E,Q,E,V,M,L,T,T,K,T,P,K,A,T,V,G,G,L,S,P,S,K,G,Y,T,L,Q,I,F,E,L,T,G,S,G,N,V,L,L,A,R,R,E,F,V,I,K,D,L,K,S,S,S,A,S,R,S,S,R,R,P,L,G,A,-,A,L,Q,P,S,P,S,H,E,G,S,P,D,L,-,-,-,-,E,P,P,V,A,L,A,P,S,R,D,L,P,T,P,A,G,P,Q,F,R,C,T,S,P,T,P,V,D,M,I,F,L,V,D,G,S,W,S,I,G,H,S,H,F,Q,Q,V,K,D,F,L,A,S,I,I,E,P,F,E,I,G,P,D,K,V,Q,V,G,L,T,Q,Y,S,G,D,P,Q,T,E,W,D,L,N,A,F,H,T,K,E,E,V,L,A,A,V,R,G,L,Q,Y,R,G,G,N,T,F,T,G,L,A,L,T,H,V,L,E,Q,N,L,K,P,V,A,G,L,R,P,E,A,A,K,L,V,I,L,V,T,D,G,K,S,Q,D,D,A,R,T,A,G,H,M,L,K,G,L,G,V,D,V,F,A,V,G,V,K,N,A,D,D,A,E,L,R,L,L,A,S,Q,P,L,D,V,T,V,H,S,V,Q,D,F,P,Q,L,G,S,L,A,G,L,L,S,R,L,V,C,Q,K,V,Q,G,R,R,P,R,S,A,A,A,A,P,A,L,D,P,L,S,A,P,T,G,L,V,L,T,R,V,T,S,S,S,I,H,L,S,W,T,P,A,P,R,P,P,L,K,Y,L,I,V,L,R,P,S,K,G,G,A,P,R,E,V,V,V,E,A,P,A,S,S,A,E,L,H,N,L,T,S,S,T,E,Y,L,V,S,V,L,P,V,Y,K,A,G,V,G,E,G,L,Q,G,P,V,T,T,A,P,L,P,P,P,Q,A,L,T,L,A,A,V,M,P,R,A,I,H,L,T,W,Q,P,S,A,G,A,T,R,Y,L,V,Q,C,S,P,T,S,P,E,G,K,E,E,G,R,E,V,R,V,G,Q,P,E,A,L,L,D,G,L,A,P,G,R,D,Y,E,V,W,V,R,S,L,R,G,A,E,T,S,E,A,Q,S,I,R,A,R,T,P,A,L,A,P,P,R,H,L,S,F,S,D,V,S,H,D,S,A,R,V,S,W,E,G,T,A,R,P,V,H,L,F,R,V,S,Y,V,S,S,K,G,G,H,S,G,Q,T,E,A,P,G,S,A,T,S,V,T,L,G,P,L,L,S,S,T,A,Y,T,V,R,V,T,C,L,Y,P,G,G,S,S,S,T,L,T,G,R,L,T,T,R,K,V,P,S,P,S,Q,L,S,V,T,E,L,P,G,D,E,V,Q,L,E,W,A,A,T,A,A,S,S,V,L,V,Y,Q,I,T,W,T,P,L,G,E,G,K,A,H,K,I,S,V,P,G,N,L,G,T,A,V,L,P,G,L,G,R,H,S,E,Y,E,I,T,I,L,A,Y,Y,R,D,G,A,R,S,D,P,V,S,L,R,Y,T,P,-,-,-,-,R,S,P,P,S,N,L,A,L,A,S,E,S,P,D,S,L,R,V,S,W,T,P,P,S,G,R,V,L,H,Y,Q,L,S,Y,A,L,A,S,G,S,G,P,E,K,S,I,S,V,P,G,P,R,S,H,V,T,L,P,D,L,L,A,A,T,K,Y,R,V,L,V,S,A,V,Y,G,A,G,K,S,V,A,V,S,A,T,G,Q,T,-,A,C,P,A,L,H,P,D,G,S,L,P,G,F,D,L,M,A,A,F,G,L,V,E,K,E,Y,A,S,M,R,G,V,A,M,E,P,S,A,F,G,P,I,R,T,F,T,L,L,K,D,A,Q,L,T,R,R,A,D,I,H,L,A,T,E,H,T,V,V,F,L,L,R,L,L,P,E,T,P,R,E,V,F,A,L,W,Q,V,A,A,E,D,F,R,P,V,L,G,V,L,L,D,A,S,R,K,S,L,T,Y,F,S,R,D,P,S,A,T,L,Q,E,A,T,F,D,L,P,E,V,R,R,I,F,F,G,S,F,H,K,V,H,I,A,V,G,R,S,K,V,R,L,Y,V,D,C,R,K,V,A,E,K,P,T,G,E,A,G,S,L,P,T,T,G,F,V,T,L,G,R,L,A,K,A,R,G,P,R,S,S,S,A,S,F,Q,L,Q,M,L,Q,I,V,C,S,D,S,W,A,E,E,D,R,C,C,E,L,P,A,S,K,D,G,E,T,C,P,A,F,P,S,A,C,A,C,S,S,Q,T,P,G,P,P,G,P,Q,G,P,P,G,H,P,G,R,D,G,A,P,G,E,Q,G,F,P,G,P,R,-,-,-,-,-,-,-,-,-,-,-,-,-,-,-,-,-,-,-,-,-,-,-,-,-,-,-,-,-,-,-,-,G,P,P,G,V,K,G,E,K,G,D,H,G,R,P,G,L,Q,G,H,P,G,L,Q,G,T,P,G,K,V,G,V,Q,G,P,G,M,R,G,L,E,G,T,A,G,L,P,G,P,P,G,P,F,Q,G,T,A,G,A,R,G,S,I,G,E,R,G,P,P,G,P,V,G,P,G,L,P,G,P,K,G,E,R,G,E,K,H,L,L,K,L,H,A,C,H,E,S,T,R,P,P,M,P,I,L,E,A,P,R,A,F,-,-,-,-,-,-,-,-,G,T,H,R,E,A,R,L,G,G,H,G,G,P,R,P
Lipotes_vexillifer,-,-,-,-,-,-,-,-,-,-,-,-,-,-,-,-,-,-,-,-,-,-,-,-,-,-,-,-,-,-,-,-,-,-,-,-,-,-,-,-,-,-,-,-,-,-,-,-,-,-,-,-,-,-,-,-,-,-,-,-,-,-,-,-,-,-,-,-,-,-,-,-,-,-,-,-,-,-,-,-,-,-,-,-,-,-,-,-,-,-,-,-,-,-,-,-,-,-,-,-,-,-,-,-,-,-,-,-,-,-,-,-,-,-,-,-,-,-,-,-,-,-,-,-,-,-,-,-,-,-,-,-,-,-,-,-,-,-,-,-,-,-,-,-,-,-,-,-,-,-,-,-,-,-,-,-,-,-,-,-,-,-,-,-,-,-,-,-,-,-,-,-,-,-,-,-,-,-,-,-,-,-,-,-,-,-,-,-,-,-,-,-,-,-,-,-,-,-,-,-,-,-,-,-,-,-,-,-,-,-,-,-,-,-,-,-,-,-,-,-,-,-,-,-,-,-,-,-,-,-,-,-,-,-,-,-,-,-,-,-,-,-,-,-,-,-,-,-,-,-,-,-,-,-,-,-,-,-,-,-,-,-,-,-,-,-,-,-,-,-,-,-,-,-,-,-,-,-,-,-,-,-,-,-,-,-,-,-,-,-,-,-,-,-,-,-,-,-,-,-,-,-,-,-,-,-,-,-,-,-,-,-,-,-,-,-,-,-,-,-,-,-,-,-,-,-,-,-,-,-,-,-,-,-,-,-,-,-,-,-,-,-,-,-,-,-,-,-,-,-,-,-,-,-,-,-,-,-,-,-,-,-,-,-,-,-,-,-,-,-,-,-,-,-,-,-,-,-,-,-,-,-,-,-,-,-,-,-,-,-,-,-,-,-,-,-,-,-,-,-,-,-,-,-,-,-,-,-,-,-,-,-,-,-,-,-,-,-,-,-,-,-,-,-,-,-,-,-,-,-,-,-,-,-,-,-,-,-,-,-,-,-,-,-,-,-,-,-,-,-,-,-,-,-,-,-,-,-,-,-,-,-,-,-,-,-,-,-,-,-,-,-,-,-,-,-,-,-,-,-,-,-,-,-,-,-,-,-,-,-,-,-,-,-,-,-,-,-,-,-,-,-,-,-,-,-,-,-,-,-,-,-,-,-,-,-,-,-,-,-,-,-,-,-,-,-,-,-,-,-,-,-,-,-,-,-,-,-,-,-,-,-,-,-,-,-,-,-,-,-,-,-,-,-,-,-,-,-,-,-,-,-,-,-,-,-,-,-,-,-,-,-,-,-,-,-,-,-,-,-,-,-,-,-,-,-,-,-,-,-,-,-,-,-,-,-,-,-,-,-,-,-,-,-,-,-,-,-,-,-,-,-,-,-,-,-,-,-,-,-,-,-,-,-,-,-,-,-,-,-,-,-,-,-,-,-,-,-,-,-,-,-,-,-,-,-,-,-,-,-,-,-,-,-,-,-,-,-,-,-,-,-,-,-,-,-,-,-,-,-,-,-,-,-,-,-,-,-,-,-,-,-,-,-,-,-,-,-,-,-,-,-,-,-,-,-,-,-,-,-,-,-,-,-,-,-,-,-,-,-,-,-,-,-,-,-,-,-,-,-,-,-,-,-,-,-,-,-,-,-,-,-,-,-,-,-,-,-,-,-,-,-,-,-,-,-,-,-,-,-,-,-,-,-,-,-,-,-,-,-,-,-,-,-,-,-,-,-,-,-,-,-,-,-,-,-,-,-,-,-,-,-,-,-,-,-,-,-,-,-,-,-,-,-,-,-,-,-,-,-,-,-,-,-,-,-,-,-,-,-,-,-,-,-,-,-,-,-,-,-,-,-,-,-,-,-,-,-,-,-,-,-,-,-,-,-,-,-,-,-,-,-,-,-,-,-,-,-,-,-,-,-,-,-,-,-,-,-,-,-,-,-,-,-,-,-,-,-,-,-,-,-,-,-,-,-,-,-,-,-,-,-,-,-,-,-,-,-,-,-,-,-,-,-,-,-,-,-,-,-,-,-,-,-,-,-,-,-,-,-,-,-,-,-,-,-,-,-,-,-,-,-,-,-,-,-,-,-,-,-,-,-,-,-,-,-,-,-,-,-,-,-,-,-,-,-,-,-,-,-,-,-,-,-,-,-,-,-,-,-,-,-,-,-,-,-,-,-,-,-,-,-,-,-,-,-,-,-,-,-,-,-,-,-,-,-,-,-,-,-,-,-,-,-,-,-,-,-,-,-,-,-,-,-,-,-,-,-,-,-,-,-,-,-,-,-,-,-,-,-,-,-,-,-,-,-,-,-,-,-,-,-,-,-,-,-,-,-,-,-,-,-,-,-,-,-,-,-,-,-,-,-,-,-,-,-,-,-,-,-,-,-,-,-,-,-,-,-,-,-,-,-,-,-,-,-,-,-,-,-,-,-,-,-,-,-,-,-,-,-,-,-,-,-,-,-,-,-,-,-,-,-,-,-,-,-,-,-,-,-,-,-,-,-,-,-,-,-,-,-,-,-,-,-,-,-,-,-,-,-,-,-,-,-,-,-,-,-,-,-,-,-,-,-,-,-,-,-,-,-,-,-,-,-,-,-,-,-,-,-,-,-,-,-,-,-,-,-,-,-,-,-,-,-,-,-,-,-,-,-,-,-,-,-,-,-,-,-,-,-,-,-,-,-,-,-,-,-,-,-,-,-,-,-,-,-,-,-,-,-,-,-,-,-,-,-,-,-,-,-,-,-,-,-,-,-,-,-,-,-,-,-,-,-,-,-,-,-,-,-,-,-,-,-,-,-,-,-
Monodon_monoceros,G,L,W,L,W,L,G,V,T,L,G,L,G,Q,A,S,G,R,L,R,L,V,V,L,P,E,D,R,L,Q,M,K,W,R,E,S,E,G,S,S,L,G,Y,L,V,Q,V,K,P,R,A,G,D,L,E,Q,E,V,M,L,T,T,K,T,P,K,A,T,V,G,G,L,S,P,S,K,G,Y,T,L,Q,I,F,E,L,T,G,S,G,N,V,L,L,A,R,R,E,F,V,I,K,D,L,K,S,S,S,A,S,R,S,S,R,R,P,L,G,A,-,A,L,Q,P,S,P,S,H,E,G,S,P,D,L,-,-,-,-,D,P,P,V,A,L,A,P,S,Q,D,L,P,T,P,A,G,P,Q,F,R,C,T,S,P,T,P,V,V,M,I,F,L,V,A,G,S,W,S,I,G,H,S,H,F,Q,Q,V,K,D,F,L,A,S,I,I,E,P,F,E,I,G,P,D,K,V,Q,V,G,L,T,Q,Y,S,G,D,P,Q,T,E,W,D,L,N,A,F,G,T,K,E,E,V,L,A,A,V,R,G,L,Q,Y,R,G,G,N,T,F,T,G,L,A,L,T,H,V,L,E,Q,N,L,K,P,V,A,G,L,R,P,E,A,A,K,L,V,I,L,V,T,D,G,K,S,Q,D,D,A,C,T,A,G,H,M,L,K,D,L,G,V,D,V,F,A,V,G,V,T,D,A,N,D,A,E,L,R,L,L,A,S,Q,P,P,D,I,T,V,H,S,V,Q,D,F,P,-,L,G,S,L,A,G,Q,L,S,R,L,V,C,Q,K,V,Q,G,R,R,L,R,S,A,A,A,A,P,A,L,D,P,P,S,A,P,T,G,L,V,L,T,Q,V,T,S,S,S,I,H,L,S,W,T,P,A,P,R,P,P,L,K,Y,L,I,V,L,R,P,S,K,G,G,A,P,R,E,V,V,V,E,A,P,A,S,S,A,E,L,H,N,L,T,S,S,T,E,Y,L,V,S,V,L,P,V,Y,K,A,G,V,G,E,G,L,Q,G,P,V,T,T,V,P,L,P,P,P,Q,A,L,T,L,A,A,V,M,P,R,A,I,H,L,T,W,Q,P,S,A,G,A,T,Q,Y,L,V,Q,C,S,P,T,S,P,K,G,K,E,E,G,R,E,V,R,V,G,Q,P,E,A,L,L,D,G,L,A,P,G,R,D,Y,E,V,W,V,R,S,L,R,G,A,E,T,S,E,A,Q,S,T,R,A,R,T,-,-,-,-,P,P,R,H,L,S,F,S,D,V,S,H,D,S,A,R,V,S,W,E,G,T,A,R,P,V,R,L,F,R,V,S,Y,I,S,S,K,G,G,H,S,G,Q,M,E,A,P,G,S,A,T,L,V,T,L,G,P,L,S,S,S,T,V,Y,T,V,R,V,T,C,L,Y,P,G,G,S,S,S,T,L,T,G,R,L,T,T,R,K,V,P,S,P,S,Q,L,S,V,I,E,L,P,G,D,E,V,Q,L,E,W,A,A,A,A,A,S,G,V,L,V,Y,Q,I,T,W,T,P,L,G,E,G,K,A,H,K,I,S,V,P,G,N,L,G,T,A,V,L,P,G,L,G,R,H,S,E,Y,E,I,T,I,L,A,Y,Y,R,D,G,A,R,S,D,P,V,S,L,R,Y,T,P,-,-,-,-,R,S,P,P,S,N,L,A,L,A,S,E,S,P,D,S,L,R,V,S,W,T,P,P,S,G,H,V,L,H,Y,Q,L,S,Y,A,L,A,S,G,S,G,P,E,K,S,I,S,I,P,G,P,R,S,H,V,T,L,P,E,L,L,A,A,T,K,Y,R,V,L,V,S,A,V,Y,G,A,G,K,S,V,A,V,S,A,T,G,R,T,-,A,C,P,A,L,H,P,D,G,S,L,P,G,F,D,L,M,A,A,F,G,L,V,E,K,E,Y,A,S,I,R,G,M,A,M,E,P,S,A,F,G,P,N,R,T,F,T,L,F,K,D,A,Q,L,T,R,R,A,D,I,H,L,A,T,E,H,T,V,V,F,L,L,R,L,L,P,E,T,P,R,D,V,F,A,L,W,Q,V,A,A,E,D,F,R,P,V,L,G,V,L,L,D,A,S,R,K,S,L,T,Y,F,R,S,D,P,S,A,T,L,Q,E,A,T,F,D,L,P,D,V,R,R,I,F,F,G,S,F,H,K,V,H,I,A,V,G,R,S,K,V,R,L,Y,V,D,C,R,K,V,A,E,K,P,T,G,E,A,G,S,L,P,T,T,G,F,V,T,L,G,R,L,A,K,A,R,G,P,R,S,S,S,A,S,F,Q,L,Q,M,L,Q,I,V,C,S,D,S,W,A,E,E,D,R,C,C,E,L,P,A,S,K,D,G,E,T,C,P,A,F,P,S,A,C,A,C,S,S,Q,T,P,G,P,P,G,P,Q,G,P,P,G,H,P,G,R,D,G,A,P,G,E,Q,G,F,P,A,P,R,-,-,-,-,-,-,-,-,-,-,-,-,-,-,-,-,-,-,-,-,-,-,-,-,-,-,-,-,-,-,-,-,G,P,P,G,V,K,G,E,K,G,D,H,G,R,P,G,L,Q,G,H,P,G,L,Q,G,T,P,G,K,V,G,V,Q,G,P,G,M,R,G,L,E,G,T,A,G,L,P,G,P,P,G,P,F,Q,G,T,A,G,A,R,G,S,S,G,E,R,G,P,P,G,A,V,G,P,G,L,P,G,P,K,G,E,R,G,E,K,H,L,L,K,L,H,A,C,H,E,S,T,R,P,P,M,P,I,L,E,-,-,-,-,-,-,-,-,-,-,-,-,-,-,-,-,-,-,-,-,-,-,-,-,-,-,-,-,-
Neophocaena_asiaeorientalis_asiaeorientalis,G,L,W,L,W,L,G,V,T,L,G,L,G,Q,A,S,G,R,L,R,L,V,V,L,P,E,D,R,L,Q,M,K,W,R,E,S,E,G,S,S,L,G,Y,L,V,Q,V,K,P,R,A,G,D,L,E,Q,E,V,M,L,T,T,K,T,P,K,A,T,V,G,G,L,S,P,S,K,G,Y,T,L,Q,I,F,E,L,T,G,S,G,N,V,L,L,A,Q,R,E,F,V,I,K,D,L,K,S,S,S,A,S,R,S,S,R,R,P,L,G,A,-,A,L,Q,P,S,P,S,H,E,G,S,P,D,L,-,-,-,-,D,P,P,V,A,L,A,P,S,Q,D,L,P,T,P,A,G,P,Q,F,R,C,T,S,P,T,P,V,D,M,I,F,L,V,D,G,S,W,S,I,G,H,S,H,F,Q,Q,V,K,D,F,L,A,S,I,I,E,P,F,E,I,G,P,D,K,V,Q,V,G,L,T,Q,Y,S,G,D,P,Q,T,E,W,D,L,N,A,F,G,T,K,E,E,V,L,A,A,V,R,G,L,Q,Y,R,G,G,N,T,F,T,G,L,A,L,T,H,V,L,E,Q,N,L,K,P,V,A,G,L,R,P,E,A,A,K,L,V,I,L,V,T,D,G,K,S,Q,D,D,A,R,T,A,G,H,V,L,K,D,L,G,V,D,V,F,A,V,G,V,K,N,A,D,D,A,E,L,R,L,L,A,S,Q,P,L,D,I,T,V,H,S,V,Q,D,F,R,Q,L,G,S,L,A,G,L,L,S,R,L,V,C,Q,K,V,Q,G,R,R,L,R,S,A,A,A,A,P,A,L,D,P,L,S,A,P,T,G,L,V,L,T,R,V,T,S,S,S,I,H,L,S,W,T,P,A,P,R,P,P,L,K,Y,L,I,V,L,R,P,S,K,G,G,A,P,R,E,V,V,V,E,A,P,A,S,S,A,E,L,H,N,L,T,S,S,T,E,Y,L,V,S,V,L,P,V,Y,K,A,G,V,G,E,G,L,Q,G,P,V,T,T,A,S,L,G,L,P,Q,-,-,-,-,-,-,-,-,-,-,-,-,-,-,-,-,-,-,-,-,-,-,-,-,-,-,-,-,-,-,-,-,-,-,-,-,-,-,-,-,-,-,V,R,V,G,Q,P,E,A,L,L,D,G,L,A,P,G,R,D,Y,E,V,W,V,R,S,L,R,G,A,E,T,S,E,A,Q,S,I,R,A,R,T,P,A,L,A,P,P,R,H,L,S,F,S,D,V,S,H,D,S,A,R,V,S,W,E,G,T,A,R,P,V,R,L,F,R,V,S,Y,V,S,S,K,G,G,H,S,G,Q,T,E,A,P,G,S,A,T,S,V,T,L,G,P,L,L,S,S,T,V,Y,T,V,R,V,T,C,L,Y,P,G,G,S,S,S,T,L,T,G,R,L,T,T,R,K,V,P,S,P,S,Q,L,S,V,I,E,L,P,G,D,E,V,Q,L,E,W,A,A,A,A,A,S,G,V,L,V,Y,Q,I,T,W,T,P,L,G,E,G,K,A,H,K,I,S,V,P,G,N,L,G,T,A,V,L,P,G,L,G,R,H,S,E,Y,E,I,T,I,L,A,Y,Y,R,D,G,A,R,S,D,P,V,S,L,R,Y,T,P,-,-,-,-,-,-,-,-,-,-,L,A,L,A,S,E,S,P,D,S,L,R,V,S,W,T,P,P,S,G,R,V,L,H,Y,Q,L,S,Y,A,L,A,S,G,S,G,P,E,K,S,I,S,I,P,G,P,R,S,H,V,T,L,P,E,L,L,A,A,T,K,Y,R,V,L,V,S,A,I,Y,G,A,G,K,S,V,A,V,S,A,T,G,R,T,-,A,C,P,A,L,H,P,D,G,S,L,P,G,F,D,L,M,A,A,F,G,L,V,E,K,E,Y,A,S,I,R,G,V,A,M,E,P,S,A,F,G,P,I,R,T,F,T,L,F,K,D,A,Q,L,T,R,R,A,D,I,H,L,A,T,E,H,T,V,V,F,L,L,R,L,L,P,E,T,P,R,E,V,F,A,L,W,Q,V,A,A,E,D,F,R,P,V,L,G,V,L,L,D,A,S,R,K,S,L,T,Y,F,R,R,D,P,S,A,T,L,Q,E,A,T,F,D,L,P,E,V,R,R,I,F,F,G,S,F,H,K,V,H,I,A,V,G,R,S,K,V,R,L,Y,V,D,C,R,K,V,A,E,K,P,T,G,E,A,G,S,L,P,T,T,G,F,V,T,L,G,R,L,A,K,A,R,G,P,R,S,S,S,A,S,F,Q,L,Q,M,L,Q,I,V,C,S,D,S,W,A,E,E,D,R,C,C,E,L,P,A,S,K,D,G,E,T,C,P,A,F,P,S,A,C,A,C,S,S,Q,T,P,G,P,P,G,P,Q,G,P,P,G,H,P,G,R,D,G,A,P,G,E,Q,G,F,P,G,P,R,-,-,-,-,-,-,-,-,-,-,-,-,-,-,-,-,-,-,-,-,-,-,-,-,-,-,-,-,-,-,-,-,G,P,P,G,V,K,G,E,K,G,D,H,G,R,P,G,L,Q,G,H,P,G,L,Q,G,T,P,G,K,V,G,V,Q,G,P,G,M,R,G,L,E,G,T,A,G,L,P,G,P,P,G,P,F,Q,G,T,A,G,A,R,G,S,S,G,E,R,G,P,P,G,A,V,G,P,G,L,P,G,P,K,G,E,R,G,E,K,H,L,L,K,L,H,A,C,H,E,S,T,R,P,P,M,P,I,L,E,A,P,R,A,F,-,-,-,-,-,-,-,-,G,T,R,R,E,A,R,L,G,G,H,G,G,P,R,P
Orcinus_orca,G,L,W,L,W,L,G,V,T,L,G,L,G,Q,A,S,G,R,L,R,L,A,V,L,P,E,D,R,L,Q,M,K,W,R,E,S,E,G,S,S,L,G,Y,L,V,Q,V,K,P,R,A,G,D,L,E,Q,E,V,M,L,T,T,K,T,P,K,A,T,V,G,G,L,S,P,S,K,G,Y,T,L,Q,I,F,E,L,T,G,S,G,N,V,L,L,A,R,R,E,F,V,I,K,D,L,K,S,S,S,A,S,R,S,S,R,R,P,L,G,A,-,A,L,Q,P,S,P,S,H,E,G,S,P,D,L,-,-,-,-,E,P,P,V,A,L,A,P,S,Q,D,L,P,T,P,A,G,P,Q,F,R,C,T,S,P,T,P,V,D,M,I,F,L,V,D,G,S,W,S,I,G,H,S,H,F,Q,Q,V,K,D,F,L,A,S,I,I,E,P,F,E,I,G,P,D,K,V,Q,V,G,L,T,Q,Y,S,G,D,P,Q,T,E,W,D,L,N,A,F,H,T,K,E,E,V,L,A,A,V,R,G,L,Q,Y,R,G,G,N,T,F,T,G,L,A,L,T,H,V,L,E,Q,N,L,K,P,V,A,G,L,R,P,E,A,A,K,L,V,I,L,V,T,D,G,K,S,Q,D,D,A,R,T,A,G,H,M,L,K,G,L,G,V,D,V,F,A,V,G,V,K,N,A,D,D,A,E,L,R,L,L,A,S,Q,P,L,D,V,T,V,H,S,V,Q,D,F,P,Q,L,G,S,L,A,G,L,L,S,R,L,V,C,Q,K,V,Q,G,R,R,P,R,S,A,A,A,A,P,A,L,D,P,L,S,A,P,T,G,L,V,L,T,R,V,T,S,S,S,I,H,L,S,W,T,P,A,P,R,P,P,L,K,Y,L,I,V,L,R,P,S,K,G,G,A,P,R,E,V,V,V,E,G,P,A,S,S,A,E,L,H,N,L,T,S,S,T,E,Y,L,V,S,V,F,P,V,Y,K,A,G,V,G,E,G,L,Q,G,P,V,T,T,A,P,L,P,P,P,Q,A,L,T,L,A,A,V,M,P,R,A,I,H,L,T,W,Q,P,S,A,G,A,T,R,Y,L,V,Q,C,S,P,T,S,P,E,G,K,E,E,G,R,E,V,R,V,G,Q,P,E,A,L,L,D,G,L,A,P,G,R,D,Y,E,V,W,V,R,S,L,R,G,A,E,T,S,E,A,Q,S,I,R,A,R,T,P,A,L,A,P,P,R,H,L,S,F,S,D,V,S,H,D,S,A,R,V,S,W,E,G,T,A,R,P,V,H,L,F,R,V,S,Y,V,S,S,K,G,G,H,S,G,Q,T,E,A,P,G,S,A,T,S,V,T,L,G,P,L,S,S,S,T,A,Y,T,V,R,V,T,C,L,Y,P,G,G,S,S,S,T,L,T,G,R,L,T,T,R,K,V,P,S,P,S,Q,L,S,V,T,E,L,P,G,D,K,V,Q,L,E,W,A,A,A,A,A,S,G,V,L,V,Y,Q,I,T,W,T,P,L,G,E,G,K,A,H,K,I,S,V,P,G,N,L,G,T,A,V,L,P,G,L,G,R,H,S,E,Y,E,I,T,I,L,A,Y,Y,R,D,G,A,R,S,D,P,V,S,L,R,Y,T,P,-,-,-,-,R,S,P,P,S,N,L,A,L,A,S,E,S,P,D,S,L,R,V,S,W,T,P,P,S,G,R,V,L,H,Y,Q,L,S,Y,A,L,A,S,G,S,G,P,E,K,S,I,S,I,P,G,P,R,S,H,V,T,L,P,D,L,L,A,A,T,K,Y,R,V,L,V,S,A,V,Y,G,A,G,K,S,V,A,V,S,A,T,G,Q,T,A,A,C,P,A,L,H,P,D,G,S,L,P,G,F,D,L,M,A,A,F,G,L,V,E,K,E,Y,A,S,M,R,G,V,A,M,E,P,S,A,F,G,P,I,R,T,F,T,L,L,K,D,A,Q,L,T,R,R,A,D,I,H,L,A,T,E,H,T,V,V,F,L,L,R,L,L,P,E,T,P,R,E,V,F,A,L,W,Q,V,A,A,E,D,F,R,P,V,L,G,V,L,L,D,A,S,R,K,S,L,T,Y,F,S,R,D,P,S,A,T,L,Q,E,A,T,F,D,L,P,E,V,R,R,I,F,F,G,S,F,H,K,V,H,I,A,V,G,R,S,K,V,R,L,Y,V,D,C,R,K,V,A,E,K,P,T,G,E,A,G,S,L,P,T,T,G,F,V,T,L,G,R,L,A,K,A,R,G,P,R,S,S,S,A,S,F,Q,L,Q,M,L,Q,I,V,C,S,D,S,W,A,E,E,D,R,C,C,E,L,P,A,S,K,D,G,E,T,C,P,A,F,P,S,A,C,A,C,S,S,Q,T,P,G,P,P,G,P,Q,G,P,P,G,H,P,G,R,D,G,A,P,G,E,Q,G,F,P,G,P,R,-,-,-,-,-,-,-,-,-,-,-,-,-,-,-,-,-,-,-,-,-,-,-,-,-,-,-,-,-,-,-,-,G,P,P,G,V,K,G,E,K,G,D,H,G,H,P,G,L,Q,G,H,P,G,L,Q,G,T,P,G,K,V,G,V,Q,G,P,G,M,R,G,L,E,G,T,A,G,L,P,G,P,P,G,P,F,Q,G,T,A,G,A,R,G,S,I,G,E,R,G,P,P,G,P,V,G,P,G,L,P,G,P,K,G,E,R,G,E,K,H,L,L,K,L,H,A,C,H,E,S,T,R,P,P,M,P,I,L,E,A,P,R,A,F,-,-,-,-,-,-,-,-,G,T,H,R,E,A,R,L,G,G,H,G,G,P,R,P
Phocoena_sinus,G,L,W,L,W,L,G,V,T,L,G,L,G,Q,A,S,G,R,L,R,L,V,V,L,P,E,D,R,L,Q,M,K,W,R,E,S,E,G,S,S,L,G,Y,L,V,Q,V,K,P,R,A,G,D,L,E,Q,E,V,M,L,T,T,K,T,P,K,A,T,V,G,G,L,S,P,S,K,G,Y,T,L,Q,I,F,E,L,T,G,S,G,N,V,L,L,A,Q,R,E,F,V,I,K,D,L,K,S,S,S,A,S,R,S,S,R,R,P,L,G,A,-,A,L,Q,P,S,P,S,H,E,G,S,P,D,L,-,-,-,-,D,P,P,V,A,L,A,P,S,Q,D,L,P,T,P,A,G,P,Q,F,R,C,T,S,P,T,P,V,D,M,I,F,L,V,D,G,S,W,S,I,G,H,S,H,F,Q,Q,V,K,D,F,L,A,S,I,I,E,P,F,E,I,G,P,D,K,V,Q,V,G,L,T,Q,Y,S,G,D,P,Q,T,E,W,D,L,N,A,F,G,T,K,E,E,V,L,A,A,V,R,G,L,Q,Y,R,G,G,N,T,F,T,G,L,A,L,T,H,V,L,E,Q,N,L,K,P,V,A,G,L,R,P,E,A,A,K,L,V,I,L,V,T,D,G,K,S,Q,D,D,A,R,T,A,G,H,V,L,K,D,L,G,V,D,V,F,A,V,G,V,K,N,A,D,D,A,E,L,R,L,L,A,S,Q,P,L,D,I,T,V,H,S,V,Q,D,F,R,Q,L,G,S,L,A,G,L,L,S,R,L,V,C,Q,K,V,Q,G,R,R,L,R,S,A,A,A,A,P,A,L,D,P,L,S,A,P,T,G,L,V,L,T,R,V,T,S,S,S,I,H,L,S,W,T,P,A,P,R,P,P,L,K,Y,L,I,V,L,R,P,S,K,G,G,A,P,R,E,V,V,V,E,A,P,A,S,S,A,E,L,H,N,L,T,S,S,T,E,Y,L,V,S,V,L,P,V,Y,E,A,G,V,G,E,G,L,Q,G,P,V,T,T,A,P,L,P,P,P,Q,V,L,T,L,A,A,V,M,P,R,A,I,H,L,T,W,Q,P,S,A,G,A,T,Q,Y,L,V,Q,C,S,P,T,S,P,K,G,K,E,E,G,R,E,V,R,V,G,Q,P,E,A,L,L,D,G,L,A,P,G,R,D,Y,E,V,W,V,R,S,L,R,G,A,E,T,S,E,A,Q,S,I,R,A,R,T,P,A,L,A,P,P,R,H,L,S,F,S,D,V,S,H,D,S,A,R,V,S,W,E,G,T,A,R,P,V,R,L,F,R,V,S,Y,V,S,S,K,G,G,H,S,G,Q,T,E,A,P,G,S,A,T,S,V,T,L,G,P,L,S,S,F,T,V,Y,T,V,R,V,T,C,L,Y,P,G,G,S,S,S,T,L,T,G,R,L,T,T,R,K,V,P,S,P,S,Q,L,S,V,I,E,L,P,G,D,E,V,Q,L,E,W,A,A,A,A,A,S,G,V,L,V,Y,Q,I,T,W,T,P,L,G,E,G,K,A,H,K,I,S,V,P,G,N,L,G,T,A,V,L,P,G,L,G,R,H,S,E,Y,E,I,T,I,L,A,Y,Y,R,D,G,A,H,S,D,P,V,S,L,R,Y,T,P,-,-,-,-,R,S,P,P,S,N,L,A,L,A,S,E,S,P,D,S,L,R,V,S,W,T,P,P,S,G,R,V,L,H,Y,Q,L,S,Y,A,L,A,S,G,S,G,P,E,K,S,I,S,I,P,G,P,R,S,H,V,T,L,P,E,L,L,A,A,T,K,Y,R,V,L,V,S,A,V,Y,G,A,G,K,S,V,A,V,S,A,T,G,R,T,-,A,C,P,A,L,H,P,D,G,S,L,P,G,F,D,L,M,A,A,F,G,L,V,E,K,E,Y,A,S,I,R,G,V,A,M,E,P,S,A,F,G,P,I,R,T,F,T,L,F,K,D,A,Q,L,T,R,R,A,D,I,H,L,A,T,E,H,T,V,V,F,L,L,R,L,L,P,E,T,P,R,E,V,F,A,L,W,Q,V,A,A,E,D,F,Q,P,V,L,G,V,L,L,D,A,S,R,K,S,L,T,Y,F,R,R,D,P,S,A,T,L,Q,E,A,T,F,D,L,P,E,V,R,R,I,F,F,G,S,F,H,K,V,H,I,A,V,G,R,S,K,V,R,L,Y,V,D,C,R,K,V,A,E,K,P,T,G,E,A,G,S,L,P,T,T,G,F,V,T,L,G,R,L,A,K,A,R,G,P,R,S,S,S,A,S,F,Q,L,Q,M,L,Q,I,V,C,S,D,S,W,A,E,E,D,R,C,C,E,L,P,A,S,K,D,G,E,T,C,P,A,F,P,S,A,C,A,C,S,S,Q,T,P,G,P,P,G,P,Q,G,P,P,G,H,P,G,R,D,G,A,P,G,E,Q,G,F,P,G,P,R,-,-,-,-,-,-,-,-,-,-,-,-,-,-,-,-,-,-,-,-,-,-,-,-,-,-,-,-,-,-,-,-,G,P,P,G,V,K,G,E,K,G,D,H,G,R,P,G,L,Q,G,H,P,G,L,Q,G,T,P,G,K,V,G,V,Q,G,P,G,M,R,G,L,E,G,T,A,G,L,P,G,P,P,G,P,F,Q,G,T,A,G,A,R,G,S,S,G,E,R,G,P,P,G,A,V,G,P,G,L,P,G,P,K,G,E,R,G,E,K,H,L,L,K,L,H,A,C,H,E,S,T,R,P,P,M,P,I,L,E,A,P,R,A,F,-,-,-,-,-,-,-,-,G,T,R,R,E,A,R,L,G,G,H,G,G,P,R,P
Physeter_catodon,S,L,W,L,W,L,G,V,T,L,G,L,G,Q,A,S,G,R,L,R,L,A,V,L,P,E,D,R,L,Q,M,K,W,R,E,S,E,G,S,S,L,G,Y,L,V,Q,V,K,P,R,A,G,D,L,E,Q,E,V,L,P,T,T,K,A,P,Q,A,A,V,G,G,L,S,P,S,Q,G,L,T,L,Q,T,F,E,L,T,G,S,G,N,V,L,L,A,R,R,Q,F,V,I,K,D,L,K,S,N,P,V,G,V,S,G,R,R,P,L,G,A,-,A,L,E,P,T,P,S,H,V,G,S,P,D,L,-,-,-,-,G,P,P,V,A,L,A,P,S,Q,G,P,P,C,P,A,G,P,Q,F,R,C,A,S,P,T,P,V,D,V,I,F,L,V,D,G,S,W,S,I,G,H,S,H,F,Q,Q,V,K,D,F,L,A,S,I,I,E,P,F,E,I,G,P,D,K,V,Q,V,G,L,T,Q,Y,S,G,D,P,H,T,E,W,D,L,N,A,F,G,S,K,E,E,V,L,A,A,V,R,G,L,H,Y,R,G,G,N,T,F,T,G,L,A,L,T,H,V,L,E,H,N,L,K,P,V,A,G,L,R,P,E,A,A,K,L,V,I,L,V,T,D,G,K,S,Q,D,D,A,R,T,A,G,H,V,L,K,G,L,G,V,D,V,F,A,V,G,V,K,N,A,D,D,A,E,L,R,L,L,A,S,Q,P,L,D,V,T,V,H,G,V,Q,D,L,P,Q,L,G,T,L,A,G,L,L,S,R,L,V,C,R,E,V,R,G,R,R,L,R,G,A,A,A,A,P,A,L,H,P,L,S,A,P,T,G,L,V,L,T,R,V,T,S,S,S,I,H,L,S,W,T,P,A,P,R,P,P,L,K,Y,L,V,V,L,R,P,S,K,G,G,A,P,R,E,V,V,V,E,A,P,T,S,S,A,E,L,H,S,L,T,S,S,T,E,Y,L,V,S,V,L,P,V,Y,K,A,G,V,G,E,G,L,Q,G,L,V,T,T,A,P,L,P,P,P,Q,A,L,T,L,A,A,V,M,P,R,A,I,H,L,T,W,Q,P,S,A,G,A,T,Q,Y,L,V,Q,C,S,P,T,S,P,R,G,K,E,E,G,R,E,V,R,V,G,Q,P,E,A,L,L,D,G,L,A,P,G,R,E,Y,K,V,W,V,Q,S,L,R,G,A,E,T,S,E,A,Q,S,I,R,A,R,T,P,A,L,V,P,P,R,H,L,S,F,S,D,V,S,H,D,S,A,R,V,S,W,E,G,T,A,R,P,V,R,L,F,R,V,S,Y,V,S,S,K,G,G,R,S,G,Q,T,E,A,P,G,N,A,T,A,V,T,L,G,P,L,-,S,S,T,T,Y,T,V,R,V,T,C,L,Y,P,G,G,R,S,S,T,L,T,G,R,L,T,T,R,K,V,P,S,P,S,Q,L,S,V,T,E,L,P,G,D,E,V,Q,L,E,W,A,A,A,V,A,S,G,V,L,V,Y,Q,I,T,W,T,P,V,G,E,G,K,A,H,K,I,S,V,P,G,N,L,G,T,A,V,L,P,G,L,G,R,H,S,E,Y,E,I,T,M,L,A,Y,Y,R,D,G,A,R,S,D,P,V,S,L,R,Y,T,P,R,T,V,S,R,S,P,P,S,N,L,A,L,A,S,E,S,P,D,S,L,R,V,S,W,T,P,P,S,G,H,V,L,H,Y,Q,L,S,Y,A,L,A,S,G,S,G,P,E,K,S,I,S,I,P,G,A,R,S,H,V,T,L,P,D,L,L,A,A,T,K,Y,R,V,L,V,S,A,V,Y,G,A,G,K,S,V,A,V,S,A,A,G,W,T,-,A,C,P,A,L,H,P,D,G,S,L,P,G,F,D,L,M,A,A,F,G,L,V,E,K,E,Y,A,S,I,R,G,V,A,M,E,L,S,A,F,G,P,V,R,T,F,T,L,F,K,D,A,Q,L,T,R,R,A,D,I,H,L,A,T,E,H,T,V,V,F,L,L,R,L,L,P,E,T,P,R,E,V,F,A,L,W,Q,V,A,A,E,D,F,Q,P,V,L,G,V,L,L,D,A,S,R,K,S,L,T,Y,F,N,R,D,P,R,A,T,L,Q,E,V,T,F,D,L,P,E,V,R,R,I,F,F,G,S,F,H,K,V,H,V,A,V,G,R,S,K,V,R,L,Y,V,D,C,R,K,V,A,E,K,P,T,G,E,A,G,S,L,P,T,A,G,F,V,T,L,G,R,L,A,K,A,R,G,P,R,S,S,S,A,S,F,Q,L,Q,M,L,Q,I,V,C,S,D,S,W,A,E,E,D,R,C,C,E,L,P,A,S,K,D,G,E,T,C,P,A,F,P,S,V,C,A,C,S,S,Q,T,P,G,P,P,G,P,Q,G,P,P,G,H,P,G,R,V,G,A,P,G,E,Q,G,F,P,G,P,R,-,-,-,-,-,-,-,-,-,-,-,-,-,-,-,-,-,-,-,-,-,-,-,-,-,-,-,-,-,-,-,-,G,P,P,G,V,K,G,E,K,G,D,H,G,R,P,G,F,Q,G,H,P,G,L,Q,G,T,P,G,K,V,G,V,Q,G,P,G,M,R,G,L,E,G,T,A,G,L,P,G,P,P,G,P,F,Q,G,T,A,G,A,R,G,S,S,G,E,R,G,P,P,G,A,V,G,P,G,L,P,G,P,K,G,E,R,G,Q,K,H,V,L,K,L,-,-,-,H,E,S,T,R,P,P,-,-,-,-,G,E,P,Q,S,L,A,T,I,Q,L,V,-,-,G,Q,A,C,E,S,A,I,Q,T,H,P,G,P,R,P
Tursiops_truncatus,G,L,W,L,W,L,G,V,T,L,G,L,G,Q,A,S,S,R,L,R,L,A,V,L,P,E,D,R,L,Q,M,K,W,R,E,S,E,G,S,S,L,G,Y,L,V,Q,V,K,P,R,A,G,D,L,E,Q,E,V,M,L,T,T,K,T,P,K,A,T,V,G,G,L,S,P,S,K,G,Y,T,L,Q,I,F,E,L,T,G,S,G,N,V,L,L,A,R,R,E,F,V,I,K,D,L,K,S,S,S,A,S,R,S,S,R,R,P,L,G,A,-,A,L,Q,P,S,P,S,H,E,G,S,P,D,L,-,-,-,-,E,P,P,V,A,L,A,P,S,R,D,L,P,T,P,A,G,P,Q,F,R,C,T,S,P,T,P,V,D,M,I,F,L,V,D,G,S,W,S,I,G,H,S,H,F,Q,Q,V,K,D,F,L,A,S,I,I,E,P,F,E,I,G,P,D,K,V,Q,V,G,L,T,Q,Y,S,G,D,P,Q,T,E,W,D,L,N,A,F,D,T,K,E,E,V,L,A,A,V,R,G,L,Q,Y,R,G,G,N,T,F,T,G,L,A,L,T,H,V,L,E,Q,N,L,K,P,V,A,G,L,R,P,E,A,A,K,L,V,I,L,V,T,D,G,K,S,Q,D,D,A,R,T,A,G,H,M,L,K,G,L,G,V,D,V,F,A,V,G,V,K,N,A,D,D,A,E,L,R,L,L,A,S,Q,P,L,D,V,T,V,H,S,V,Q,D,F,P,Q,L,G,S,L,A,G,L,L,S,R,L,V,C,Q,K,V,Q,G,R,R,P,R,S,A,A,A,A,P,A,L,D,P,L,S,A,P,T,G,L,V,L,T,R,V,T,S,S,S,I,H,L,S,W,T,P,A,P,R,P,P,L,K,Y,L,I,V,L,R,P,S,K,G,G,A,P,R,E,M,V,V,E,G,P,A,S,S,A,E,L,H,N,L,T,S,S,T,E,Y,L,V,S,V,F,P,V,Y,K,A,G,V,G,E,G,L,Q,G,P,V,T,T,A,P,L,P,P,P,Q,A,L,T,L,A,A,A,M,P,R,A,I,H,L,T,W,Q,P,S,A,G,A,T,Q,Y,L,V,Q,C,S,P,T,S,P,E,G,T,E,E,G,R,E,V,R,V,G,Q,P,E,A,L,L,D,G,L,A,P,G,R,D,Y,E,V,W,V,R,S,L,R,G,A,E,T,S,E,A,Q,S,I,R,A,R,T,P,A,L,A,P,P,R,H,L,S,F,S,D,V,S,H,D,S,A,R,V,S,W,E,G,T,A,R,P,V,H,L,F,R,V,S,Y,V,S,S,K,G,G,H,S,G,Q,M,E,A,P,G,S,A,T,S,V,T,L,G,P,L,S,S,S,T,A,Y,T,V,R,V,T,C,L,Y,P,G,G,S,S,S,T,L,T,G,R,L,T,T,R,K,V,P,S,P,S,Q,L,S,V,T,E,L,P,G,D,E,V,Q,L,E,W,A,A,A,A,A,S,G,V,L,V,Y,Q,I,T,W,T,P,L,G,E,G,K,A,H,K,I,S,V,P,G,N,L,G,T,A,V,L,P,G,L,G,R,H,S,E,Y,E,I,T,I,L,A,Y,Y,R,D,G,A,R,S,D,P,V,S,L,R,Y,T,P,-,-,-,-,R,S,P,P,S,N,L,A,L,A,S,E,S,P,D,S,L,R,V,S,W,T,P,P,S,G,R,V,L,H,Y,Q,L,S,Y,A,L,A,S,G,S,G,P,E,K,S,I,S,V,P,G,P,R,S,H,V,T,L,P,D,L,L,A,A,T,K,Y,R,V,L,V,S,A,V,Y,G,A,G,K,S,V,A,V,S,A,T,G,Q,T,-,A,C,P,A,L,H,P,D,G,S,L,P,G,F,D,L,M,A,A,F,G,L,V,E,K,E,Y,A,S,M,R,G,V,A,M,E,P,S,A,F,G,P,I,R,T,F,T,L,L,K,D,A,Q,L,T,R,R,A,D,I,H,L,A,T,E,H,T,V,V,F,L,L,R,L,L,P,E,T,P,R,E,V,F,A,L,W,Q,V,A,A,E,D,F,R,P,V,L,G,V,L,L,D,A,S,R,K,S,L,T,Y,F,S,R,D,P,S,A,T,L,Q,E,A,T,F,D,L,P,E,V,R,R,I,F,F,G,S,F,H,K,V,H,I,A,V,G,R,S,K,V,R,L,Y,V,D,C,R,K,V,A,E,K,P,T,G,E,A,G,S,L,P,T,T,G,F,V,T,L,G,R,L,A,K,A,R,G,P,R,S,S,S,A,S,F,Q,L,Q,M,L,Q,I,V,C,S,D,S,W,A,E,E,D,R,C,C,E,L,P,A,S,K,D,G,E,T,C,P,A,F,P,S,A,C,A,C,S,S,Q,T,P,G,P,P,G,P,Q,G,P,P,G,H,P,G,R,D,G,A,P,G,E,Q,G,F,P,G,P,R,-,-,-,-,-,-,-,-,-,-,-,-,-,-,-,-,-,-,-,-,-,-,-,-,-,-,-,-,-,-,-,-,G,P,P,G,V,K,G,E,K,G,D,H,G,R,P,G,L,Q,G,H,P,G,L,Q,G,T,P,G,K,V,G,V,Q,G,P,G,M,R,G,L,E,G,T,A,G,L,P,G,P,P,G,P,F,Q,G,T,A,G,A,R,G,S,I,G,E,R,G,P,P,G,P,V,G,P,G,L,P,G,P,K,G,E,R,G,E,K,H,L,L,K,L,H,A,C,H,E,S,T,R,P,P,M,P,I,L,E,A,P,R,A,F,-,-,-,-,-,-,-,-,G,T,H,R,E,A,R,L,V,G,H,G,G,P,R,P
Acinonyx_jubatus,-,-,-,-,-,-,-,-,-,-,-,-,-,-,-,-,-,-,-,-,-,-,-,-,-,-,-,-,-,-,-,-,-,-,-,-,-,-,-,-,-,-,-,-,-,-,-,-,-,-,-,-,-,-,-,-,-,-,-,-,-,-,-,-,-,-,-,-,-,-,-,-,-,-,-,-,-,-,-,-,-,-,-,-,-,-,-,-,-,-,-,-,-,-,-,-,-,-,-,-,-,-,-,-,-,-,-,-,-,-,-,-,-,-,-,-,-,-,-,-,-,-,-,-,-,-,-,-,-,-,-,-,-,-,-,-,-,-,-,-,-,-,-,-,-,-,-,-,-,-,-,-,-,-,-,-,-,-,-,-,-,-,-,-,-,-,-,-,-,-,-,-,-,-,-,-,-,-,-,-,-,-,-,-,-,-,-,-,-,-,-,-,-,-,-,-,-,-,-,-,-,-,-,-,-,-,-,-,-,-,-,-,-,-,-,-,-,-,-,-,-,-,-,-,-,-,-,-,-,-,-,-,-,-,-,-,-,-,-,-,-,-,-,-,-,-,-,-,-,-,-,-,-,-,-,-,-,-,-,-,-,-,-,-,-,-,-,-,-,-,-,-,-,-,-,-,-,-,-,-,-,-,-,-,-,-,-,-,-,-,-,-,-,-,-,-,-,-,-,-,-,-,-,-,-,-,-,-,-,-,-,-,-,-,-,-,-,-,-,-,-,-,-,-,-,-,-,-,-,-,-,-,-,-,-,-,-,-,-,-,-,-,-,-,-,-,-,-,-,-,-,-,-,-,-,-,-,-,-,-,-,-,-,-,-,-,-,-,-,-,-,-,-,-,-,-,-,-,-,-,-,-,-,-,-,-,-,-,-,-,-,-,-,-,-,-,-,-,-,-,-,-,-,-,-,-,-,-,-,-,-,-,-,-,-,-,-,-,-,-,-,-,-,-,-,-,-,-,-,-,-,-,-,-,-,-,-,-,-,-,-,-,-,-,-,-,-,-,-,-,-,-,-,-,-,-,-,-,-,-,-,-,-,-,-,-,-,-,-,-,-,-,-,-,-,-,-,-,-,-,-,-,-,-,-,-,-,-,-,-,-,-,-,-,-,-,-,-,-,-,-,-,-,-,-,-,-,-,-,-,-,-,-,-,-,-,-,-,-,-,-,-,-,-,-,-,-,-,-,-,-,-,-,-,-,-,-,-,-,-,-,-,-,-,-,-,-,-,-,-,-,-,-,-,-,-,-,-,-,-,-,-,-,-,-,-,-,-,-,-,-,-,-,-,-,-,-,-,-,-,-,-,-,-,-,-,-,-,-,-,-,-,-,-,-,-,-,-,-,-,-,-,-,-,-,-,-,-,-,-,-,-,-,-,-,-,-,-,-,-,-,-,-,-,-,-,-,-,-,-,-,-,-,-,-,-,-,-,-,-,-,-,-,-,-,-,-,-,-,-,-,-,-,-,-,-,-,-,-,-,-,-,-,-,-,-,-,-,-,-,-,-,-,-,-,-,-,-,-,-,-,-,-,-,-,-,-,-,-,-,-,-,-,-,-,-,-,-,-,-,-,-,-,-,-,-,-,-,-,-,-,-,-,-,-,-,-,-,-,-,-,-,-,-,-,-,-,-,-,-,-,-,-,-,-,-,-,-,-,-,-,-,-,-,-,-,-,-,-,-,-,-,-,-,-,-,-,-,-,-,-,-,-,-,-,-,-,-,-,-,-,-,-,-,-,-,-,-,-,-,-,-,-,-,-,-,-,-,-,-,-,-,-,-,-,-,-,-,-,-,-,-,-,-,-,-,-,-,-,-,-,-,-,-,-,-,-,-,-,-,-,-,-,-,-,-,-,-,-,-,-,-,-,-,-,-,-,-,-,-,-,-,-,-,-,-,-,-,-,-,-,-,-,-,-,-,-,-,-,-,-,-,-,-,-,-,-,-,-,-,-,-,-,-,-,-,-,-,-,-,-,-,-,-,-,-,-,-,-,-,-,-,-,-,-,-,-,-,-,-,-,-,-,-,-,-,-,-,-,-,-,-,-,-,-,-,-,-,-,-,-,-,-,-,-,-,-,-,-,-,-,-,-,-,-,-,-,-,-,-,-,-,-,-,-,-,-,-,-,-,-,-,-,-,-,-,-,-,-,-,-,-,-,-,-,-,-,-,-,-,-,-,-,-,-,-,-,-,-,-,-,-,-,-,-,-,-,-,-,-,-,-,-,-,-,-,-,-,-,-,-,-,-,-,-,-,-,-,-,-,-,-,-,-,-,-,-,-,-,-,-,-,-,-,-,-,-,-,-,-,-,-,-,-,-,-,-,-,-,-,-,-,-,-,-,-,-,-,-,-,-,-,-,-,-,-,-,-,-,-,-,-,-,-,-,-,-,-,-,-,-,-,-,-,-,-,-,-,-,-,-,-,-,-,-,-,-,-,-,-,-,-,-,-,-,-,-,-,-,-,-,-,-,-,-,-,-,-,-,-,-,-,-,-,-,-,-,-,-,-,-,-,-,-,-,-,-,-,-,-,-,-,-,-,-,-,-,-,-,-,-,-,-,-,-,-,-,-,-,-,-,-,-,-,-,-,-,-,-,-,-,-,-,-,-,-,-,-,-,-,-,-,-,-,-,-,-,-,-,-,-,-,-,-,-,-,-,-,-,-,-,-,-,-,-,-,-,-,-,-,-,-,-,-,-,-,-,-,-,-,-,-,-,-,-,-,-,-,-,-,-,-,-,-,-,-,-,-,-,-,-,-,-,-,-,-,-,-,-,-,-,-,-,-,-,-,-,-
Acomys_russatus,C,L,W,M,L,L,G,A,T,L,A,L,G,Q,V,S,G,R,L,R,L,V,V,L,P,E,D,Q,L,Q,M,K,W,R,E,T,E,G,S,G,L,G,Y,L,V,Q,V,T,P,M,A,G,D,L,E,Q,E,L,I,L,T,T,K,T,P,K,A,T,V,G,G,L,S,P,S,K,A,Y,T,L,Q,I,F,E,L,T,D,S,G,P,V,L,L,A,R,R,E,F,V,I,E,D,L,K,S,H,S,L,G,R,G,S,R,K,L,V,G,P,-,T,L,E,P,T,P,-,-,-,-,-,-,D,P,E,K,I,S,E,P,S,M,T,F,T,S,S,R,D,L,P,I,L,A,D,P,Q,F,H,C,T,P,P,T,P,A,D,I,I,F,L,V,D,G,S,W,S,I,G,H,R,H,F,Q,Q,V,K,D,F,L,A,S,I,I,T,P,F,E,I,G,P,D,K,V,Q,V,G,L,T,Q,Y,S,G,D,P,Q,T,E,W,D,L,N,S,F,H,T,K,E,R,V,L,A,A,I,H,S,L,R,Y,K,G,G,N,T,F,T,G,L,A,L,T,H,V,L,G,H,N,L,K,P,A,A,G,V,R,P,D,A,A,K,V,L,I,L,V,T,D,G,K,S,Q,D,D,V,R,S,A,A,H,I,L,K,D,Q,D,I,D,V,F,V,V,G,V,K,N,A,D,D,A,E,L,K,L,L,A,S,Q,P,L,D,I,T,V,H,N,V,L,D,F,P,Q,L,A,T,L,A,D,L,L,S,R,L,I,C,Q,K,I,Q,G,K,-,-,-,-,A,A,A,G,-,-,-,-,-,-,-,-,-,-,-,L,T,L,T,R,V,T,S,S,S,I,H,L,S,W,T,P,A,L,Y,P,P,L,K,Y,L,I,V,W,Q,P,S,R,G,G,A,P,K,E,A,M,V,E,G,P,I,S,S,M,E,L,R,N,L,T,S,N,T,E,Y,L,V,S,V,F,P,V,Y,E,S,G,F,G,K,S,L,Q,G,R,A,T,T,A,P,L,P,P,P,G,A,L,T,L,A,A,A,T,P,R,T,L,R,L,T,W,Q,P,S,A,G,A,T,Q,Y,L,V,Q,Y,L,L,A,A,S,S,G,E,G,Q,K,R,E,L,R,V,G,Q,P,E,V,L,L,D,G,L,E,P,G,Q,D,Y,E,V,S,V,Q,S,L,R,G,P,E,A,G,E,A,R,N,I,R,A,R,T,S,V,L,G,P,P,R,H,L,S,F,S,D,V,S,Y,N,S,T,C,V,S,W,E,A,-,Q,R,P,V,R,L,V,K,V,S,Y,I,S,S,D,G,S,H,S,G,Q,V,Q,L,P,G,N,V,T,S,A,T,L,G,P,L,S,S,S,T,M,Y,N,V,R,V,T,C,F,Y,L,G,G,G,S,S,V,L,T,G,H,M,T,T,K,K,A,P,S,P,S,Q,L,S,V,M,E,L,P,G,D,A,V,K,L,S,W,L,A,T,A,L,S,D,V,L,V,Y,Q,I,K,W,M,P,L,G,E,G,K,A,H,E,I,S,V,P,G,T,L,G,T,A,I,L,P,G,L,M,R,H,A,E,Y,E,I,T,I,L,A,Y,Y,R,D,G,T,R,S,D,P,V,S,L,R,Y,I,P,S,A,A,R,R,S,P,P,S,S,L,V,L,S,S,E,T,P,N,S,L,Q,V,S,W,T,P,P,S,G,H,I,L,H,Y,R,L,N,Y,A,L,A,S,G,S,G,P,E,K,S,I,S,V,P,G,T,E,N,Q,A,V,L,P,D,L,M,S,A,T,K,Y,R,V,L,V,S,A,V,Y,G,A,G,E,S,V,A,V,S,A,T,Y,R,T,A,A,C,P,A,L,H,Q,D,S,P,L,S,G,F,D,L,M,A,A,F,G,L,V,A,K,E,Y,A,S,V,R,G,V,A,M,E,P,S,A,V,G,M,A,P,T,F,T,L,F,K,D,A,Q,L,M,R,R,A,D,I,Y,P,A,T,E,Y,T,I,I,F,L,V,R,L,L,P,E,T,P,R,E,A,F,A,L,W,Q,I,M,A,E,D,F,Q,P,I,L,G,V,L,L,D,A,G,R,K,S,L,T,Y,F,N,H,D,P,R,A,A,S,Q,E,V,T,F,D,L,Q,E,A,K,K,I,F,F,G,S,F,H,K,V,H,V,A,V,G,H,S,K,V,R,L,Y,V,D,C,R,K,V,A,E,R,P,I,G,D,S,G,S,P,P,T,A,G,F,V,T,L,G,R,L,A,K,A,R,G,P,R,S,S,S,A,T,F,Q,L,Q,M,L,Q,I,V,C,S,D,T,W,A,D,K,D,R,C,C,E,L,P,A,L,R,D,G,E,T,C,P,A,F,R,S,A,C,A,C,S,S,E,T,P,G,P,P,G,P,Q,G,P,P,G,L,P,G,R,N,G,T,P,G,L,Q,G,H,P,G,P,K,G,E,Q,G,P,P,G,Q,T,G,P,E,G,P,G,G,Q,Q,G,S,P,G,T,Q,G,R,A,V,Q,G,P,M,G,P,P,G,V,K,G,E,K,G,D,R,G,L,P,G,L,Q,G,V,S,G,Q,Q,G,I,S,G,K,T,G,L,Q,G,P,G,M,R,G,L,E,G,P,A,G,L,P,G,P,P,G,P,F,Q,G,S,A,G,A,R,G,T,N,G,E,R,G,P,P,G,A,V,G,P,G,L,P,G,S,K,G,E,R,G,E,K,H,V,L,K,L,N,S,F,H,E,N,D,R,P,P,M,P,F,M,V,E,T,A,K,P,G,R,H,S,I,E,S,P,G,S,H,N,E,A,L,L,W,G,H,I,H,R,P,-
Arvicanthis_niloticus,C,L,W,M,F,L,G,T,T,L,A,L,G,Q,V,S,S,R,L,R,L,A,I,L,P,E,D,Q,L,Q,M,K,W,R,E,T,E,G,S,G,L,G,Y,L,V,Q,V,A,P,M,A,G,D,L,E,Q,E,L,I,L,T,T,K,T,P,K,A,T,V,G,G,L,S,P,S,K,S,Y,T,V,Q,I,F,E,L,T,D,S,G,P,V,L,L,A,R,R,E,F,V,I,E,D,L,K,S,Q,S,L,G,R,G,S,Q,R,L,A,G,A,-,T,L,E,P,T,-,-,-,-,-,-,-,-,-,-,-,-,-,-,-,-,-,-,-,-,-,-,-,-,-,-,-,-,-,-,P,Q,F,Q,C,T,P,P,T,P,A,D,I,I,F,L,V,D,G,S,W,S,I,G,H,N,H,F,Q,Q,V,K,D,F,L,A,S,I,I,T,H,F,V,I,G,P,D,K,V,Q,V,G,L,T,Q,Y,S,G,D,P,Q,T,E,W,D,L,N,S,F,H,T,K,E,R,V,L,A,A,V,H,D,L,C,Y,K,G,G,N,T,F,T,G,L,A,L,T,H,V,L,E,Q,N,L,K,P,A,A,G,V,R,P,E,A,A,K,V,L,I,L,V,T,D,G,K,S,Q,D,D,V,R,T,A,A,G,I,L,K,D,Q,D,I,D,V,F,V,V,G,V,K,N,V,D,E,A,E,L,K,L,L,A,S,Q,P,L,D,I,T,V,H,N,V,L,D,F,P,Q,L,A,T,L,A,P,L,L,S,R,L,I,C,Q,K,I,Q,G,-,-,-,-,-,A,A,G,T,Q,V,L,D,P,L,P,T,P,T,K,L,I,L,T,H,A,T,S,S,S,I,H,L,S,W,T,P,A,L,Y,Q,P,L,K,Y,L,I,V,W,Q,P,S,R,G,G,A,P,K,E,V,V,V,E,G,P,V,S,S,M,D,L,G,N,L,T,S,N,T,E,Y,L,I,S,V,L,P,V,Y,E,S,G,V,G,K,S,L,Q,G,R,A,T,T,A,P,L,P,P,P,G,P,P,T,L,A,A,V,T,P,R,T,L,H,I,T,W,P,P,S,A,G,A,T,Q,Y,L,V,Q,Y,L,L,A,A,S,T,G,E,E,Q,K,K,E,V,H,V,G,Q,P,E,V,L,L,D,G,L,E,P,G,Q,D,Y,E,V,S,V,Q,S,L,R,G,P,E,A,S,E,A,Q,S,I,R,A,R,T,S,V,L,E,P,P,R,H,L,S,F,S,D,V,R,Y,N,S,T,C,V,S,W,E,A,-,Q,R,P,L,R,L,V,K,V,S,Y,I,S,S,D,G,S,H,S,G,Q,T,Q,V,P,G,N,V,T,S,A,I,L,G,P,L,S,S,S,T,T,Y,T,I,R,V,T,C,F,H,L,G,G,G,S,S,V,L,T,G,H,V,T,T,K,R,A,P,S,P,S,Q,L,S,V,T,E,L,P,G,G,A,V,Q,L,S,W,L,A,T,A,L,S,G,V,L,V,Y,Q,I,K,W,M,P,L,G,E,G,K,A,H,E,I,S,V,P,G,T,L,G,T,A,V,L,P,G,L,M,K,H,V,E,Y,E,I,T,I,L,A,Y,F,R,D,G,T,R,S,D,P,V,S,L,R,Y,T,P,S,A,A,S,R,S,P,P,S,S,L,A,L,S,S,E,T,P,N,S,L,Q,V,S,W,T,P,P,S,G,H,V,L,H,Y,R,L,N,Y,A,L,A,S,G,S,G,P,E,K,S,I,S,V,P,G,T,R,S,H,V,V,L,R,D,L,M,S,A,T,K,Y,R,V,L,V,S,A,V,Y,G,A,G,E,S,M,A,V,S,G,T,Y,R,T,A,A,C,P,A,L,H,P,D,S,S,L,S,G,F,D,L,M,V,A,F,G,L,V,A,K,E,Y,A,S,I,R,G,V,A,M,E,P,S,A,L,G,V,V,P,T,F,T,L,F,K,D,A,Q,L,M,R,R,V,D,I,Y,P,A,T,E,H,T,I,V,F,L,V,R,L,L,P,E,T,P,R,E,A,F,G,L,W,Q,M,M,A,E,D,F,Q,P,I,L,G,V,L,L,D,A,G,R,K,S,L,T,Y,F,N,H,D,S,R,A,A,L,Q,E,V,T,F,D,L,Q,E,V,K,K,I,F,F,G,S,F,H,K,V,H,I,A,V,G,H,S,K,V,R,L,Y,V,D,C,R,K,V,T,E,R,P,I,G,D,A,G,S,P,P,T,A,G,F,I,T,L,G,R,L,A,K,A,R,G,P,R,S,S,S,A,T,F,Q,L,Q,M,L,Q,I,V,C,S,D,T,W,A,D,K,D,R,C,C,E,L,P,A,L,R,D,G,E,T,C,P,A,F,P,S,A,C,A,Y,S,S,E,T,P,G,P,P,G,P,Q,G,P,P,G,L,P,G,R,N,G,T,P,G,Q,Q,G,H,P,G,P,K,G,E,P,G,P,P,G,Q,T,G,P,E,G,P,G,G,Q,Q,G,S,P,G,T,Q,G,R,A,V,Q,G,P,M,G,P,P,G,A,K,G,E,K,G,D,H,G,L,P,G,L,Q,G,L,S,G,Q,Q,G,M,P,G,K,T,G,P,Q,G,P,G,I,R,G,L,E,G,P,A,G,L,P,G,P,P,G,P,F,Q,G,L,A,G,A,R,G,T,N,G,E,R,G,P,P,G,A,V,G,P,G,L,P,G,P,K,G,E,R,G,E,K,H,V,L,K,L,N,S,F,H,E,N,A,R,P,P,M,P,-,-,-,-,-,-,-,-,-,-,-,-,-,-,-,-,-,-,-,-,E,A,L,L,W,G,H,I,L,H,P,-
Bison_bison_bison,G,L,C,L,Y,L,S,V,T,L,G,L,S,Q,A,S,G,R,L,R,L,A,V,L,P,E,D,R,L,Q,M,K,W,R,E,S,E,G,S,S,L,G,Y,L,V,Q,V,K,P,R,A,G,D,P,E,Q,E,V,M,L,T,T,K,T,P,K,A,T,V,G,G,L,S,P,S,K,G,Y,T,L,Q,I,F,E,L,T,G,S,G,N,I,L,L,A,R,R,E,F,V,I,E,D,L,K,S,N,S,M,S,R,S,S,Q,R,P,L,G,A,-,T,L,E,P,T,P,S,L,V,G,S,P,D,L,-,-,-,-,E,P,P,G,A,L,A,P,S,Q,D,P,P,T,L,G,R,P,Q,F,R,C,T,P,P,M,P,V,D,M,I,F,L,V,D,G,S,W,S,I,G,H,S,H,F,Q,Q,V,K,D,F,L,A,S,V,I,E,P,F,E,I,G,P,G,K,V,Q,V,G,L,T,Q,Y,S,G,A,P,Q,T,E,W,D,L,N,A,F,G,T,K,E,E,V,L,N,A,V,H,N,L,H,Y,R,G,G,N,T,F,T,G,L,A,L,T,H,V,L,E,Q,N,L,K,P,R,A,G,L,R,P,E,A,A,K,L,V,I,L,V,T,D,G,K,S,Q,D,D,-,-,-,-,-,-,-,-,-,-,-,-,-,-,-,-,-,-,G,V,K,N,A,D,E,T,E,L,R,L,L,A,S,Q,P,L,D,I,T,V,H,N,V,Q,D,F,P,Q,L,G,T,L,S,G,L,L,S,R,L,I,C,Q,K,V,Q,G,R,S,P,R,G,-,-,A,T,P,A,L,D,P,P,P,A,P,T,R,L,V,L,T,Q,V,T,S,S,S,V,L,L,S,W,S,P,A,P,Q,P,P,L,K,Y,L,I,V,W,R,P,S,K,G,G,T,P,R,E,V,V,V,E,G,P,T,S,S,A,Q,L,H,N,L,T,S,S,T,E,Y,L,V,S,V,F,P,L,Y,K,A,G,V,G,E,G,L,Q,G,L,A,T,T,A,P,L,P,P,P,Q,A,L,T,-,-,-,-,-,-,-,-,-,R,L,T,W,Q,P,S,A,E,A,T,Q,Y,L,V,R,W,S,P,A,S,P,K,G,E,E,E,R,R,E,V,R,V,G,R,P,E,V,L,L,D,G,L,A,P,G,R,D,Y,D,V,W,V,Q,S,L,R,G,A,E,I,S,E,A,Q,G,I,R,A,R,T,P,A,L,T,T,P,R,H,L,S,F,S,D,V,S,H,D,S,A,R,V,S,W,E,G,T,A,R,P,V,R,L,F,R,V,S,Y,I,S,G,K,G,G,H,S,G,Q,T,E,V,P,G,N,A,T,S,A,I,L,G,P,L,S,S,S,T,T,Y,M,V,R,V,T,C,L,Y,P,G,G,S,S,S,T,L,T,G,R,L,T,T,R,K,V,P,S,P,S,Q,L,S,V,T,E,L,P,G,D,E,V,R,L,E,W,A,A,A,A,V,S,G,V,L,V,Y,Q,I,T,W,T,P,L,G,E,G,K,A,R,E,I,S,V,P,G,N,L,G,T,A,I,L,P,G,L,G,R,H,S,E,Y,E,I,T,I,L,A,Y,Y,R,D,G,A,R,S,D,P,V,S,L,R,Y,T,P,-,-,V,S,R,S,P,P,S,N,L,A,L,A,S,E,S,P,D,S,L,R,V,S,W,T,P,P,S,S,H,V,L,H,Y,R,L,S,Y,A,L,A,S,G,S,G,P,E,K,S,I,S,I,P,G,P,G,S,H,V,T,I,P,D,L,L,A,A,T,K,Y,R,V,L,V,S,A,I,Y,G,A,G,E,S,M,A,V,S,A,T,G,R,T,-,A,C,P,A,L,H,L,D,G,S,L,P,G,F,D,L,M,A,A,F,G,L,V,E,K,E,Y,A,S,I,R,G,V,A,M,E,P,S,A,F,G,P,T,R,T,F,T,L,F,K,D,S,Q,L,T,R,R,A,D,I,H,L,A,T,E,H,T,V,V,F,L,L,R,L,L,P,E,T,P,R,E,A,F,A,L,W,Q,V,A,S,E,D,F,Q,P,I,L,G,V,L,L,D,A,G,R,K,S,L,T,Y,F,N,R,D,P,R,A,T,L,Q,E,V,T,F,D,L,P,E,V,R,R,I,F,F,G,S,F,H,K,V,H,V,A,V,G,R,A,R,V,R,L,Y,V,D,C,R,K,V,A,E,R,P,I,G,E,A,G,G,L,P,A,A,G,F,V,M,L,G,R,L,A,K,A,R,G,P,R,S,S,S,A,S,F,Q,L,Q,V,L,Q,I,V,C,N,D,S,W,A,E,E,D,R,C,C,E,L,P,A,S,K,E,G,E,S,C,P,A,F,P,S,A,C,A,C,S,S,Q,T,P,G,P,P,G,P,Q,G,P,P,G,L,P,G,R,N,G,A,P,G,E,Q,G,F,P,G,P,R,G,E,P,-,-,-,-,-,-,-,-,-,-,-,-,-,-,-,-,-,-,-,-,-,-,-,-,-,-,-,-,-,G,P,P,G,Q,M,G,P,E,G,P,G,G,Q,-,-,-,Q,G,S,P,G,T,Q,G,R,T,-,-,-,-,I,Q,G,P,G,M,R,G,L,E,G,T,A,G,L,P,G,P,P,G,P,F,Q,G,T,V,G,A,R,G,S,N,G,E,R,G,P,P,G,A,V,G,P,G,L,P,G,P,K,G,E,R,G,E,K,H,V,L,K,L,H,A,C,H,E,S,T,R,P,P,M,P,I,L,E,A,P,R,A,L,-,-,-,-,-,-,-,-,G,T,S,N,K,A,R,L,G,G,H,G,G,P,H,P
Bos_indicus,G,L,C,L,Y,L,S,V,T,L,G,L,S,Q,A,S,G,R,L,R,L,A,V,L,P,E,D,R,L,Q,M,K,W,R,E,S,E,G,S,S,L,G,Y,L,V,Q,V,K,P,R,A,G,D,P,E,Q,E,V,M,L,T,T,K,T,P,K,A,T,V,G,G,L,S,P,S,K,G,Y,T,L,Q,I,F,E,L,T,G,S,G,N,I,L,L,A,R,R,E,F,V,I,E,D,L,K,S,N,S,V,S,R,S,S,Q,R,P,L,G,A,-,T,L,E,P,T,P,S,L,V,G,S,P,D,L,-,-,-,-,E,P,P,G,A,L,A,P,S,Q,D,P,P,T,L,-,-,P,Q,F,R,C,T,P,P,M,P,V,D,M,I,F,L,V,D,G,S,W,S,I,G,H,S,H,F,Q,Q,V,K,D,F,L,A,S,V,I,E,P,F,E,I,G,P,G,K,V,Q,V,G,L,T,Q,Y,S,G,A,P,Q,T,E,W,D,L,N,A,F,G,T,K,E,E,V,L,N,A,V,H,N,L,H,Y,R,G,G,N,T,F,T,G,L,A,L,T,H,V,L,E,Q,N,L,K,P,R,A,G,L,R,P,E,A,A,K,L,V,I,L,V,T,D,G,K,S,Q,D,D,A,H,A,A,G,H,V,L,K,G,L,G,V,D,I,F,A,V,G,V,K,N,A,D,E,T,E,L,R,L,L,A,S,Q,P,L,D,I,T,V,H,N,V,Q,D,F,P,Q,L,S,T,L,S,G,L,L,S,R,L,I,C,Q,K,V,Q,G,R,S,P,R,G,-,-,A,T,P,A,L,D,P,P,P,A,P,T,R,L,V,L,T,Q,V,T,S,S,S,V,L,L,S,W,S,L,A,P,Q,P,P,L,K,Y,L,I,V,W,R,P,S,K,G,G,T,P,R,E,V,V,V,E,G,P,T,S,S,A,Q,L,H,N,L,T,S,S,T,E,Y,L,V,S,V,F,P,L,Y,K,A,G,V,G,E,G,L,Q,G,L,A,T,T,A,P,L,P,P,P,Q,A,L,T,L,A,A,V,T,P,K,T,V,R,L,T,W,Q,P,S,A,E,A,T,Q,Y,L,V,R,W,S,P,A,S,P,K,G,E,E,E,R,R,E,V,R,V,G,R,P,E,V,L,L,D,G,L,A,P,G,R,D,Y,D,V,W,V,Q,S,L,R,G,A,E,I,S,E,A,Q,G,I,R,A,R,T,P,A,L,T,T,P,R,H,L,S,F,S,D,V,S,H,D,S,A,R,V,S,W,E,G,T,A,R,P,V,R,L,F,R,V,S,Y,I,S,G,K,G,G,H,S,G,Q,T,E,V,P,G,N,A,T,S,A,I,L,G,P,L,S,S,S,T,T,Y,M,V,R,V,T,C,L,Y,P,G,G,S,S,S,T,L,T,G,R,L,T,T,R,K,V,P,S,P,S,Q,L,S,V,T,E,L,P,G,D,E,V,R,L,E,W,A,A,A,A,V,S,G,V,L,V,Y,Q,I,T,W,T,P,L,G,E,G,K,A,R,E,I,S,V,P,G,N,L,G,T,A,I,L,P,G,L,G,R,H,S,E,Y,E,I,T,I,L,A,Y,Y,R,D,G,A,R,S,D,P,V,S,L,R,Y,T,P,-,-,V,S,R,S,P,P,S,N,L,A,L,A,S,E,S,P,D,S,L,Q,V,S,W,T,P,P,S,S,H,V,L,H,Y,R,L,S,Y,A,L,A,S,G,S,G,P,E,K,S,I,S,I,P,G,P,G,S,H,V,T,I,P,D,L,L,A,A,T,K,Y,R,V,L,V,S,A,I,Y,G,A,G,E,S,V,A,V,S,A,T,G,R,T,-,A,C,P,A,L,H,L,D,G,S,L,P,G,F,D,L,M,A,A,F,G,L,V,E,K,E,Y,A,S,I,R,G,V,A,M,E,P,S,A,F,G,P,T,R,T,F,T,L,F,K,D,S,Q,L,T,R,R,A,D,I,H,L,A,T,E,H,T,V,V,F,L,L,R,L,L,P,E,T,P,R,E,A,F,A,L,W,Q,V,A,S,E,D,F,Q,P,I,L,G,V,L,L,D,A,G,R,K,S,L,T,Y,F,N,R,D,P,R,A,T,L,Q,E,V,T,F,D,L,P,E,V,R,R,I,F,F,G,S,F,H,K,V,H,V,A,V,G,R,A,R,V,R,L,Y,V,D,C,R,K,V,A,E,R,P,F,G,E,A,G,G,L,P,A,A,G,F,V,M,L,G,R,L,A,K,A,R,G,P,R,S,S,S,A,S,F,Q,L,Q,V,L,Q,I,V,C,N,D,S,W,A,E,E,D,R,C,C,E,L,P,A,S,K,E,-,E,S,C,P,A,F,P,S,A,C,A,C,S,S,Q,T,P,G,P,P,G,P,Q,G,P,P,G,L,P,G,R,N,G,A,P,G,E,Q,G,F,P,G,P,R,-,-,-,-,-,-,-,-,-,-,-,-,-,-,-,-,-,-,-,-,-,-,-,-,-,-,-,-,-,-,-,-,G,P,P,G,V,K,G,E,K,G,D,H,G,H,P,G,L,Q,G,H,P,G,L,Q,G,T,P,G,K,I,G,I,Q,G,P,G,M,R,G,L,E,G,T,A,G,L,P,G,P,P,G,P,F,Q,G,T,A,G,A,R,G,S,N,G,E,R,G,P,P,G,A,V,G,P,G,L,P,G,P,K,G,E,R,G,E,K,H,V,L,K,L,H,A,C,H,E,S,T,R,P,P,M,P,I,L,E,A,P,R,A,L,-,-,-,-,-,-,-,-,G,T,S,N,K,A,R,L,G,G,H,G,G,P,H,P
Bos_mutus,G,L,C,L,Y,L,S,V,T,L,G,L,S,Q,V,S,G,R,L,R,L,A,V,L,P,E,D,R,L,Q,M,K,W,R,E,S,E,G,S,S,L,G,Y,L,V,Q,V,K,P,R,A,G,D,P,E,Q,E,V,M,L,T,T,K,T,P,K,A,T,V,G,G,L,S,P,S,K,G,Y,T,L,Q,I,F,E,L,T,G,S,G,N,I,L,L,A,R,R,E,F,V,I,E,D,L,K,S,N,S,V,S,R,S,S,Q,R,P,L,G,A,-,T,L,E,P,T,P,S,L,V,G,S,P,D,L,-,-,-,-,E,P,P,G,A,L,A,P,S,Q,D,P,P,T,L,G,R,P,Q,F,R,C,T,P,P,M,P,V,D,M,I,F,L,V,D,G,S,W,S,I,G,H,S,H,F,Q,Q,V,K,D,F,L,A,S,V,I,E,P,F,E,I,G,P,G,K,V,Q,V,G,L,T,Q,Y,S,G,A,P,Q,T,E,W,D,L,N,A,F,G,T,K,E,E,V,L,N,A,V,H,N,L,H,Y,R,G,G,N,T,F,T,G,L,A,L,T,H,V,L,E,Q,N,L,K,P,R,A,G,L,R,P,E,A,A,K,L,V,I,L,V,T,D,G,K,S,Q,D,D,A,H,A,A,G,H,V,L,K,D,L,G,V,D,I,F,A,V,G,V,K,N,A,D,E,T,E,L,R,L,L,A,P,Q,P,L,D,I,T,V,H,N,V,Q,D,F,P,Q,L,G,T,L,S,G,L,L,S,R,L,I,C,Q,K,V,Q,G,R,S,P,R,G,-,-,A,T,P,A,L,D,P,P,P,A,P,T,R,L,V,L,T,Q,V,T,S,S,S,V,L,L,S,W,S,P,A,P,Q,P,P,L,K,Y,L,I,V,W,R,P,S,K,G,G,T,P,R,E,V,V,V,E,G,P,T,S,S,A,Q,L,H,N,L,T,S,S,T,E,Y,L,V,S,V,F,P,L,Y,K,A,G,V,G,E,G,L,Q,G,L,A,T,T,A,P,L,P,P,P,Q,A,L,T,L,A,A,V,T,P,K,T,V,R,L,T,W,Q,P,S,A,E,A,T,Q,Y,L,V,R,W,S,P,A,S,P,K,G,E,E,E,R,R,E,V,R,V,G,R,P,E,V,L,L,D,G,L,A,P,G,R,D,Y,D,V,W,V,Q,S,L,R,G,A,E,I,S,E,A,Q,G,I,R,A,R,T,P,A,L,T,T,P,R,H,L,S,F,S,D,V,S,H,D,S,A,R,V,S,W,E,G,T,A,R,P,V,R,L,F,R,V,S,Y,I,S,G,K,G,G,H,S,G,Q,T,E,V,P,G,N,A,T,S,A,I,L,G,P,L,S,S,S,T,T,Y,M,V,R,V,T,C,L,Y,P,G,G,S,S,S,T,L,T,G,R,L,T,T,R,K,V,P,S,P,S,Q,L,S,V,T,E,L,P,G,D,E,V,R,L,E,W,A,A,A,A,V,S,G,V,L,V,Y,Q,I,T,W,T,P,L,G,E,G,K,A,R,E,I,S,V,P,G,N,L,G,T,A,I,L,P,G,L,G,R,H,S,E,Y,E,I,T,I,L,A,Y,Y,R,D,G,A,R,S,D,P,V,S,L,R,Y,T,P,-,-,V,S,R,S,P,P,S,N,L,A,L,A,S,E,S,P,D,S,L,R,V,S,W,T,P,P,S,S,H,V,L,H,Y,R,L,S,Y,A,L,A,S,G,S,G,P,E,K,S,I,S,I,P,G,P,G,S,H,V,T,I,P,D,L,L,A,A,T,K,Y,R,V,L,V,S,A,I,Y,G,A,G,E,S,V,A,V,S,A,T,G,R,T,-,A,C,P,A,L,H,L,D,G,S,L,P,G,F,D,L,M,A,A,F,G,L,V,E,K,E,Y,A,S,I,R,G,V,A,M,E,P,S,A,F,G,P,T,R,T,F,T,L,F,K,D,S,Q,L,T,R,R,A,D,I,H,L,A,T,E,H,T,V,V,F,L,L,R,L,L,P,E,T,P,R,E,A,F,A,L,W,Q,V,A,S,E,D,F,Q,P,I,L,G,V,L,L,D,A,G,R,K,S,L,T,Y,F,N,R,D,P,R,A,T,L,Q,E,V,T,F,D,L,P,E,V,R,R,I,F,F,G,S,F,H,K,V,H,V,A,V,G,R,A,R,V,R,L,Y,V,D,C,R,K,V,A,E,R,P,I,G,E,A,G,G,L,P,A,A,G,F,V,M,L,G,R,L,A,K,A,R,G,P,R,S,S,S,A,S,F,Q,L,Q,V,L,Q,I,V,C,N,D,S,W,A,E,E,D,R,C,C,E,L,P,A,S,K,E,G,E,S,C,P,A,F,P,S,A,C,A,C,S,S,Q,T,P,G,P,P,G,P,Q,G,P,P,G,L,P,G,R,N,G,A,P,G,E,Q,G,F,P,G,P,R,-,-,-,-,-,-,-,-,-,-,-,-,-,-,-,-,-,-,-,-,-,-,-,-,-,-,-,-,-,-,-,-,G,P,P,G,V,K,G,E,K,G,D,H,G,H,P,G,L,Q,G,H,P,G,L,Q,G,T,P,G,K,I,G,I,Q,G,P,G,M,R,G,L,E,G,T,A,G,L,P,G,P,P,G,P,F,Q,G,T,A,G,A,R,G,S,N,G,E,R,G,P,P,G,A,V,G,P,G,L,P,G,P,K,G,E,R,G,E,K,H,V,L,K,L,H,A,C,H,E,S,T,R,P,P,M,P,I,L,E,A,P,R,A,L,-,-,-,-,-,-,-,-,G,T,R,N,K,A,R,L,G,G,H,G,G,P,H,P
Bos_taurus,G,L,C,L,Y,L,S,V,T,L,G,L,S,Q,A,S,G,R,L,R,L,A,V,L,P,E,D,R,L,Q,M,K,W,R,E,S,E,G,S,S,L,G,Y,L,V,Q,V,K,P,R,A,G,D,P,E,Q,E,V,M,L,T,T,K,T,P,K,A,T,V,G,G,L,S,P,S,K,G,Y,T,L,Q,I,F,E,L,T,G,S,G,N,I,L,L,A,R,R,E,F,V,I,E,D,L,K,S,N,S,V,S,R,S,S,Q,R,P,L,G,A,-,T,L,E,P,T,P,S,L,V,G,S,P,D,L,-,-,-,-,E,P,P,G,A,L,A,P,S,Q,D,P,P,T,L,-,-,P,Q,F,R,C,T,P,P,M,P,V,D,M,I,F,L,V,D,G,S,W,S,I,G,H,S,H,F,Q,Q,V,K,D,F,L,A,S,V,I,E,P,F,E,I,G,P,G,K,V,Q,V,G,L,T,Q,Y,S,G,A,P,Q,T,E,W,D,L,N,A,F,G,T,K,E,E,V,L,N,A,V,H,N,L,H,Y,R,G,G,N,T,F,T,G,L,A,L,T,H,V,L,E,Q,N,L,K,P,R,A,G,L,R,P,E,A,A,K,L,V,I,L,V,T,D,G,K,S,Q,D,D,A,H,T,A,G,H,V,L,K,G,L,G,V,D,I,F,A,V,G,V,K,N,A,D,E,T,E,L,R,L,L,A,S,Q,P,L,D,I,T,V,H,N,V,Q,D,F,P,Q,L,S,T,L,S,G,L,L,S,R,L,I,C,Q,K,V,Q,G,R,S,P,R,G,-,-,A,T,P,A,L,D,P,P,P,A,P,T,R,L,V,L,T,Q,V,T,S,S,S,V,L,L,S,W,S,P,A,P,Q,P,P,L,K,Y,L,I,V,W,R,P,S,K,G,G,T,P,R,E,V,V,V,E,G,P,T,S,S,A,Q,L,H,N,L,T,S,S,T,E,Y,L,V,S,V,F,P,L,Y,K,A,G,V,G,E,G,L,Q,G,L,A,T,T,A,P,L,P,P,P,Q,A,L,T,L,A,A,V,T,P,K,T,V,R,L,T,W,Q,P,S,A,E,A,T,Q,Y,L,V,R,W,S,P,A,S,P,K,G,E,E,E,R,R,E,V,R,V,G,R,P,E,V,L,L,D,G,L,A,P,G,R,D,Y,D,V,W,V,Q,S,L,R,G,A,E,I,S,E,A,Q,G,I,R,A,R,T,P,A,L,T,T,P,R,H,L,S,F,S,D,V,S,H,D,S,A,R,V,S,W,E,G,T,A,R,P,V,R,L,F,R,V,S,Y,I,S,G,K,G,G,H,S,G,Q,T,E,V,P,G,N,A,T,S,A,I,L,G,P,L,S,S,S,T,T,Y,M,V,R,V,T,C,L,Y,P,G,G,S,S,S,T,L,T,S,R,L,T,T,R,K,V,P,S,P,S,Q,L,S,V,T,E,L,P,G,D,E,V,R,L,E,W,A,A,A,A,V,S,G,V,L,V,Y,Q,I,T,W,M,P,L,G,E,G,K,A,R,E,I,S,V,P,G,N,L,G,T,A,I,L,P,G,L,G,R,H,S,E,Y,E,I,T,I,L,A,Y,Y,R,D,G,A,R,S,D,P,V,S,L,R,Y,T,P,-,-,V,S,R,S,P,P,S,N,L,A,L,A,S,E,S,P,D,S,L,R,V,S,W,T,P,P,S,S,H,V,L,H,Y,R,L,S,Y,A,L,A,S,G,S,G,P,E,K,S,I,S,I,P,G,P,G,S,H,V,T,I,P,D,L,L,A,A,T,K,Y,R,V,L,V,S,A,I,Y,G,A,G,E,S,V,A,V,S,A,T,G,R,T,A,A,C,P,A,L,H,L,D,G,S,L,P,G,F,D,L,M,A,A,F,G,L,V,E,K,E,Y,A,S,I,R,G,V,A,M,E,P,S,A,F,G,P,T,R,T,F,T,L,F,K,D,S,Q,L,T,R,R,A,D,I,H,L,A,T,E,H,T,V,V,F,L,L,R,L,L,P,E,T,P,R,E,A,F,A,L,W,Q,V,A,S,E,D,F,Q,P,I,L,G,V,L,L,D,A,G,R,K,S,L,T,Y,F,N,R,D,P,R,A,T,L,Q,E,V,T,F,D,L,P,E,V,R,R,I,F,F,G,S,F,H,K,V,H,V,A,V,G,R,A,R,V,R,L,Y,V,D,C,R,K,V,A,E,R,P,I,G,E,A,G,G,L,P,A,A,G,F,V,M,L,G,R,L,A,K,A,R,G,P,R,S,S,S,A,S,F,Q,L,Q,V,L,Q,L,V,C,N,D,S,W,A,E,E,D,R,C,C,E,L,P,A,S,K,E,G,E,S,C,P,A,F,P,S,A,C,A,C,S,S,Q,T,P,G,P,P,G,P,Q,G,P,P,G,L,P,G,R,N,G,A,P,G,E,Q,G,F,P,G,P,R,G,E,P,G,P,P,G,Q,M,G,P,E,G,P,G,G,Q,Q,G,S,P,G,T,Q,G,R,T,I,Q,G,P,V,G,P,P,G,V,K,G,E,K,G,D,H,G,H,P,G,L,Q,G,H,P,G,L,Q,G,T,P,G,K,I,G,I,Q,G,P,G,M,R,G,L,E,G,T,A,G,L,P,G,P,P,G,P,F,Q,G,T,S,G,A,R,G,S,N,G,E,R,G,P,P,G,A,V,G,P,G,L,P,G,P,K,G,E,R,G,E,K,H,V,L,K,L,H,A,C,H,E,S,T,R,P,P,M,P,I,L,E,A,P,R,A,L,-,-,-,-,-,-,-,-,G,T,S,N,K,A,R,L,G,G,H,G,G,P,H,P
Bubalus_bubalis,G,L,C,L,Y,L,S,V,T,L,G,L,S,Q,A,S,G,R,L,R,L,V,V,L,P,E,D,R,L,Q,M,K,W,R,E,S,E,G,S,S,L,G,Y,L,V,Q,V,K,P,R,A,G,D,P,E,Q,E,V,M,L,T,T,K,T,P,K,A,T,V,G,G,L,S,P,S,K,G,Y,T,L,Q,I,F,E,L,T,G,S,G,N,I,L,L,A,R,R,E,F,V,I,E,D,L,K,S,N,S,V,S,R,S,S,Q,R,P,L,G,A,-,T,L,E,P,T,P,S,L,V,G,S,P,D,L,-,-,-,-,E,P,P,G,A,L,A,P,S,Q,D,P,P,T,L,G,R,P,Q,F,R,C,T,P,P,M,P,A,D,M,I,F,L,V,D,G,S,W,S,I,G,R,S,H,F,Q,Q,V,K,D,F,L,A,S,V,I,E,P,F,E,I,G,P,G,K,V,Q,V,G,L,T,Q,Y,S,G,A,P,Q,T,E,W,D,L,N,D,F,G,T,K,E,E,V,L,N,A,V,H,N,L,R,Y,R,G,G,N,T,F,T,G,L,A,L,T,H,V,L,E,Q,N,L,K,P,R,A,G,L,R,P,E,A,A,K,L,V,I,L,V,T,D,G,K,S,Q,D,D,A,H,A,A,G,H,V,L,K,G,L,G,V,D,I,F,A,V,G,V,K,N,A,D,E,T,E,L,R,L,L,A,S,Q,P,L,D,I,T,V,H,N,V,Q,D,F,P,Q,L,G,T,L,S,G,L,L,S,R,L,I,C,Q,K,V,Q,G,R,S,P,R,G,-,-,A,T,P,A,L,D,P,P,P,A,P,T,R,L,V,L,T,Q,V,T,S,S,S,V,L,L,S,W,S,P,A,P,Q,P,P,L,K,Y,L,I,V,W,R,P,S,K,G,G,T,P,R,E,V,V,V,E,G,P,T,S,S,A,Q,L,N,N,L,T,S,S,T,E,Y,L,V,S,V,F,P,L,Y,K,A,G,V,G,E,G,L,Q,G,L,V,T,T,A,P,L,P,P,P,Q,A,L,T,L,A,A,V,T,P,K,T,V,R,L,T,W,Q,P,S,A,E,A,T,Q,Y,L,V,R,W,S,S,A,S,P,K,G,E,E,E,R,R,E,V,R,V,G,R,P,E,V,L,L,D,G,L,A,P,G,R,D,Y,E,V,W,V,Q,S,L,Q,G,A,E,I,S,E,A,Q,G,I,R,A,R,T,P,A,L,A,T,P,R,H,L,S,F,S,D,V,S,H,D,S,A,R,V,S,W,E,G,T,T,R,P,V,R,L,F,R,V,T,Y,I,S,G,K,G,G,H,S,G,Q,T,E,V,P,G,N,A,T,S,A,I,L,G,P,L,S,S,S,T,T,Y,M,V,R,V,T,C,L,Y,P,G,G,S,S,S,T,L,T,G,R,L,T,T,R,K,V,P,S,P,S,Q,L,S,V,T,E,L,P,G,D,K,V,R,L,E,W,A,A,A,A,V,S,G,V,L,V,Y,Q,I,T,W,M,P,L,G,E,G,K,A,R,E,I,S,V,P,G,N,L,G,T,A,I,L,P,G,L,G,R,H,S,E,Y,E,I,T,I,L,A,Y,Y,R,D,G,A,R,S,D,P,V,S,L,R,Y,T,P,-,-,V,S,R,S,P,P,S,N,L,A,L,A,S,E,S,P,D,S,L,R,V,S,W,T,P,P,S,S,H,V,L,H,Y,R,L,S,Y,A,P,A,S,G,S,G,P,E,K,L,I,S,I,P,G,P,G,S,H,V,T,I,P,D,L,L,A,A,T,K,Y,R,V,L,V,S,A,I,Y,G,A,G,E,S,V,A,V,S,A,T,G,R,T,-,A,C,P,A,L,H,L,D,G,A,L,P,G,F,D,L,M,A,A,F,G,L,V,E,K,E,Y,A,S,I,R,G,V,A,M,E,P,S,A,F,G,P,T,R,T,F,T,L,F,K,D,S,Q,L,T,R,R,A,D,I,H,L,A,T,E,H,T,V,V,F,L,L,R,L,L,P,E,T,P,R,E,A,F,A,L,W,Q,V,A,S,E,D,F,Q,P,I,L,G,V,L,L,D,A,G,R,K,S,L,T,Y,F,N,R,D,P,R,A,T,L,Q,E,V,T,F,D,L,P,E,V,R,R,I,F,F,G,S,F,H,K,V,H,V,A,V,G,R,A,R,V,R,L,Y,V,D,C,R,K,V,A,E,R,P,I,G,E,A,G,G,L,P,A,T,G,F,V,M,L,G,R,L,A,K,A,R,G,P,R,S,S,S,A,S,F,Q,L,Q,V,L,Q,I,V,C,N,D,S,W,A,E,E,D,R,C,C,E,L,P,A,S,K,E,G,K,S,C,P,A,F,Q,S,A,C,A,C,S,S,Q,T,P,G,P,P,G,P,Q,G,P,P,G,L,P,G,R,N,G,A,P,G,E,Q,G,F,P,G,P,R,G,E,P,G,P,P,G,Q,M,G,P,E,G,P,G,G,Q,Q,G,S,P,G,T,Q,G,R,T,I,Q,G,P,V,G,P,P,G,V,K,G,E,K,G,D,H,G,H,P,G,L,Q,G,H,P,G,L,Q,G,T,P,G,K,I,G,I,Q,G,P,G,M,R,G,L,E,G,T,A,G,L,P,G,P,P,G,P,F,Q,G,T,A,G,A,R,G,S,N,G,E,R,G,P,P,G,A,V,G,P,G,L,P,G,P,K,G,E,R,G,E,K,H,V,L,K,L,H,A,C,H,E,S,T,R,P,P,M,P,I,L,E,A,P,R,A,L,-,-,-,-,-,-,-,-,G,T,S,S,K,A,R,L,G,G,H,G,G,P,R,P
Budorcas_taxicolor,G,L,C,L,Y,L,S,V,T,L,G,L,S,Q,A,S,G,R,L,R,L,T,V,L,P,E,D,R,L,Q,M,K,W,R,E,S,E,G,S,S,L,G,Y,L,V,Q,V,K,P,R,A,G,D,P,E,Q,E,V,M,L,T,T,K,T,P,K,A,T,V,G,G,L,S,P,S,K,G,Y,T,L,Q,I,F,E,L,T,G,S,G,N,I,L,L,A,R,R,E,F,V,I,E,D,L,K,S,N,S,V,S,R,S,G,Q,R,P,L,G,A,-,T,L,E,P,T,P,S,L,V,G,S,P,D,L,-,-,-,-,K,P,P,G,A,L,A,P,S,Q,D,P,P,T,P,G,R,P,Q,F,R,C,T,P,P,M,P,A,D,M,I,F,L,V,D,G,S,W,S,I,G,H,S,H,F,Q,Q,V,K,D,F,L,A,S,V,I,E,P,F,E,I,G,P,G,K,V,Q,V,G,L,T,Q,Y,S,G,A,P,Q,T,E,W,D,L,N,A,F,G,T,K,E,E,V,L,N,A,V,H,N,L,R,Y,R,G,G,N,T,F,T,G,L,A,L,T,H,V,L,E,Q,N,L,K,P,R,A,G,L,R,P,E,A,A,K,L,V,I,L,V,T,D,G,K,S,Q,D,D,A,H,A,A,G,H,V,L,K,G,L,G,V,D,I,F,A,V,G,V,K,N,A,D,E,T,E,L,R,L,L,A,S,Q,P,L,D,I,T,V,H,N,V,Q,D,F,P,Q,L,G,T,L,S,G,L,L,S,R,L,I,C,Q,K,V,Q,G,R,S,P,R,R,-,-,A,T,L,A,L,D,P,P,P,A,P,T,R,L,V,L,T,Q,V,T,S,S,S,I,L,L,S,W,S,P,A,P,Q,P,P,L,K,Y,L,I,V,W,R,P,S,K,G,G,A,P,R,E,V,V,V,E,G,P,T,S,S,A,Q,L,H,N,L,T,S,G,T,E,Y,L,V,S,V,F,P,L,Y,K,A,G,V,G,E,G,L,Q,G,L,A,T,T,A,P,L,P,P,P,Q,A,L,T,L,A,S,V,T,P,K,T,V,R,L,T,W,Q,P,S,A,E,A,T,Q,Y,L,V,R,W,S,P,A,S,P,K,G,K,E,E,R,R,E,V,R,V,G,R,P,E,V,L,L,D,S,L,A,P,G,R,D,Y,E,V,W,V,Q,S,L,R,G,A,E,T,S,E,A,Q,G,I,R,A,R,T,P,A,L,A,T,P,R,H,L,S,F,S,D,V,S,H,D,S,A,R,V,S,W,E,G,T,A,R,P,V,R,Q,F,R,V,S,Y,V,S,G,K,G,G,H,S,G,Q,M,E,V,P,G,N,A,T,S,A,T,L,G,P,L,S,S,S,T,T,Y,M,V,R,V,T,C,L,Y,P,G,G,S,S,S,T,L,T,G,R,L,T,T,R,K,V,P,S,P,S,Q,L,S,V,T,E,L,P,G,D,E,V,R,L,E,W,A,A,A,A,V,S,G,V,L,V,Y,Q,I,T,W,M,P,L,G,E,G,K,A,R,E,I,S,V,P,G,N,L,G,T,A,I,L,P,G,L,G,R,H,S,E,Y,E,I,T,I,L,A,Y,Y,R,D,G,A,R,S,D,P,V,S,L,R,Y,T,P,-,-,V,S,Q,S,P,P,S,N,L,A,L,A,S,E,S,P,D,S,L,W,V,S,W,T,P,P,S,S,H,V,L,H,Y,R,L,S,Y,A,L,A,S,G,S,G,P,E,K,S,I,S,I,P,G,P,R,S,H,V,T,I,P,D,L,L,A,A,T,K,Y,R,V,L,V,S,A,I,Y,G,A,G,E,S,V,A,V,S,A,T,G,R,T,-,A,C,P,A,L,H,L,D,G,S,P,P,G,F,D,L,M,A,A,F,G,L,V,E,K,E,Y,A,S,I,R,G,V,A,M,E,P,S,A,F,G,P,T,R,T,F,T,L,F,K,D,S,Q,L,T,R,R,A,D,I,H,L,A,T,E,H,T,V,V,F,L,L,R,L,L,P,E,T,P,R,E,A,F,A,L,W,Q,V,A,S,E,D,F,Q,P,I,L,G,V,L,L,D,A,G,R,K,S,L,T,Y,F,N,R,D,P,R,A,T,L,Q,E,V,T,F,D,L,P,E,V,R,R,I,F,F,G,S,F,H,K,V,H,V,A,V,G,H,S,K,V,R,L,Y,V,D,C,R,K,V,A,E,R,P,I,G,E,A,S,S,L,P,A,A,G,F,I,M,L,G,R,L,A,K,A,R,G,P,R,S,S,S,A,S,F,Q,L,Q,V,L,Q,I,V,C,N,D,S,W,A,E,E,D,R,C,C,E,L,P,A,S,K,E,G,E,S,C,P,A,F,P,S,A,C,A,C,S,S,Q,T,R,G,P,P,G,P,Q,G,P,P,G,L,P,G,R,N,G,A,P,G,E,Q,G,F,P,G,P,R,-,-,-,-,-,-,-,-,-,-,-,-,-,-,-,-,-,-,-,-,-,-,-,-,-,-,-,-,-,-,-,-,G,P,P,G,V,K,G,E,K,G,D,H,G,H,P,G,L,Q,G,Q,P,G,L,Q,G,T,P,G,K,V,G,V,Q,G,P,G,M,R,G,L,E,G,T,A,G,L,P,G,P,P,G,P,F,Q,G,T,A,G,A,R,G,S,N,G,E,Q,G,P,P,G,A,V,G,P,G,L,P,G,P,K,G,E,R,G,E,K,H,V,L,K,L,H,A,C,H,E,S,T,R,P,P,M,P,I,L,E,A,P,R,A,L,-,-,-,-,-,-,-,-,G,T,S,S,K,A,R,L,V,G,H,G,G,P,R,P
Callithrix_jacchus,C,L,W,L,W,L,G,A,I,L,G,R,E,Q,A,S,G,R,L,R,L,A,V,L,P,E,D,Q,L,Q,M,K,W,R,E,S,E,G,S,G,L,G,Y,L,V,Q,V,K,P,M,A,G,D,S,E,Q,E,V,I,L,T,T,K,T,P,K,A,T,V,G,G,L,S,P,S,K,G,Y,T,L,Q,I,F,E,L,T,G,S,G,H,V,L,L,A,R,R,E,F,V,I,E,E,L,K,S,S,S,L,D,R,S,S,R,R,S,L,S,S,G,T,P,E,P,T,P,S,L,V,G,S,P,G,P,E,Q,A,S,E,P,R,V,A,F,E,P,S,R,D,L,P,T,P,A,A,P,Q,F,R,C,L,P,P,M,P,A,D,M,V,F,L,V,D,G,S,W,S,I,G,H,S,H,F,Q,Q,V,K,D,F,L,A,S,V,I,T,P,F,E,I,G,P,D,K,V,Q,V,G,L,T,Q,Y,S,G,D,A,Q,T,E,W,D,L,N,S,L,G,T,K,E,Q,V,L,A,A,V,R,H,L,R,Y,K,G,G,N,T,F,T,G,L,A,L,T,H,V,L,G,Q,N,L,Q,P,A,A,G,V,R,P,E,A,A,K,V,V,I,L,V,T,D,G,K,S,Q,D,D,V,H,T,A,A,C,I,L,K,D,L,G,V,I,V,F,A,V,G,V,K,N,A,D,E,A,E,L,R,L,L,A,S,P,P,Q,D,I,T,V,H,N,V,L,G,F,P,Q,L,G,A,L,A,G,L,L,S,R,L,I,C,Q,R,L,Q,-,-,-,-,-,-,-,A,A,A,P,A,L,D,T,L,P,A,P,T,S,L,V,L,T,Q,V,T,S,S,S,I,R,L,S,W,T,P,A,P,Q,L,P,L,K,Y,L,I,M,W,Q,A,S,R,G,G,T,P,R,E,V,V,V,E,G,P,A,T,S,V,E,L,H,N,L,T,S,H,T,E,Y,L,V,S,V,L,P,V,Y,E,G,G,V,G,E,G,L,Q,S,L,A,T,T,A,P,L,P,P,P,R,A,L,T,L,A,T,L,T,P,R,T,I,R,L,T,W,Q,P,S,A,G,A,T,H,Y,L,V,Q,L,L,P,A,S,S,K,R,E,E,E,E,R,E,V,Q,V,G,R,P,E,V,L,L,D,G,L,E,P,G,R,D,Y,E,V,L,V,Q,S,L,W,G,L,E,A,S,E,A,R,G,I,H,V,R,T,P,T,L,A,P,P,R,H,L,G,F,S,D,V,S,H,D,S,V,R,V,F,W,E,R,T,P,R,P,V,R,L,I,R,V,T,Y,V,S,S,E,G,G,H,S,G,Q,T,E,A,P,G,N,T,T,S,A,T,L,G,P,L,S,S,S,T,T,Y,T,V,R,V,T,C,L,Y,P,R,G,G,S,S,T,L,T,S,Q,V,T,T,K,K,A,P,S,P,S,Q,L,S,M,T,E,L,P,G,D,E,V,R,L,S,W,V,A,A,A,P,S,G,V,L,V,Y,Q,I,K,W,T,P,L,G,E,G,K,A,H,E,I,S,V,P,G,N,L,G,S,A,V,L,P,G,L,G,R,H,V,E,Y,N,V,T,I,L,A,Y,Y,R,D,G,A,R,S,D,P,V,S,L,H,Y,A,P,S,T,V,S,R,S,P,P,S,N,L,A,L,A,S,E,T,P,D,S,L,Q,V,S,W,T,P,P,H,G,P,V,L,R,Y,Q,L,T,Y,A,P,A,T,G,S,G,P,E,K,S,V,S,V,P,G,P,R,N,H,V,T,L,P,D,L,Q,A,A,T,K,Y,R,V,L,V,S,A,V,Y,T,A,G,K,S,E,A,V,S,A,T,G,Q,T,A,T,C,P,A,L,R,P,D,G,S,L,P,G,F,D,L,M,V,T,F,G,L,V,E,K,A,Y,A,S,I,R,G,V,A,M,E,P,S,A,F,G,E,A,P,T,F,T,L,F,K,D,A,Q,L,T,R,R,V,D,I,H,P,A,P,E,H,T,I,V,F,L,V,R,L,L,P,E,T,P,R,E,A,F,A,L,W,Q,M,T,A,E,D,F,Q,P,V,L,G,V,L,L,D,A,G,R,K,S,L,T,Y,F,H,R,D,P,R,A,A,L,Q,E,A,T,F,D,P,Q,E,V,R,K,I,F,F,G,S,F,H,K,V,H,V,A,V,G,R,S,K,V,R,L,Y,V,D,C,R,K,V,A,E,R,P,L,G,E,V,G,S,P,P,A,A,G,F,I,T,L,G,R,L,A,K,A,R,G,P,R,S,S,S,A,A,F,Q,L,Q,R,L,Q,I,V,C,S,D,T,W,A,D,E,D,R,C,C,E,L,P,A,S,K,D,G,E,T,C,P,A,F,V,S,A,C,T,C,S,S,E,T,P,G,P,P,G,P,Q,G,P,P,G,L,P,G,R,N,G,T,P,G,E,Q,G,F,P,G,P,R,G,E,P,G,P,P,G,Q,M,G,P,E,G,P,G,G,Q,Q,G,S,P,G,T,Q,G,R,A,V,Q,G,P,V,G,P,P,G,V,K,G,E,K,G,D,H,G,L,P,G,L,Q,G,H,P,G,H,Q,G,V,P,G,R,V,G,L,Q,G,P,G,M,R,G,L,E,G,T,A,G,L,P,G,P,P,G,P,F,Q,G,M,A,G,A,R,G,A,T,G,D,R,G,P,P,G,A,V,G,P,G,L,P,G,P,K,G,E,R,G,E,K,H,V,S,K,F,D,S,F,H,E,N,T,R,P,P,M,P,I,L,E,Q,K,L,E,P,G,A,E,P,L,G,S,P,G,T,H,I,E,A,L,L,R,G,H,G,-,-,-,-
Camelus_bactrianus,G,L,W,L,L,L,G,A,A,M,G,L,G,Q,A,S,G,R,L,K,L,V,V,L,P,E,D,R,L,Q,M,T,W,R,E,S,E,G,R,S,L,G,F,L,V,R,V,K,P,M,A,G,D,P,E,Q,E,V,M,L,T,T,K,T,P,K,A,T,V,G,G,L,S,P,S,K,G,Y,S,V,Q,I,F,E,L,T,G,S,G,N,T,L,L,A,R,R,E,F,V,I,E,D,L,K,S,N,S,M,S,R,S,G,R,R,P,A,G,A,-,A,L,E,P,T,P,S,H,V,G,S,L,D,L,-,-,-,-,E,P,W,L,A,L,A,P,S,Q,D,L,P,T,F,A,G,A,R,F,R,C,T,P,P,M,P,A,D,M,I,F,L,V,D,G,S,W,S,I,G,H,S,H,F,Q,Q,V,K,D,F,L,A,S,V,I,E,P,F,E,I,G,P,D,K,V,Q,V,G,L,T,Q,Y,S,G,A,P,W,T,E,W,D,L,N,T,F,G,T,K,E,K,V,L,A,A,V,H,S,L,R,Y,R,G,G,N,T,F,T,G,L,A,L,T,H,V,L,E,Q,N,L,K,P,A,A,G,L,R,P,E,V,V,K,L,V,I,L,V,T,D,G,K,S,Q,D,D,A,R,T,A,G,H,V,L,K,G,L,G,V,D,V,F,A,V,G,V,K,N,A,D,E,A,E,L,R,L,L,A,S,P,P,L,D,S,T,V,H,S,V,Q,D,F,P,Q,L,C,T,L,A,G,L,L,S,R,L,I,C,Q,K,I,Q,G,R,S,L,R,R,-,A,A,T,L,A,L,D,P,L,S,T,P,T,S,L,V,L,T,Q,V,T,S,S,S,V,H,L,S,W,T,P,A,P,Q,P,P,L,K,Y,L,I,V,W,Q,P,S,K,G,G,T,P,R,E,V,V,V,E,G,P,A,L,S,T,E,L,H,N,L,T,S,S,T,E,Y,L,V,S,V,L,P,V,Y,K,A,G,V,G,E,G,L,Q,G,L,V,T,T,A,P,L,P,P,P,R,A,L,T,L,A,A,V,T,P,R,T,V,R,L,A,W,Q,P,S,A,G,A,A,Q,Y,L,V,R,C,S,P,A,S,P,K,G,E,E,A,A,R,E,V,Q,V,G,Q,P,E,V,L,L,D,G,L,D,P,G,R,D,Y,D,I,W,V,Q,S,L,R,G,A,E,T,S,E,A,Q,G,I,R,A,R,T,P,T,L,G,A,P,R,R,L,D,F,S,D,V,S,H,D,S,A,R,V,S,W,E,G,I,Q,R,P,V,R,L,F,R,V,S,Y,V,S,S,K,G,G,H,S,G,Q,T,E,V,P,G,N,A,T,W,A,T,L,G,P,L,S,S,S,T,T,Y,T,V,R,V,T,C,L,Y,P,R,G,S,S,S,T,L,T,S,H,L,T,T,R,K,V,P,S,P,S,Q,L,S,V,T,K,L,P,G,D,K,V,R,L,E,W,A,A,A,A,A,S,G,V,L,V,Y,Q,I,K,W,T,P,L,G,D,G,K,A,H,E,I,S,V,P,G,N,L,A,T,A,V,L,P,G,L,G,R,H,L,E,Y,E,I,T,L,L,A,Y,Y,R,D,G,A,H,S,D,P,V,S,L,R,Y,S,P,-,-,I,S,Q,S,P,P,S,D,L,A,L,A,S,E,S,P,N,S,L,R,V,S,W,T,P,P,S,S,H,V,L,H,Y,R,L,T,Y,T,L,A,S,G,S,G,P,E,K,S,I,S,V,P,G,P,R,S,Q,V,T,L,P,N,L,L,A,A,T,K,Y,R,V,L,V,S,A,I,Y,R,A,G,E,S,V,A,V,S,A,M,G,R,T,-,A,C,P,A,L,H,P,D,G,S,L,P,G,F,D,L,M,A,A,F,G,L,V,E,K,E,Y,A,S,I,R,G,L,A,M,E,P,S,A,F,G,P,T,R,T,F,T,L,F,K,D,A,Q,L,I,R,R,A,D,I,H,P,A,A,E,H,T,V,V,F,L,L,R,L,L,P,E,T,P,R,E,A,F,A,L,W,Q,V,A,A,E,D,F,Q,P,V,L,G,V,L,L,D,A,G,R,K,S,L,T,Y,F,N,R,D,P,R,A,T,L,Q,E,V,T,F,D,L,P,E,V,R,R,I,F,F,G,S,F,H,K,V,H,V,A,V,G,H,S,K,V,R,L,Y,V,D,C,R,K,V,A,E,R,P,I,G,E,A,G,S,L,P,A,A,G,F,V,T,L,G,R,L,A,K,A,R,G,P,R,S,S,S,A,S,F,Q,L,Q,L,L,Q,I,V,C,S,D,S,W,A,E,E,D,R,C,C,E,L,P,A,S,K,D,G,E,S,C,P,A,F,P,S,A,C,T,C,S,L,Q,T,P,G,P,P,G,P,Q,G,P,P,G,L,P,G,R,N,G,A,P,G,E,Q,G,F,P,G,P,R,-,-,-,-,-,-,-,-,-,-,-,-,-,-,-,-,-,-,-,-,-,-,-,-,-,-,-,-,-,-,-,-,G,P,P,G,V,K,G,E,K,G,D,H,G,L,P,G,L,Q,G,H,P,G,L,Q,G,T,P,G,K,V,G,I,Q,G,P,G,M,R,G,L,E,G,T,S,G,L,P,G,P,P,G,P,L,P,G,T,A,G,A,R,G,S,S,G,E,R,G,P,P,G,A,V,G,P,G,L,P,G,P,K,G,E,R,G,E,K,-,-,-,-,-,-,-,-,-,-,-,-,-,-,-,-,-,-,-,-,-,-,-,-,-,-,-,-,-,-,-,-,-,-,-,-,-,-,-,-,-,-,-,-,-,-,-,-,-
Camelus_dromedarius,G,L,W,L,L,L,G,A,A,M,G,L,G,Q,A,S,G,R,L,K,L,V,V,L,P,E,D,R,L,Q,M,T,W,R,E,S,E,G,R,S,L,G,F,L,V,R,V,K,P,M,A,G,D,P,E,Q,E,V,M,L,T,T,K,T,P,K,A,T,V,G,G,L,S,P,S,K,G,Y,S,V,Q,V,F,E,L,T,G,S,G,N,T,L,L,A,R,R,E,F,V,I,E,D,L,K,S,N,S,T,S,R,S,G,R,R,P,A,G,A,-,A,L,E,P,-,P,P,H,V,G,S,L,D,L,-,-,-,-,E,P,W,L,A,L,A,P,S,Q,D,L,P,T,F,A,G,A,R,F,R,C,T,P,P,M,P,A,D,M,I,F,L,V,D,G,S,W,S,I,G,H,S,H,F,Q,Q,V,K,D,F,L,A,S,V,I,E,P,F,E,I,G,P,D,K,V,Q,V,G,L,T,Q,Y,S,G,A,P,W,T,E,W,D,L,N,T,F,G,T,K,E,K,V,L,A,A,V,H,S,L,R,Y,R,G,G,N,T,F,T,G,L,A,L,T,H,V,L,E,Q,N,L,K,P,A,A,G,L,R,P,E,V,V,K,L,V,I,L,V,T,D,G,K,S,Q,D,D,A,R,T,A,G,H,V,L,K,G,L,G,V,D,V,F,A,V,G,V,K,N,A,D,E,A,E,L,R,L,L,A,S,P,P,L,D,S,T,V,H,S,V,Q,D,F,P,Q,L,C,T,L,A,G,L,L,S,R,L,I,C,Q,K,I,Q,G,R,S,L,R,R,-,A,A,T,L,A,L,D,P,L,S,T,P,T,S,L,V,L,T,Q,V,T,S,S,S,V,H,L,S,W,T,P,A,P,Q,P,P,L,K,Y,L,I,V,W,Q,P,S,K,G,G,T,P,R,E,V,V,V,E,G,P,A,L,S,T,E,L,H,N,L,T,S,S,T,E,Y,L,V,S,V,L,P,V,Y,K,A,G,V,G,E,G,L,Q,G,L,V,T,T,A,P,L,P,P,P,R,A,L,T,L,A,A,V,T,P,R,T,V,R,L,A,W,Q,P,S,A,G,A,A,Q,Y,L,V,R,C,S,P,A,S,P,K,G,E,E,A,A,R,E,V,R,V,G,Q,P,E,V,L,L,D,G,L,D,P,G,R,D,Y,D,I,W,V,Q,S,L,R,G,A,E,T,S,E,A,Q,G,I,R,A,R,T,P,T,L,G,A,P,R,R,L,D,F,S,D,V,S,H,D,S,A,R,V,S,W,E,G,I,Q,R,P,V,R,L,F,R,V,S,Y,V,S,S,K,G,G,H,S,G,Q,T,E,V,P,G,N,A,T,W,A,T,L,G,P,L,S,S,S,T,T,Y,T,V,R,V,T,C,L,Y,P,R,G,S,S,S,T,L,T,S,H,L,T,T,R,K,V,P,S,P,S,Q,L,S,V,T,K,L,P,G,D,K,V,R,L,E,W,A,A,A,A,A,S,G,V,L,V,Y,Q,I,K,W,T,P,L,G,D,G,K,A,H,E,I,S,V,P,G,N,L,A,T,A,V,L,P,G,L,G,R,H,L,E,Y,E,I,T,L,L,A,Y,Y,R,D,G,A,H,S,D,P,V,S,L,R,Y,S,P,-,-,L,S,Q,S,P,P,S,D,L,A,L,A,S,E,S,P,N,S,L,R,V,S,W,T,P,P,S,S,H,V,L,H,Y,R,L,T,Y,T,L,A,S,G,S,G,P,E,K,S,I,S,V,P,G,P,R,S,Q,V,T,L,P,N,L,L,A,A,T,K,Y,R,V,L,V,S,A,I,Y,R,A,G,E,S,V,A,V,S,A,M,G,R,T,A,A,C,P,A,L,H,P,D,G,S,L,P,G,F,D,L,M,A,A,F,G,L,V,E,K,E,Y,A,S,I,R,G,L,A,M,E,P,S,A,F,G,P,T,R,T,F,T,L,F,K,D,A,Q,L,I,R,R,A,D,I,H,P,A,A,E,H,T,V,V,F,L,L,R,L,L,P,E,T,P,R,E,A,F,A,L,W,Q,V,A,A,E,D,F,Q,P,V,L,G,V,L,L,D,A,G,R,K,S,L,T,Y,F,N,R,D,P,R,A,T,L,Q,E,V,T,F,D,L,P,E,V,R,R,I,F,F,G,S,F,H,K,V,H,V,A,V,G,H,S,K,V,R,L,Y,V,D,C,R,K,V,A,E,R,P,I,G,E,A,G,S,L,P,A,A,G,F,V,T,L,G,R,L,A,K,A,R,G,P,R,S,S,S,A,S,F,Q,L,Q,L,L,Q,I,V,C,S,D,S,W,A,E,E,D,R,C,C,E,L,P,A,S,K,D,G,E,S,C,P,A,F,P,S,A,C,T,C,S,L,Q,T,P,G,P,P,G,P,Q,G,P,P,G,L,P,G,R,N,G,A,P,G,E,Q,G,F,P,G,P,R,-,-,-,-,-,-,-,-,-,-,-,-,-,-,-,-,-,-,-,-,-,-,-,-,-,-,-,-,-,-,-,-,G,P,P,G,V,K,G,E,K,G,D,H,G,L,P,G,L,Q,G,H,P,G,L,Q,G,T,P,G,K,V,G,I,Q,G,P,G,M,R,G,L,E,G,T,S,G,L,P,G,P,P,G,P,-,-,-,-,-,-,-,-,-,-,-,-,E,R,G,P,P,G,A,V,G,P,G,L,P,G,P,K,G,E,R,G,E,K,-,-,-,-,-,-,-,-,-,-,-,-,-,-,-,-,-,-,-,-,-,-,-,-,-,-,-,-,-,-,-,-,-,-,-,-,-,-,-,-,-,-,-,-,-,-,-,-,-
Camelus_ferus,G,L,W,L,L,L,G,A,A,M,G,L,G,Q,A,S,G,R,L,K,L,V,V,L,P,E,D,R,L,Q,M,T,W,R,E,S,E,G,R,S,L,G,F,L,V,R,V,K,P,M,A,G,D,P,E,Q,E,V,M,L,T,T,K,T,P,K,A,T,V,G,G,L,S,P,S,K,G,Y,S,V,Q,I,F,E,L,T,G,S,G,N,T,L,L,A,R,R,E,F,V,I,E,D,L,K,S,N,S,M,S,R,S,G,R,R,P,A,G,A,-,A,L,E,P,T,P,S,H,V,G,S,L,D,L,-,-,-,-,E,P,W,L,A,L,A,P,S,Q,D,L,P,T,-,A,G,A,R,F,R,C,T,P,P,M,P,A,D,M,I,F,L,V,D,G,S,W,S,I,G,H,S,H,F,Q,Q,V,K,D,F,L,A,S,V,I,E,P,F,E,I,G,P,D,K,V,Q,V,G,L,T,Q,Y,S,G,A,P,W,T,E,W,D,L,N,T,F,G,T,K,E,K,V,L,A,A,V,H,S,L,R,Y,R,G,G,N,T,F,T,G,L,A,L,T,H,V,L,E,Q,N,L,K,P,A,A,G,L,R,P,E,V,V,K,L,V,I,L,V,T,D,G,K,S,Q,D,D,A,R,T,A,G,H,V,L,K,G,L,G,V,D,V,F,A,V,G,V,K,N,A,D,E,A,E,L,R,L,L,A,S,P,P,L,D,S,T,V,H,S,V,Q,D,F,P,Q,L,C,T,L,A,G,L,L,S,R,L,I,C,Q,K,I,Q,G,R,S,L,R,R,A,A,A,T,L,A,L,D,P,L,S,T,P,T,S,L,V,L,T,Q,V,T,S,S,S,V,H,L,S,W,T,P,A,P,Q,P,P,L,K,Y,L,I,V,W,Q,P,S,K,G,G,T,P,R,E,V,V,V,E,G,P,A,L,S,T,E,L,H,N,L,T,S,S,T,E,Y,L,V,S,V,L,P,V,Y,K,A,G,V,G,E,G,L,Q,G,L,V,T,T,A,P,L,P,P,P,R,A,L,T,L,A,A,V,T,P,R,T,V,R,L,A,W,Q,P,S,A,G,A,A,Q,Y,L,V,R,C,S,P,A,S,P,K,G,E,E,A,A,R,E,V,Q,V,G,Q,P,E,V,L,L,D,G,L,D,P,G,R,D,Y,D,I,W,V,Q,S,L,R,G,A,E,T,S,E,A,Q,G,I,R,A,R,T,P,T,L,G,A,P,R,R,L,D,F,S,D,V,S,H,D,S,A,R,V,S,W,E,G,I,Q,R,P,V,R,L,F,R,V,S,Y,V,S,S,K,G,G,H,S,G,Q,T,E,V,P,G,N,A,T,W,A,T,L,G,P,L,S,S,S,T,T,Y,T,V,R,V,T,C,L,Y,P,R,G,S,S,S,T,L,T,S,H,L,T,T,R,K,V,P,S,P,S,Q,L,S,V,T,K,L,P,G,D,K,V,R,L,E,W,A,A,A,A,A,S,G,V,L,V,Y,Q,I,K,W,T,P,L,G,D,G,K,A,H,E,I,S,V,P,G,N,L,A,T,A,V,L,P,G,L,G,R,H,L,E,Y,E,I,T,L,L,A,Y,Y,R,D,G,A,H,S,D,P,V,S,L,R,Y,S,P,-,-,L,S,Q,S,P,P,S,D,L,A,L,A,S,E,S,P,N,S,L,R,V,S,W,T,P,P,S,S,H,V,L,H,Y,R,L,T,Y,T,L,A,S,G,S,G,P,E,K,S,I,S,V,P,G,P,R,S,Q,V,T,L,P,N,L,L,A,A,T,K,Y,R,V,L,V,S,A,I,Y,R,A,G,E,S,V,A,V,S,A,M,G,R,T,A,A,C,P,A,L,H,P,D,G,S,L,P,G,F,D,L,M,A,A,F,G,L,V,E,K,E,Y,A,S,I,R,G,L,A,M,E,P,S,A,F,G,P,T,R,T,F,T,L,F,K,D,A,Q,L,I,R,R,A,D,I,H,P,A,A,E,H,T,V,V,F,L,L,R,L,L,P,E,T,P,R,E,A,F,A,L,W,Q,V,A,A,E,D,F,Q,P,V,L,G,V,L,L,D,A,G,R,K,S,L,T,Y,F,N,R,D,P,R,A,T,L,Q,E,V,T,F,D,L,P,E,V,R,R,I,F,F,G,S,F,H,K,V,H,V,A,V,G,H,S,K,V,R,L,Y,V,D,C,R,K,V,A,E,R,P,I,G,E,A,G,S,L,P,A,A,G,F,V,T,L,G,R,L,A,K,A,R,G,P,R,S,S,S,A,S,F,Q,L,Q,L,L,Q,I,V,C,S,D,S,W,A,E,E,D,R,C,C,E,L,P,A,S,K,D,G,E,S,C,P,A,F,P,S,A,C,T,C,S,L,Q,T,P,G,P,P,G,P,Q,G,P,P,G,L,P,G,R,N,G,A,P,G,E,Q,G,F,P,G,P,R,G,D,P,G,P,P,G,Q,M,G,P,E,G,P,G,G,Q,Q,G,S,P,G,T,Q,G,R,T,I,Q,G,P,M,G,P,P,G,V,K,G,E,K,G,D,H,G,L,P,G,L,Q,G,H,P,G,L,Q,G,T,P,G,K,V,G,I,Q,G,P,G,M,R,G,L,E,G,T,S,G,L,P,G,P,P,G,P,L,P,G,T,A,G,A,R,G,S,S,G,E,R,G,P,P,G,A,V,G,P,G,L,P,G,P,K,G,E,R,G,E,K,-,-,-,-,-,-,-,-,-,-,-,-,-,-,-,-,-,-,-,-,-,-,-,-,-,-,-,-,-,-,-,-,-,-,-,-,-,-,-,-,-,-,-,-,-,-,-,-,-
Capra_hircus,-,-,-,-,-,-,-,-,-,-,-,-,-,-,A,S,G,R,L,R,L,T,V,L,P,E,D,R,L,Q,M,K,W,R,E,S,E,G,S,S,L,G,Y,L,V,Q,V,K,P,R,A,G,D,P,E,Q,E,V,M,L,T,T,K,T,P,K,A,T,V,G,G,L,S,P,S,K,G,Y,T,L,Q,I,F,E,L,T,G,S,G,N,I,L,L,A,R,R,E,F,V,I,E,D,L,K,S,N,S,M,S,R,S,G,Q,R,P,L,G,A,-,T,L,E,P,T,P,S,L,V,G,S,P,D,L,-,-,-,-,K,P,P,G,A,L,A,P,S,Q,D,P,P,T,L,A,K,P,Q,F,R,C,T,P,P,M,P,A,D,M,I,F,L,V,D,G,S,W,S,I,G,H,S,H,F,Q,Q,V,K,D,F,L,A,S,V,I,E,P,F,E,I,G,P,G,K,V,Q,V,G,L,T,Q,Y,S,G,A,P,Q,T,E,W,D,L,N,A,F,G,T,K,E,E,V,L,N,A,V,H,N,L,R,Y,R,G,G,N,T,F,T,G,L,A,L,T,H,V,L,E,Q,N,L,K,P,R,A,G,L,R,P,E,A,A,K,L,V,I,L,V,T,D,G,K,S,Q,D,D,A,H,A,A,G,H,V,L,K,G,L,G,V,D,I,F,A,V,G,V,K,N,A,D,E,T,E,L,R,L,L,A,S,Q,P,L,D,I,T,V,H,N,V,Q,D,F,P,Q,L,G,T,L,S,G,L,L,S,R,L,I,C,Q,K,I,Q,G,R,S,P,R,R,-,-,A,T,L,A,L,D,P,P,P,A,P,T,R,L,V,L,T,Q,V,T,S,S,S,I,L,L,S,W,S,P,A,P,Q,P,P,L,K,Y,L,I,V,W,R,P,S,K,G,G,A,P,R,E,V,V,V,E,G,P,T,S,S,A,Q,L,H,N,L,T,S,G,T,E,Y,L,V,S,V,F,P,L,Y,K,A,G,V,G,E,G,L,Q,G,L,A,T,T,A,P,L,P,P,P,Q,A,L,T,L,T,S,V,T,P,K,T,V,R,L,T,W,Q,P,S,A,E,A,T,Q,Y,L,V,R,W,S,P,A,S,P,K,G,E,E,E,R,R,E,V,R,V,G,R,P,E,V,L,L,D,G,M,A,P,G,R,D,Y,E,V,W,V,Q,S,L,R,G,A,E,T,S,E,A,Q,G,I,R,A,R,T,P,T,L,A,T,P,R,H,L,S,F,S,D,V,S,H,D,S,A,R,V,S,W,E,G,T,T,R,P,V,R,L,F,R,V,S,Y,V,S,G,K,G,G,H,S,G,Q,M,E,V,P,G,N,A,T,S,A,T,L,G,P,L,S,S,S,T,T,Y,M,V,R,V,T,C,L,Y,P,G,G,T,S,S,T,L,T,G,R,L,T,T,R,K,V,P,S,P,S,Q,L,S,V,T,E,L,P,G,D,E,V,R,L,E,W,A,A,A,A,V,S,G,V,L,V,Y,Q,I,T,W,M,P,L,G,E,G,K,A,R,E,I,S,V,P,G,N,L,G,T,A,I,L,P,G,L,G,R,H,S,E,Y,E,I,T,I,L,A,Y,Y,R,D,G,A,R,S,D,P,V,S,L,H,Y,T,P,-,-,V,S,R,S,P,P,S,N,L,A,L,A,S,E,S,P,D,S,L,R,V,S,W,T,P,P,S,S,H,V,L,H,Y,R,L,S,Y,A,L,A,S,G,S,G,P,E,K,S,I,S,I,P,G,P,R,S,H,V,T,I,P,D,L,L,A,A,T,K,Y,R,V,L,V,S,A,I,Y,G,A,G,E,S,V,A,V,S,A,T,G,R,T,-,A,C,P,A,L,H,L,D,G,S,P,P,G,F,D,L,M,A,A,F,G,L,V,E,K,E,Y,A,S,I,R,G,V,A,M,E,P,S,A,F,G,P,T,R,T,F,T,L,F,K,D,S,Q,L,T,R,R,A,D,I,H,L,A,T,E,H,T,V,V,F,L,L,R,L,L,P,E,T,P,R,E,A,F,A,L,W,Q,V,A,S,E,D,F,Q,P,I,L,G,V,L,L,D,A,G,R,K,S,L,T,Y,F,N,R,D,P,R,A,T,L,Q,E,V,I,F,D,L,P,E,V,R,R,I,F,F,G,S,F,H,K,V,H,V,A,V,G,H,S,K,V,R,L,Y,V,D,C,R,K,V,A,E,R,P,I,G,E,A,S,S,L,P,A,A,G,F,V,M,L,G,R,L,A,K,A,R,G,P,R,S,S,S,A,S,F,Q,L,Q,V,L,Q,I,V,C,N,D,S,W,A,E,E,D,R,C,C,E,L,P,A,S,K,E,G,E,S,C,P,A,F,P,S,A,C,A,C,S,S,Q,T,P,G,P,P,G,P,Q,G,P,P,G,L,P,G,R,N,G,A,P,G,E,Q,G,F,P,G,P,R,-,-,-,-,-,-,-,-,-,-,-,-,-,-,-,-,-,-,-,-,-,-,-,-,-,-,-,-,-,-,-,-,G,P,P,G,V,K,G,E,K,G,D,H,G,H,P,G,L,Q,G,Q,P,G,L,Q,G,T,P,G,K,V,G,V,Q,G,P,G,M,R,G,L,E,G,T,A,G,L,P,G,P,P,G,P,F,Q,G,T,A,G,A,R,G,S,N,G,E,R,G,P,P,G,A,V,G,P,G,L,P,G,P,K,G,E,R,G,E,K,H,V,L,K,L,H,A,C,H,E,S,T,R,P,P,M,P,I,L,E,A,P,R,A,L,-,-,-,-,-,-,-,-,G,T,S,S,K,T,R,L,G,G,H,G,G,P,R,P
Cebus_imitator,C,L,C,L,W,L,G,A,T,L,G,R,E,Q,A,S,G,R,L,R,L,A,V,L,P,E,D,Q,L,Q,M,K,W,R,E,S,E,G,S,G,L,G,Y,L,V,Q,V,K,P,M,A,G,D,S,E,Q,E,V,I,L,T,T,K,T,P,K,A,T,V,G,G,L,S,P,S,K,G,Y,T,L,Q,I,F,E,L,M,G,S,G,R,V,L,L,A,R,R,E,F,V,I,E,E,L,K,S,S,S,L,D,R,S,S,Q,R,S,L,S,S,E,A,P,E,P,T,P,S,L,V,G,T,P,G,P,E,Q,A,S,E,P,R,V,A,F,E,P,S,R,D,P,P,T,P,A,A,P,Q,F,H,C,L,P,P,T,P,A,D,M,V,F,L,V,D,G,S,W,S,I,G,H,S,H,F,Q,Q,I,K,D,F,L,A,S,V,I,A,P,F,E,I,G,R,D,K,V,Q,V,G,L,T,Q,Y,S,G,D,A,Q,T,E,W,D,L,N,S,L,G,T,K,E,Q,V,L,A,A,V,H,H,L,H,Y,K,G,G,N,T,F,T,G,L,A,L,T,H,V,L,G,Q,N,L,Q,P,A,A,G,M,R,P,E,A,A,K,V,V,I,L,V,T,D,G,K,S,Q,D,D,V,H,T,A,A,R,A,L,K,D,L,G,V,I,I,F,A,V,G,V,K,N,A,D,E,A,E,L,R,L,L,A,S,P,P,Q,D,I,T,V,H,N,V,L,G,F,P,Q,L,G,M,L,A,G,L,L,S,R,L,I,C,Q,R,L,Q,-,-,-,-,-,-,-,A,A,A,P,A,L,D,T,L,P,A,P,T,S,L,V,L,T,Q,V,T,S,S,S,V,R,L,S,W,T,P,A,P,R,P,P,L,K,Y,L,I,V,W,Q,A,S,R,G,G,T,P,R,E,V,V,V,E,G,P,A,T,S,T,E,L,H,N,L,T,S,R,T,E,Y,L,V,S,V,L,P,V,Y,E,G,G,V,G,E,G,L,Q,G,L,A,T,T,A,P,L,P,P,P,R,A,L,T,L,A,A,L,T,P,R,T,A,H,L,T,W,Q,P,S,A,G,A,T,H,Y,L,V,Q,L,S,-,A,S,P,K,G,E,E,E,E,R,K,V,Q,V,G,R,P,E,V,L,L,D,G,L,E,P,G,R,D,Y,E,V,S,V,Q,S,L,R,G,L,E,A,S,E,A,R,G,I,H,V,R,T,P,P,P,A,P,P,R,H,L,S,F,S,D,V,S,H,D,S,V,R,V,F,W,E,R,A,P,R,P,V,R,L,V,R,V,T,Y,I,S,S,E,G,R,H,S,G,Q,T,E,A,P,G,N,A,T,S,A,T,L,G,P,L,S,S,S,T,T,Y,T,V,R,V,T,C,L,Y,P,G,G,D,S,S,T,L,T,S,R,V,T,T,K,K,V,P,S,P,S,Q,L,S,M,T,E,L,P,G,D,E,V,R,L,S,W,V,A,A,A,P,S,G,V,L,V,Y,Q,I,K,W,T,P,L,G,E,G,K,A,H,E,I,S,V,P,G,N,L,G,S,A,V,L,P,G,L,G,R,H,V,E,Y,D,V,T,I,L,A,Y,Y,R,D,G,A,R,S,D,P,V,S,L,R,Y,A,P,S,T,V,N,R,S,P,P,S,N,L,A,L,A,S,E,T,P,D,S,L,Q,V,S,W,T,P,P,R,G,P,V,L,C,Y,Q,L,T,Y,A,P,A,S,G,S,G,P,E,K,S,V,S,V,P,G,P,R,N,H,V,T,L,P,D,L,Q,A,A,T,K,Y,R,V,L,V,S,A,V,Y,T,A,G,K,S,E,A,V,S,A,T,G,Q,T,A,T,C,P,A,L,R,P,N,G,S,L,P,G,F,D,L,M,V,T,F,G,L,V,E,K,A,Y,A,S,I,R,G,V,A,M,E,P,S,A,F,G,G,T,P,T,F,T,L,F,K,D,A,Q,L,T,R,R,V,D,I,H,P,A,P,E,H,T,I,V,F,L,M,R,L,L,P,E,T,P,R,E,A,F,A,L,W,Q,M,T,A,E,D,F,Q,P,V,L,G,V,L,L,D,A,G,R,K,S,L,T,Y,F,H,R,D,P,R,A,A,L,Q,E,A,T,F,D,P,Q,E,V,R,K,I,F,F,G,S,F,H,K,V,H,V,A,V,G,R,S,K,V,R,L,Y,V,D,C,R,K,V,A,E,R,P,L,G,E,V,G,S,P,P,A,A,G,F,I,T,L,G,R,L,A,K,A,R,G,P,R,S,S,S,A,V,F,Q,L,R,M,L,Q,I,V,C,S,D,T,W,A,D,E,D,R,C,C,E,L,P,A,S,R,D,G,E,T,C,P,A,F,V,S,A,C,T,C,S,S,E,T,P,G,P,P,G,P,E,G,P,P,G,L,P,G,R,N,G,T,P,G,E,Q,G,F,P,G,P,R,G,E,P,G,P,P,G,Q,M,G,P,E,G,P,G,G,Q,Q,G,S,P,G,T,Q,G,R,A,V,Q,G,P,V,G,P,P,G,V,K,G,E,K,G,D,H,G,L,P,G,L,Q,G,H,P,G,H,Q,G,I,P,G,R,A,G,L,Q,G,P,G,M,R,G,L,E,G,T,A,G,L,P,G,P,P,G,P,F,Q,G,M,A,G,A,R,G,T,I,G,D,R,G,P,P,G,A,V,G,P,G,L,P,G,P,K,G,E,R,G,E,K,H,V,S,K,F,D,S,S,H,K,N,T,R,P,P,M,P,I,L,E,Q,K,P,E,Q,G,A,E,P,L,G,S,P,G,T,H,S,E,A,L,L,W,G,R,G,G,R,H,L
Ceratotherium_simum_simum,C,L,W,L,W,L,S,I,T,L,G,L,G,Q,V,S,G,R,L,R,L,A,V,L,P,E,D,R,L,Q,M,K,W,R,A,S,E,G,S,G,L,G,Y,L,V,Q,V,K,P,V,A,G,D,P,E,Q,E,V,M,L,T,T,K,T,P,K,A,T,V,G,G,L,S,P,S,K,G,Y,T,V,Q,I,F,E,L,T,S,S,G,N,V,L,L,A,R,K,E,F,V,I,E,D,L,K,S,N,S,E,G,R,S,S,Q,R,P,L,G,K,-,A,L,E,P,T,R,S,H,G,G,S,P,G,P,-,-,-,-,E,P,R,V,A,L,V,P,N,Q,D,P,P,P,L,A,G,P,Q,F,R,C,T,P,P,T,P,V,D,M,I,F,L,V,D,G,S,W,S,I,G,H,G,H,F,Q,E,V,K,D,F,V,A,S,V,I,E,P,F,E,I,G,P,D,K,V,Q,V,G,L,T,Q,Y,S,G,E,P,Q,T,E,W,D,L,N,A,F,G,T,K,E,E,V,L,A,A,V,R,G,L,C,Y,K,G,G,N,T,F,T,G,L,A,L,T,H,V,L,G,Q,N,L,K,P,A,A,G,P,R,P,E,A,A,K,V,V,I,L,V,T,D,G,K,S,Q,D,D,A,R,T,A,G,H,V,L,K,D,L,G,V,D,V,F,A,V,G,V,K,N,A,D,E,A,E,L,R,L,L,A,S,Q,P,L,D,V,T,V,H,N,V,Q,D,F,P,Q,L,G,T,L,A,G,L,L,S,R,L,I,C,Q,K,V,Q,A,R,S,P,R,Q,-,A,A,A,V,A,L,D,P,L,S,A,P,T,S,L,V,L,T,Q,V,T,S,S,S,V,H,L,S,W,T,P,T,S,K,T,P,L,K,Y,L,I,V,W,R,P,S,R,G,G,A,P,R,E,V,E,L,E,G,P,T,A,S,L,E,L,H,N,L,T,S,S,T,E,Y,L,V,S,V,F,P,I,Y,E,T,G,V,G,E,G,L,W,G,L,V,T,T,A,P,L,P,P,P,Q,A,L,T,L,A,A,V,T,P,R,T,I,H,L,A,W,Q,P,S,A,A,A,T,Q,Y,L,V,R,C,S,P,A,S,P,K,G,E,E,E,G,R,E,V,R,V,G,R,P,E,V,L,L,D,G,L,E,P,G,R,D,Y,D,I,W,V,Q,S,L,R,G,A,E,A,S,E,A,R,G,V,H,T,R,T,P,A,L,A,P,T,R,-,L,G,F,S,D,V,S,H,D,S,A,R,V,S,W,E,G,T,P,R,P,V,R,L,F,R,V,S,Y,V,S,S,E,G,G,H,S,G,Q,T,E,A,P,G,N,A,T,S,A,T,L,G,P,L,S,S,S,T,T,Y,T,V,R,V,T,C,L,Y,P,G,G,S,S,S,T,L,T,G,R,L,T,T,R,K,V,P,S,P,S,Q,L,S,V,T,E,L,S,G,D,K,V,R,L,E,W,A,A,P,V,A,S,G,V,L,V,Y,Q,I,K,W,M,P,L,G,D,G,K,A,H,E,I,S,V,P,G,N,L,G,T,A,I,L,P,G,L,G,R,H,S,E,Y,E,I,T,I,L,A,Y,Y,R,D,G,A,H,S,D,P,V,S,L,H,Y,T,P,R,T,V,S,R,S,P,P,S,N,L,A,L,A,S,E,S,P,N,S,L,R,V,S,W,T,P,P,S,D,H,V,L,H,Y,R,L,T,Y,T,L,A,S,G,S,G,P,E,K,S,I,F,V,P,G,P,R,S,H,V,I,L,P,D,L,L,A,A,T,K,Y,R,V,L,V,S,A,V,Y,G,A,G,E,S,M,A,V,S,A,T,G,R,T,-,A,C,P,A,L,H,P,D,G,S,L,R,G,F,D,L,M,V,A,F,G,L,V,E,K,E,Y,A,Y,V,R,G,V,A,M,E,P,S,A,F,G,P,T,R,T,F,T,L,F,K,D,A,Q,L,T,R,R,A,D,I,H,P,A,A,E,H,T,L,V,F,L,L,R,L,L,P,E,T,P,R,E,A,F,A,L,W,Q,M,T,A,E,D,F,Q,P,V,L,G,V,L,L,D,A,G,R,K,S,L,T,Y,F,S,H,D,L,R,A,T,L,Q,E,V,T,F,D,L,P,E,V,R,R,I,F,F,G,S,F,H,K,V,H,V,A,V,G,R,S,K,V,R,L,Y,V,D,C,Q,K,V,A,E,R,P,I,G,E,A,G,S,P,P,A,A,G,F,V,T,L,G,R,L,A,K,A,R,G,L,R,S,S,S,A,A,F,Q,L,Q,V,L,Q,I,L,C,S,D,S,W,A,E,E,D,R,C,C,E,L,P,A,S,K,D,G,E,T,C,P,A,F,P,S,A,Y,T,C,S,S,Q,T,P,G,P,P,G,P,Q,G,P,P,G,L,P,G,R,N,G,A,P,G,E,Q,G,F,P,G,P,R,-,-,-,-,-,-,-,-,-,-,-,-,-,-,-,-,-,-,-,-,-,-,-,-,-,-,-,-,-,-,-,-,G,P,P,G,V,K,G,E,K,G,D,H,G,L,P,G,L,Q,G,H,P,G,H,Q,G,T,P,G,K,V,G,L,Q,G,P,G,M,R,G,L,E,G,T,A,G,L,P,G,P,P,G,P,F,Q,G,T,A,G,A,R,G,T,S,G,E,R,G,P,Q,G,A,V,G,P,G,L,P,G,P,K,G,E,R,G,E,K,H,V,L,K,F,D,S,F,H,E,S,A,R,P,P,M,P,I,L,E,V,P,G,P,P,-,-,-,-,-,-,-,-,G,T,H,S,E,A,Q,L,V,G,R,G,G,H,S,P
Cercocebus_atys,C,L,W,L,W,L,S,T,T,L,G,R,E,Q,A,S,G,H,L,R,L,T,V,L,P,E,D,R,L,Q,M,K,W,R,E,S,E,G,S,G,L,G,Y,L,V,Q,V,Q,P,M,A,G,D,S,E,Q,E,V,I,L,T,T,K,T,P,K,A,T,V,G,G,L,S,P,S,K,G,Y,T,L,Q,I,F,E,L,T,G,S,G,R,F,L,L,A,R,R,E,F,V,I,E,D,L,K,S,S,S,L,D,R,N,N,Q,R,P,L,S,N,G,A,P,E,P,T,P,S,L,I,G,S,P,D,P,E,Q,A,S,E,P,R,V,A,F,V,P,S,Q,D,P,P,-,-,-,-,P,Q,F,R,C,L,P,P,V,P,A,D,M,V,F,L,V,D,G,S,W,S,I,G,H,S,H,F,Q,Q,V,K,D,F,L,A,S,V,I,A,P,F,E,I,G,P,D,K,V,Q,V,G,L,T,Q,Y,S,G,D,A,Q,T,E,W,N,L,N,S,F,G,T,K,E,Q,V,L,A,A,V,R,R,L,R,Y,K,G,G,N,T,F,T,G,L,A,L,T,H,V,L,G,Q,N,L,Q,P,A,A,G,L,R,P,E,A,A,K,V,V,I,L,V,T,D,G,K,S,Q,D,D,V,H,T,A,A,R,V,L,K,D,L,G,V,N,I,F,A,V,G,V,K,N,A,D,E,A,E,L,R,L,L,A,S,P,P,R,D,I,T,V,H,N,V,L,D,F,P,Q,L,G,A,L,A,G,L,L,S,R,L,I,C,Q,R,L,Q,D,G,G,P,R,R,-,A,A,A,P,A,L,D,T,L,P,A,P,T,G,L,V,L,S,Q,V,T,S,S,S,I,H,V,S,W,T,P,A,P,R,L,P,L,K,Y,L,I,V,W,R,A,S,R,G,G,T,P,R,E,V,V,V,E,G,P,A,A,S,T,E,L,H,N,L,T,S,R,T,E,Y,L,V,S,V,F,P,I,Y,E,G,G,V,G,E,G,L,R,G,L,V,T,T,A,P,L,S,P,P,R,A,L,T,L,A,T,V,T,P,R,T,V,H,L,T,W,Q,P,S,A,G,A,T,H,Y,L,V,R,C,S,P,A,S,S,K,G,E,E,E,E,R,E,V,Q,V,R,R,P,E,V,L,L,D,G,L,E,P,G,R,D,Y,E,I,S,V,Q,S,L,R,G,P,E,S,S,E,A,R,G,I,R,A,R,T,P,V,L,A,P,P,R,H,L,G,F,S,D,V,S,H,D,T,A,R,V,I,W,E,G,A,P,R,P,V,R,L,V,R,V,T,Y,V,S,S,E,G,G,H,S,G,Q,T,E,A,P,G,N,A,T,S,A,M,L,G,P,L,S,S,S,T,T,Y,T,V,R,V,T,C,L,Y,P,G,G,G,S,S,T,L,T,G,Q,V,T,T,K,K,V,P,S,P,S,Q,L,S,V,T,E,L,P,G,D,T,V,Q,L,A,W,V,A,A,A,P,S,G,V,L,V,Y,Q,I,K,W,T,P,L,G,E,G,K,A,H,E,I,S,V,P,G,N,L,G,T,A,V,L,P,G,L,G,R,H,T,E,Y,D,V,T,I,L,A,Y,Y,R,D,G,A,R,S,D,P,V,S,L,R,Y,T,P,S,T,V,N,R,S,P,P,S,N,L,A,L,A,S,E,T,P,D,S,L,Q,V,S,W,T,P,P,R,G,R,V,L,H,Y,R,L,T,Y,T,P,A,S,G,S,G,P,E,K,S,V,S,V,P,G,P,R,S,H,V,T,L,P,D,L,Q,A,A,T,K,Y,R,V,L,V,S,A,V,Y,A,A,G,R,S,E,A,V,S,A,T,G,Q,T,-,A,C,P,A,L,R,P,D,S,S,L,P,G,F,D,L,M,V,A,F,G,L,V,E,K,A,Y,A,S,I,R,G,V,A,M,E,P,S,A,F,G,G,T,P,T,F,T,L,F,K,D,A,Q,L,T,R,R,V,D,V,H,P,A,P,E,H,T,I,V,F,L,V,R,V,L,P,E,T,P,R,E,A,F,A,L,W,Q,M,T,A,E,D,F,Q,P,V,L,G,V,L,L,D,A,G,R,K,S,L,T,Y,F,H,R,D,P,R,A,A,L,Q,E,A,T,F,D,P,Q,E,V,R,K,I,F,F,G,S,F,H,K,V,H,V,A,V,G,R,S,K,V,R,L,Y,V,D,C,R,K,V,A,E,R,P,L,G,E,V,G,S,A,P,S,A,G,F,I,T,L,G,R,L,A,K,A,R,G,P,R,S,S,S,A,A,F,Q,L,Q,T,L,Q,I,V,C,S,D,T,W,A,D,E,D,R,C,C,E,L,P,A,S,R,D,G,E,T,C,P,A,F,V,S,A,C,S,C,S,S,E,T,P,G,P,P,G,P,Q,G,P,P,G,L,P,G,R,N,G,T,P,G,E,Q,G,F,P,G,P,R,G,E,P,G,P,P,G,Q,M,G,P,E,G,P,G,G,Q,Q,G,S,P,G,T,Q,G,R,A,V,P,G,P,V,G,P,P,G,V,K,G,E,K,G,D,H,G,L,P,G,L,Q,G,H,P,G,H,Q,G,I,P,G,R,V,G,L,Q,G,P,G,M,R,G,L,E,G,T,A,G,L,P,G,P,P,G,P,F,Q,G,M,A,G,A,R,G,T,T,G,E,K,G,P,P,G,A,V,G,P,G,L,P,G,P,K,G,E,R,G,E,K,H,V,S,K,F,D,S,F,H,E,N,T,R,P,P,M,P,I,L,E,Q,K,L,E,P,G,T,E,P,L,G,S,P,G,T,H,S,K,D,L,L,W,R,H,G,S,R,H,L
Cervus_canadensis,G,I,C,L,Y,L,S,V,T,L,G,L,S,Q,A,S,G,R,L,R,L,A,V,L,P,E,D,R,L,Q,M,K,W,R,E,S,E,G,S,S,L,G,Y,L,V,Q,V,K,P,R,A,G,D,P,E,Q,E,V,M,L,T,T,K,T,P,K,A,T,V,G,G,L,S,P,S,K,G,Y,T,L,Q,I,F,E,L,T,G,S,G,N,V,L,L,A,R,R,E,F,V,I,E,D,L,K,S,N,S,V,S,R,S,G,Q,R,P,L,G,A,-,T,L,E,P,T,P,S,H,V,G,S,P,D,L,-,-,-,-,E,P,P,R,V,L,A,P,S,Q,D,P,P,T,L,-,-,P,Q,F,R,C,T,P,P,T,P,A,D,M,I,F,L,V,D,G,S,W,S,I,G,H,S,H,F,Q,Q,V,K,D,F,L,A,S,V,I,E,P,F,E,I,G,P,G,K,V,Q,V,G,L,T,Q,Y,S,G,A,P,Q,T,E,W,D,L,N,A,F,S,T,K,E,E,V,L,S,A,V,H,N,L,R,Y,R,G,G,N,T,F,T,G,L,A,L,T,H,V,L,E,Q,N,L,K,P,R,A,G,L,R,P,E,A,A,K,L,V,I,L,V,T,D,G,K,S,Q,D,D,A,H,A,A,G,H,V,L,K,G,L,G,V,D,I,F,A,V,G,V,K,N,A,D,E,T,E,L,R,L,L,A,S,Q,P,L,D,I,T,V,H,N,V,Q,D,F,P,Q,L,S,T,L,S,G,L,L,S,R,L,I,C,Q,K,V,Q,G,R,S,L,R,G,-,-,A,T,P,A,L,D,P,P,P,A,P,T,R,L,V,L,T,Q,V,T,S,S,S,V,L,L,S,W,S,P,A,P,Q,P,P,L,K,Y,L,I,V,W,R,P,S,K,G,G,T,P,R,E,V,V,V,E,G,R,T,S,S,A,Q,L,H,N,L,T,S,S,T,E,Y,L,V,S,V,F,P,I,Y,K,A,G,V,G,E,G,L,Q,G,L,A,T,T,A,P,L,P,P,P,Q,A,L,I,L,A,A,V,T,P,K,T,V,R,L,T,W,Q,P,S,A,E,A,T,Q,Y,L,V,R,W,S,P,A,S,P,K,G,E,E,E,R,R,E,V,R,V,G,W,P,E,V,L,L,D,G,L,A,P,G,R,D,Y,E,V,W,V,Q,S,L,R,G,A,E,T,S,E,A,Q,G,I,R,A,R,T,P,A,L,A,T,P,R,H,L,S,F,S,D,V,S,H,D,S,A,R,V,S,W,E,G,T,A,R,P,V,R,L,F,R,V,S,Y,I,S,S,K,G,G,H,S,G,Q,T,E,V,P,G,N,A,T,S,A,T,L,G,P,L,S,S,S,T,T,Y,T,V,R,V,T,C,L,Y,P,G,G,S,S,S,T,L,T,G,R,L,T,T,R,K,V,P,S,P,S,Q,L,S,V,T,E,L,P,G,D,E,V,R,L,Q,W,A,A,A,A,V,S,G,V,L,V,Y,Q,I,T,W,T,P,L,G,E,G,K,A,R,E,I,S,V,P,G,N,L,G,T,A,I,L,P,G,L,G,R,H,S,E,Y,E,I,T,I,L,A,Y,Y,R,D,G,A,R,S,D,P,V,S,L,R,Y,T,P,-,-,V,S,R,S,P,P,S,N,L,A,L,A,S,E,S,P,D,S,L,R,V,S,W,T,P,P,S,G,H,V,L,H,Y,R,L,S,Y,A,L,A,S,G,S,G,P,E,K,W,I,S,V,P,G,P,G,S,H,V,T,I,P,D,L,L,A,A,T,K,Y,R,V,L,V,S,A,V,Y,G,A,G,E,S,M,A,V,S,A,T,G,R,T,A,A,C,P,A,L,H,L,D,S,S,L,P,G,F,D,L,M,V,A,F,G,L,V,E,K,E,Y,A,S,I,R,G,V,A,M,E,P,S,A,F,G,P,T,R,T,F,T,L,F,K,D,S,Q,L,T,R,R,A,D,I,H,L,A,T,E,H,T,V,V,F,L,L,R,L,L,P,E,T,P,R,E,A,F,A,L,W,Q,V,A,S,E,D,F,Q,P,I,L,G,V,L,L,D,A,G,R,K,S,L,T,Y,F,N,R,D,P,R,A,T,L,Q,E,V,T,F,D,L,P,E,V,R,R,I,F,F,G,S,F,H,K,V,H,V,A,V,G,R,S,K,V,R,L,Y,V,D,C,R,K,V,A,E,R,P,I,G,E,A,G,S,L,P,A,A,G,F,V,M,L,G,R,L,A,K,A,R,G,P,R,S,S,S,A,S,F,Q,L,Q,V,L,Q,I,V,C,N,D,S,W,A,E,E,D,R,C,C,E,L,P,A,S,K,E,R,E,S,C,S,A,F,P,S,A,C,A,C,S,L,K,T,P,G,P,P,G,P,Q,G,P,P,G,L,P,G,R,N,G,A,P,G,E,Q,G,F,P,G,P,R,G,E,P,G,P,P,G,Q,M,G,P,E,G,P,G,G,Q,Q,G,S,P,G,T,Q,G,R,T,I,Q,G,P,V,G,P,P,G,V,K,G,E,K,G,D,H,G,H,P,G,L,Q,G,H,P,G,L,Q,G,T,P,G,K,V,G,V,Q,G,P,G,M,R,G,L,E,G,T,A,G,L,P,G,P,P,G,P,F,Q,G,T,A,G,A,R,G,S,H,G,E,R,G,P,P,G,A,V,G,P,G,L,P,G,P,K,G,E,R,G,E,K,H,V,L,K,L,H,A,C,H,E,S,T,R,P,P,M,P,I,L,E,A,P,R,A,L,-,-,-,-,-,-,-,-,G,T,S,S,K,A,R,L,V,G,H,G,G,P,R,P
Chlorocebus_sabaeus,-,-,-,-,-,-,-,-,-,-,-,-,-,-,A,S,G,H,L,R,L,T,V,L,P,E,D,Q,L,Q,M,K,W,R,E,S,E,G,S,G,L,G,Y,L,V,Q,V,Q,P,M,A,G,D,S,E,Q,E,V,I,L,T,T,K,T,P,K,A,T,V,G,G,L,S,P,S,K,G,Y,T,L,Q,I,F,E,L,T,G,S,G,R,F,L,L,A,R,R,E,F,V,I,A,D,L,K,S,T,S,L,D,R,N,N,Q,R,P,L,S,N,G,A,P,E,P,T,P,S,L,V,G,S,P,D,P,E,Q,A,S,E,S,R,V,A,F,A,P,S,W,D,P,P,I,P,A,S,P,Q,F,R,C,L,P,P,V,P,A,D,M,V,F,L,V,D,G,S,W,S,V,G,H,S,H,F,Q,Q,V,K,D,F,L,A,S,V,I,A,P,F,E,I,G,P,D,K,V,Q,V,G,L,T,Q,Y,S,G,D,A,Q,T,E,W,N,L,N,S,F,G,T,K,E,Q,V,L,A,A,V,H,R,L,R,Y,K,G,G,N,T,F,T,G,L,A,L,T,H,V,L,G,Q,N,L,Q,P,A,A,G,L,R,P,E,A,A,K,V,V,I,L,V,T,D,G,K,S,Q,D,D,V,H,A,A,A,R,V,L,R,D,L,G,V,N,I,F,A,V,G,V,K,N,A,D,E,A,E,L,R,L,L,A,S,P,P,R,D,I,T,V,H,N,V,L,D,F,P,Q,L,G,A,L,A,G,L,L,S,R,L,V,C,Q,R,L,Q,D,G,G,P,R,R,-,A,A,A,P,A,L,D,T,L,P,A,P,T,G,L,V,L,S,Q,V,T,S,S,S,I,H,V,S,W,T,P,A,P,R,L,P,L,K,Y,L,I,V,W,R,A,S,R,G,G,T,P,R,E,V,V,V,E,G,P,A,A,S,A,E,L,H,N,L,T,S,R,T,E,Y,L,V,S,V,F,P,I,Y,E,G,G,V,G,E,G,L,R,G,L,A,T,T,A,P,L,S,P,P,R,A,L,T,L,A,T,V,T,P,R,T,V,H,L,T,W,Q,P,S,A,G,A,T,H,Y,L,V,R,C,S,P,A,S,S,K,G,E,E,E,E,R,E,V,Q,V,R,R,P,E,V,L,L,D,G,L,E,P,G,R,D,Y,E,I,S,V,Q,S,L,R,G,P,E,S,S,E,A,R,G,I,R,A,R,T,P,I,L,A,P,P,R,H,L,G,F,S,D,V,S,H,D,T,A,R,V,I,W,E,G,A,A,R,P,V,R,L,V,R,V,T,Y,V,S,S,E,G,G,H,S,G,Q,T,E,A,P,G,N,A,T,S,A,T,L,G,P,L,S,S,S,T,T,Y,T,V,R,V,T,C,L,Y,P,G,G,G,S,S,T,L,T,G,Q,V,T,T,K,K,V,P,S,P,S,Q,L,S,V,T,E,Q,P,G,D,T,V,Q,L,A,W,V,A,A,A,P,S,G,V,L,V,Y,Q,I,K,W,T,P,L,G,E,G,K,A,H,E,I,S,V,P,G,N,L,D,T,A,V,L,P,G,L,G,R,H,T,E,Y,D,V,T,I,L,A,Y,Y,R,D,G,A,R,S,D,P,V,S,L,R,Y,T,P,S,T,V,N,R,S,P,P,S,N,L,A,L,A,S,E,T,P,N,S,L,Q,V,S,W,T,P,P,R,G,R,V,L,H,Y,R,L,T,Y,A,P,A,S,G,S,G,P,E,K,S,V,S,V,P,G,P,R,S,H,V,T,L,P,D,L,Q,A,A,T,K,Y,R,V,L,V,S,A,V,Y,A,A,G,R,S,E,A,V,S,A,T,G,Q,T,A,A,C,P,A,L,R,P,D,S,S,L,P,G,F,D,L,M,V,A,F,G,L,V,E,K,A,Y,A,S,I,R,G,V,A,M,E,P,S,A,F,G,G,T,P,T,F,T,L,F,K,D,A,Q,L,T,R,R,I,D,V,H,P,A,P,E,H,T,I,V,F,L,V,R,V,L,P,E,T,P,R,E,A,F,A,L,W,Q,M,T,A,E,D,F,Q,P,V,L,G,V,L,L,D,A,G,R,K,S,L,T,Y,F,H,L,D,P,R,A,A,L,Q,E,A,T,F,D,P,Q,E,V,R,K,I,F,F,G,S,F,H,K,V,H,V,A,V,G,R,S,K,V,R,L,Y,V,D,C,R,K,V,A,E,R,P,L,G,E,V,G,S,A,P,S,A,G,F,I,T,L,G,R,L,A,K,A,R,G,P,R,S,S,S,A,A,F,Q,L,Q,T,L,Q,I,V,C,S,D,T,W,A,D,E,D,R,C,C,E,L,P,A,S,R,D,G,E,T,C,P,A,F,V,S,A,C,S,C,S,S,E,T,P,G,P,P,G,P,Q,G,P,P,G,L,P,G,R,N,G,T,P,G,E,Q,G,F,P,G,P,R,G,E,P,G,P,P,G,Q,M,G,P,E,G,P,G,G,Q,Q,G,S,P,G,T,Q,G,R,A,V,P,G,P,V,G,P,P,G,V,K,G,E,K,G,D,H,G,L,P,G,L,Q,G,H,P,G,H,Q,G,I,P,G,R,V,G,L,Q,G,P,G,M,R,G,L,E,G,T,A,G,L,P,G,P,P,G,P,F,Q,G,M,A,G,A,R,G,T,G,G,E,R,G,P,P,G,A,V,G,P,G,L,P,G,P,K,G,E,R,G,E,K,H,V,S,K,F,D,S,F,H,E,N,T,R,P,P,M,P,I,L,E,Q,K,L,E,P,G,T,E,P,L,G,S,P,G,A,R,S,K,A,L,L,W,R,Q,G,S,H,H,L
Colobus_angolensis_palliatus,C,L,W,L,W,L,S,T,T,L,G,R,E,P,A,S,G,H,L,R,L,T,V,L,P,E,D,R,L,Q,M,K,W,R,E,S,E,G,S,G,L,G,Y,L,V,Q,V,Q,P,M,A,G,D,S,E,Q,E,V,I,L,T,T,K,T,P,K,A,T,V,G,G,L,S,P,S,K,G,Y,T,L,Q,I,F,E,L,T,G,S,G,R,F,L,L,A,R,R,E,F,V,I,E,D,L,K,S,S,S,L,D,R,N,N,Q,R,P,L,S,S,G,A,L,E,P,T,P,S,L,M,G,S,P,D,P,E,Q,A,S,E,P,R,V,A,F,A,P,S,R,D,P,P,I,S,A,S,S,Q,F,R,C,L,P,P,V,P,A,D,V,V,F,L,V,D,G,S,W,S,I,G,H,S,H,F,Q,Q,V,K,D,F,L,A,S,V,I,A,P,F,E,I,G,P,D,K,V,Q,V,G,L,T,Q,Y,S,G,D,A,Q,T,E,W,N,L,N,S,F,G,T,K,E,Q,V,L,A,A,V,H,R,L,R,Y,K,G,G,N,T,F,T,G,L,A,L,T,H,V,L,G,Q,N,L,Q,P,A,A,G,L,R,P,E,A,A,K,V,V,M,L,V,T,D,G,K,S,Q,D,D,V,R,T,A,A,R,V,L,K,D,L,G,V,N,I,F,A,V,G,V,K,N,A,D,E,A,E,L,R,L,L,A,S,P,P,R,D,I,T,V,H,N,V,L,D,F,P,Q,L,A,T,L,A,G,L,L,S,R,L,V,C,Q,R,L,Q,D,G,G,P,R,R,-,A,A,A,P,A,L,D,T,L,P,A,P,T,S,L,V,L,S,Q,V,T,S,S,S,I,R,L,S,W,T,P,A,P,R,L,P,L,K,Y,L,I,V,W,R,A,S,R,G,G,T,P,R,E,V,V,V,E,G,P,A,A,S,A,E,L,H,N,L,T,S,R,T,E,Y,L,V,S,V,F,P,I,Y,E,G,G,V,G,E,G,L,R,G,L,A,T,T,A,P,L,S,P,P,R,A,L,T,L,A,A,V,T,P,R,T,V,H,L,T,W,Q,P,S,A,G,A,T,H,Y,L,V,R,C,S,P,A,S,S,K,G,E,E,E,D,R,E,V,Q,V,R,R,P,E,V,L,L,D,G,L,E,P,G,R,D,Y,E,V,S,V,Q,S,L,R,G,P,E,S,S,E,A,R,G,I,R,A,R,T,P,I,L,A,P,P,R,H,L,G,F,S,D,V,S,H,D,A,A,R,V,I,W,E,G,T,P,R,P,V,R,L,V,R,V,T,Y,V,S,S,E,G,G,H,S,G,Q,T,E,A,P,G,N,A,T,S,A,T,L,G,P,L,S,S,S,T,T,Y,T,V,R,V,T,C,L,Y,P,G,G,G,S,S,T,L,T,G,Q,V,T,T,K,K,V,P,S,P,S,Q,L,S,V,T,E,L,P,G,D,T,V,Q,L,A,W,V,A,A,A,P,S,G,V,L,V,Y,Q,I,K,W,T,P,L,G,E,G,K,A,H,E,I,S,V,P,G,N,L,G,T,A,V,L,P,G,L,G,R,H,T,E,Y,E,V,T,I,L,A,Y,Y,R,D,G,A,R,S,D,P,V,S,L,R,Y,T,P,S,T,V,N,R,S,P,P,S,N,L,A,L,A,S,E,T,P,D,S,L,Q,V,S,W,T,P,P,R,G,R,V,L,H,Y,R,L,T,Y,A,P,A,S,G,S,G,P,E,K,S,V,S,V,P,G,P,R,S,H,V,T,L,P,D,L,Q,A,A,T,K,Y,R,V,L,V,S,A,V,Y,A,A,G,R,S,E,A,V,S,A,T,G,Q,T,-,A,C,P,A,L,R,P,D,S,S,L,P,G,F,D,L,M,V,A,F,G,L,V,E,K,A,Y,A,S,I,R,G,V,A,M,E,P,S,A,F,G,G,T,P,T,F,T,L,F,K,D,A,Q,L,T,R,R,V,D,V,H,P,A,P,E,R,T,I,V,F,L,V,R,L,L,P,E,T,P,R,E,A,F,A,L,W,Q,M,T,A,E,D,F,Q,P,V,L,G,V,L,L,D,A,G,R,K,S,L,T,Y,F,H,R,D,S,R,A,A,L,Q,E,A,T,F,D,P,Q,E,V,R,K,I,F,F,G,S,F,H,K,V,H,V,A,V,G,R,S,K,V,R,L,Y,V,D,C,R,K,V,A,E,R,P,L,G,E,V,G,S,A,P,S,A,G,F,I,T,L,G,R,L,A,K,A,R,G,P,R,S,S,S,A,A,F,Q,L,Q,T,L,Q,I,V,C,S,D,T,W,A,D,E,D,R,C,C,E,L,P,A,S,R,D,G,E,T,C,P,A,F,V,S,A,C,S,C,S,S,E,T,P,G,P,P,G,P,Q,G,P,P,G,L,P,G,R,N,G,T,P,G,E,Q,G,F,P,G,P,R,-,-,-,-,-,-,-,-,-,-,-,-,-,-,-,-,-,-,-,-,-,-,-,-,-,-,-,-,-,-,-,-,G,P,P,G,V,K,G,E,K,G,D,H,G,L,P,G,L,Q,G,H,P,G,H,Q,G,I,P,G,R,V,G,L,Q,G,P,G,M,R,G,L,E,G,T,A,G,L,P,G,P,P,G,P,F,H,G,M,A,G,A,R,G,T,S,G,E,R,G,P,P,G,A,V,G,P,G,L,P,G,P,K,G,E,R,G,E,K,H,V,S,K,F,D,S,F,H,E,N,T,R,P,P,M,P,I,L,E,Q,K,L,E,P,G,T,E,P,L,G,S,P,G,T,R,S,Q,A,L,L,W,E,H,G,S,R,R,L
Condylura_cristata,-,-,-,-,-,-,-,-,-,-,-,-,-,-,-,-,-,-,-,-,-,-,-,-,-,-,-,-,-,-,-,-,-,-,-,-,-,-,-,-,-,-,-,-,-,-,-,-,-,-,-,-,-,-,-,-,-,-,-,-,-,-,-,-,-,-,-,-,-,-,-,-,-,-,-,-,-,-,-,-,-,-,-,-,-,-,-,-,-,-,-,-,-,-,-,-,-,-,-,-,-,-,-,-,-,-,-,-,-,-,-,-,-,-,-,-,-,-,-,-,-,-,-,-,-,-,-,-,-,-,-,-,-,-,-,-,-,-,-,-,-,-,-,-,-,-,-,-,-,-,-,-,-,-,-,-,-,-,-,-,-,-,-,-,-,-,-,-,-,-,-,-,-,-,-,-,-,-,-,-,-,-,-,-,-,-,-,-,-,-,-,-,-,-,-,-,-,-,-,-,-,-,-,-,-,-,-,-,-,-,-,-,-,-,-,-,-,-,-,-,-,-,-,-,-,-,-,-,-,-,-,-,-,-,-,-,-,-,-,-,-,-,-,-,-,-,-,-,-,-,-,-,-,-,-,-,-,-,-,-,-,-,-,-,-,-,-,-,-,-,-,-,-,-,-,-,-,-,-,-,-,-,-,-,-,-,-,-,-,-,-,-,-,-,-,-,-,-,-,-,-,-,-,-,-,-,-,-,-,-,-,-,-,-,-,-,-,-,-,-,-,-,-,-,-,-,-,-,-,-,-,-,-,-,-,-,-,-,-,-,-,-,-,-,-,-,-,-,-,-,-,-,-,-,-,-,-,-,-,-,-,-,-,-,-,-,-,-,-,-,-,-,-,-,-,-,-,-,-,-,-,-,-,-,-,-,-,-,-,-,-,-,-,-,-,-,-,-,-,-,-,-,-,-,-,-,-,-,-,-,-,-,-,-,-,-,-,-,-,-,-,-,-,-,-,-,-,-,-,-,-,-,-,-,-,-,-,-,-,-,-,-,-,-,-,-,-,-,-,-,-,-,-,-,-,-,-,-,-,-,-,-,-,-,-,-,-,-,-,-,-,-,-,-,-,-,-,-,-,-,-,-,-,-,-,-,-,-,-,-,-,-,-,-,-,-,-,-,-,-,-,-,-,-,-,-,-,-,-,-,-,-,-,-,-,-,-,-,-,-,-,-,-,-,-,-,-,-,-,-,-,-,-,-,-,-,-,-,-,-,-,-,-,-,-,-,-,-,-,-,-,-,-,-,-,-,-,-,-,-,-,-,-,-,-,-,-,-,-,-,-,-,-,-,-,-,-,-,-,-,-,-,-,-,-,-,-,-,-,-,-,-,-,-,-,-,-,-,-,-,-,-,-,-,-,-,-,-,-,-,-,-,-,-,-,-,-,-,-,-,-,-,-,-,-,-,-,-,-,-,-,-,-,-,-,-,-,-,-,-,-,-,-,-,-,-,-,-,-,-,-,-,-,-,-,-,-,-,-,-,-,-,-,-,-,-,-,-,-,-,-,-,-,-,-,-,-,-,-,-,-,-,-,-,-,-,-,-,-,-,-,-,-,-,-,-,-,-,-,-,-,-,-,-,-,-,-,-,-,-,-,-,-,-,-,-,-,-,-,-,-,-,-,-,-,-,-,-,-,-,-,-,-,-,-,-,-,-,-,-,-,-,-,-,-,-,-,-,-,-,-,-,-,-,-,-,-,-,-,-,-,-,-,-,-,-,-,-,-,-,-,-,-,-,-,-,-,-,-,-,-,-,-,-,-,-,-,-,-,-,-,-,-,-,-,-,-,-,-,-,-,-,-,-,-,-,-,-,-,-,-,-,-,-,-,-,-,-,-,-,-,-,-,-,-,-,-,-,-,-,-,-,-,-,-,-,-,-,-,-,-,-,-,-,-,-,-,-,-,-,-,-,-,-,-,-,-,-,-,-,-,-,-,-,-,-,-,-,-,-,-,-,-,-,-,-,-,-,-,-,-,-,-,-,-,-,-,-,-,-,-,-,-,-,-,-,-,-,-,-,-,-,-,-,-,-,-,-,-,-,-,-,-,-,-,-,-,-,-,-,-,-,-,-,-,-,-,-,-,-,-,-,-,-,-,-,-,-,-,-,-,-,-,-,-,-,-,-,-,-,-,-,-,-,-,-,-,-,-,-,-,-,-,-,-,-,-,-,-,-,-,-,-,-,-,-,-,-,-,-,-,-,-,-,-,-,-,-,-,-,-,-,-,-,-,-,-,-,-,-,-,-,-,-,-,-,-,-,-,-,-,-,-,-,-,-,-,-,-,-,-,-,-,-,-,-,-,-,-,-,-,-,-,-,-,-,-,-,-,-,-,-,-,-,-,-,-,-,-,-,-,-,-,-,-,-,-,-,-,-,-,-,-,-,-,-,-,-,-,-,-,-,-,-,-,-,-,-,-,-,-,-,-,-,-,-,-,-,-,-,-,-,-,-,-,-,-,-,-,-,-,-,-,-,-,-,-,-,-,-,-,-,-,-,-,-,-,-,-,-,-,-,-,-,-,-,-,-,-,-,-,-,-,-,-,-,-,-,-,-,-,-,-,-,-,-,-,-,-,-,-,-,-,-,-,-,-,-,-,-,-,-,-,-,-,-,-,-,-,-,-,-,-,-,-,-,-,-,-,-,-,-,-,-,-,-,-,-,-,-,-,-,-,-,-,-,-,-,-,-,-,-,-,-,-,-,-,-,-,-,-,-,-,-,-,-,-,-,-,-,-,-,-,-,-,-,-,-,-,-,-,-,-,-,-,-,-,-,-,-,-,-,-,-,-,-,-,-
Elephas_maximus_indicus,-,-,-,-,-,-,-,-,-,-,-,-,-,-,-,-,-,-,-,-,-,-,-,-,-,-,-,-,-,-,-,-,-,-,-,-,-,-,-,-,-,-,-,-,-,-,-,-,-,-,-,-,-,-,-,-,-,-,-,-,-,-,-,-,-,-,-,-,-,-,-,-,-,-,-,-,-,-,-,-,-,-,-,-,-,-,-,-,-,-,-,-,-,-,-,-,-,-,-,-,-,-,-,-,-,-,-,-,-,-,-,-,-,-,-,-,-,-,-,-,-,-,-,-,-,-,-,-,-,-,-,-,-,-,-,-,-,-,-,-,-,-,-,-,-,-,-,-,-,-,-,-,-,-,-,-,-,-,-,-,-,-,-,-,-,-,-,-,-,-,-,-,-,-,-,-,-,-,-,-,-,-,-,-,-,-,-,-,-,-,-,-,-,-,-,-,-,-,-,-,-,-,-,-,-,-,-,-,-,-,-,-,-,-,-,-,-,-,-,-,-,-,-,-,-,-,-,-,-,-,-,-,-,-,-,-,-,-,-,-,-,-,-,-,-,-,-,-,-,-,-,-,-,-,-,-,-,-,-,-,-,-,-,-,-,-,-,-,-,-,-,-,-,-,-,-,-,-,-,-,-,-,-,-,-,-,-,-,-,-,-,-,-,-,-,-,-,-,-,-,-,-,-,-,-,-,-,-,-,-,-,-,-,-,-,-,-,-,-,-,-,-,-,-,-,-,-,-,-,-,-,-,-,-,-,-,-,-,-,-,-,-,-,-,-,-,-,-,-,-,-,-,-,-,-,-,-,-,-,-,-,-,-,-,-,-,-,-,-,-,-,-,-,-,-,-,-,-,-,-,-,-,-,-,-,-,-,-,-,-,-,-,-,-,-,-,-,-,-,-,-,-,-,-,-,-,-,-,-,-,-,-,-,-,-,-,-,-,-,-,-,-,-,-,-,-,-,-,-,-,-,-,-,-,-,-,-,-,-,-,-,-,-,-,-,-,-,-,-,-,-,-,-,-,-,-,-,-,-,-,-,-,-,-,-,-,-,-,-,-,-,-,-,-,-,-,-,-,-,-,-,-,-,-,-,-,-,-,-,-,-,-,-,-,-,-,-,-,-,-,-,-,-,-,-,-,-,-,-,-,-,-,-,-,-,-,-,-,-,-,-,-,-,-,-,-,-,-,-,-,-,-,-,-,-,-,-,-,-,-,-,-,-,-,-,-,-,-,-,-,-,-,-,-,-,-,-,-,-,-,-,-,-,-,-,-,-,-,-,-,-,-,-,-,-,-,-,-,-,-,-,-,-,-,-,-,-,-,-,-,-,-,-,-,-,-,-,-,-,-,-,-,-,-,-,-,-,-,-,-,-,-,-,-,-,-,-,-,-,-,-,-,-,-,-,-,-,-,-,-,-,-,-,-,-,-,-,-,-,-,-,-,-,-,-,-,-,-,-,-,-,-,-,-,-,-,-,-,-,-,-,-,-,-,-,-,-,-,-,-,-,-,-,-,-,-,-,-,-,-,-,-,-,-,-,-,-,-,-,-,-,-,-,-,-,-,-,-,-,-,-,-,-,-,-,-,-,-,-,-,-,-,-,-,-,-,-,-,-,-,-,-,-,-,-,-,-,-,-,-,-,-,-,-,-,-,-,-,-,-,-,-,-,-,-,-,-,-,-,-,-,-,-,-,-,-,-,-,-,-,-,-,-,-,-,-,-,-,-,-,-,-,-,-,-,-,-,-,-,-,-,-,-,-,-,-,-,-,-,-,-,-,-,-,-,-,-,-,-,-,-,-,-,-,-,-,-,-,-,-,-,-,-,-,-,-,-,-,-,-,-,-,-,-,-,-,-,-,-,-,-,-,-,-,-,-,-,-,-,-,-,-,-,-,-,-,-,-,-,-,-,-,-,-,-,-,-,-,-,-,-,-,-,-,-,-,-,-,-,-,-,-,-,-,-,-,-,-,-,-,-,-,-,-,-,-,-,-,-,-,-,-,-,-,-,-,-,-,-,-,-,-,-,-,-,-,-,-,-,-,-,-,-,-,-,-,-,-,-,-,-,-,-,-,-,-,-,-,-,-,-,-,-,-,-,-,-,-,-,-,-,-,-,-,-,-,-,-,-,-,-,-,-,-,-,-,-,-,-,-,-,-,-,-,-,-,-,-,-,-,-,-,-,-,-,-,-,-,-,-,-,-,-,-,-,-,-,-,-,-,-,-,-,-,-,-,-,-,-,-,-,-,-,-,-,-,-,-,-,-,-,-,-,-,-,-,-,-,-,-,-,-,-,-,-,-,-,-,-,-,-,-,-,-,-,-,-,-,-,-,-,-,-,-,-,-,-,-,-,-,-,-,-,-,-,-,-,-,-,-,-,-,-,-,-,-,-,-,-,-,-,-,-,-,-,-,-,-,-,-,-,-,-,-,-,-,-,-,-,-,-,-,-,-,-,-,-,-,-,-,-,-,-,-,-,-,-,-,-,-,-,-,-,-,-,-,-,-,-,-,-,-,-,-,-,-,-,-,-,-,-,-,-,-,-,-,-,-,-,-,-,-,-,-,-,-,-,-,-,-,-,-,-,-,-,-,-,-,-,-,-,-,-,-,-,-,-,-,-,-,-,-,-,-,-,-,-,-,-,-,-,-,-,-,-,-,-,-,-,-,-,-,-,-,-,-,-,-,-,-,-,-,-,-,-,-,-,-,-,-,-,-,-,-,-,-,-,-,-,-,-,-,-,-,-,-,-,-,-,-,-,-,-,-,-,-,-,-,-,-,-,-,-,-,-,-,-,-
Enhydra_lutris_kenyoni,C,L,W,L,W,L,G,A,A,L,G,L,G,Q,A,S,S,R,L,R,L,A,V,L,P,E,D,R,L,Q,M,K,W,R,E,V,E,G,S,G,L,G,Y,L,V,Q,V,K,P,V,A,G,D,A,E,Q,E,V,I,L,T,T,K,T,P,K,A,T,V,G,G,L,S,P,C,K,G,Y,T,V,Q,I,F,K,L,T,G,S,G,N,A,L,L,A,Q,R,E,F,V,I,Q,D,L,K,S,H,A,A,S,R,S,S,R,K,P,L,E,A,-,A,V,E,P,T,P,S,H,A,G,S,P,G,P,-,-,-,-,E,L,R,V,A,S,S,P,S,Q,D,S,P,T,L,-,-,-,-,F,R,C,T,P,P,T,P,V,D,M,I,F,L,V,D,G,S,W,S,I,S,H,S,H,F,Q,Q,V,K,G,F,L,A,S,V,I,E,P,L,E,I,G,P,N,K,I,Q,V,G,L,T,Q,Y,S,G,D,P,Q,T,E,W,D,L,S,A,F,R,S,K,D,K,V,L,A,A,I,R,S,L,R,Y,K,G,G,N,T,F,T,G,L,A,L,T,H,V,R,E,Q,N,L,K,P,G,A,G,P,R,P,E,A,A,K,V,V,V,L,V,T,D,G,K,S,Q,D,D,A,R,A,A,G,R,V,L,K,D,L,G,V,A,V,F,A,V,G,V,K,N,A,D,E,A,E,L,R,L,L,A,S,P,P,L,D,I,T,V,H,S,V,Q,D,F,P,Q,L,G,T,L,A,G,L,L,S,R,L,I,C,Q,K,V,Q,G,G,S,-,-,-,A,V,A,T,P,A,P,D,T,V,F,T,P,T,R,L,I,L,T,Q,A,T,P,S,S,V,H,L,S,W,T,P,D,P,Q,L,P,L,K,Y,L,V,T,W,R,P,S,R,G,G,P,L,Q,E,V,V,L,D,G,P,T,S,S,M,T,L,H,S,L,T,I,G,T,E,Y,L,V,S,V,F,P,V,S,E,A,G,V,G,E,G,L,-,G,L,V,T,T,A,P,L,P,P,P,Q,A,L,T,L,A,A,V,T,P,T,T,V,R,L,T,W,R,P,S,A,E,A,A,Q,Y,L,V,R,C,S,P,A,-,-,-,-,-,-,-,-,-,-,-,-,-,-,-,-,-,-,-,-,-,-,L,E,P,G,T,D,Y,D,V,R,A,H,S,L,Q,G,P,E,A,S,E,A,R,G,I,R,A,R,T,A,A,L,A,P,R,R,H,L,G,F,L,G,A,S,H,D,S,A,H,V,F,W,E,V,V,P,R,P,V,L,L,F,R,V,G,F,V,S,S,E,G,S,H,S,G,Q,V,E,A,P,G,N,A,T,S,A,T,L,G,P,L,F,S,S,T,T,Y,S,V,C,V,T,C,L,Y,P,A,G,G,S,S,T,L,T,G,R,L,T,T,R,K,V,P,S,P,S,K,L,S,A,T,E,L,P,R,D,E,V,Q,L,E,W,A,A,A,S,A,S,G,V,L,V,H,Q,I,K,W,T,P,V,E,D,G,K,A,R,E,I,S,V,P,G,S,L,G,V,A,V,L,P,G,L,R,S,H,L,E,Y,E,I,T,I,L,A,Y,Y,R,D,G,A,H,S,D,P,V,S,L,R,Y,T,S,-,-,-,-,R,S,L,P,S,K,L,A,L,A,S,E,S,P,S,L,L,R,V,T,W,T,P,P,S,G,H,V,L,H,Y,R,L,T,Y,V,L,A,S,G,S,G,P,E,K,S,I,S,V,P,G,P,S,N,H,A,T,L,P,S,L,L,A,A,T,K,Y,R,V,Q,V,S,A,V,Y,G,A,G,E,S,A,P,M,S,A,T,G,R,M,-,T,C,P,A,L,S,P,D,G,A,H,P,G,L,H,L,M,A,A,F,G,L,V,E,Q,E,H,A,P,L,R,G,V,A,V,E,R,A,A,F,S,C,T,-,D,F,T,L,F,K,D,A,Q,L,T,R,R,A,G,G,H,P,A,Q,A,H,T,V,V,F,V,L,R,V,L,P,E,T,P,R,E,D,F,A,L,W,Q,V,T,A,E,D,L,Q,P,I,L,G,V,L,L,D,-,G,Q,K,S,L,T,Y,F,N,H,D,P,R,A,T,L,Q,E,V,T,F,D,L,P,E,V,R,K,I,F,F,G,S,F,H,K,V,H,V,A,L,G,R,S,K,V,R,L,Y,V,D,C,Q,K,V,A,E,R,P,I,G,E,A,G,S,P,P,A,T,G,F,V,M,L,G,R,L,A,K,A,R,G,P,R,S,S,S,A,T,F,Q,L,Q,L,L,H,I,V,C,G,D,S,W,A,E,E,D,V,C,C,E,L,P,A,A,K,D,G,E,T,C,L,A,F,S,S,A,C,T,C,S,S,Q,T,P,G,P,P,G,P,Q,G,P,P,G,L,P,G,R,N,G,A,P,G,E,Q,G,F,P,G,P,R,-,-,-,-,-,-,-,-,-,-,-,-,-,-,-,-,-,-,-,-,-,-,-,-,-,-,-,-,-,-,-,-,G,P,P,G,V,K,G,E,K,G,D,H,G,L,P,G,L,K,G,H,P,G,H,Q,G,A,P,G,K,V,G,L,Q,G,P,G,M,R,G,L,E,G,S,T,G,L,P,G,P,P,G,P,F,Q,G,T,V,E,A,R,G,T,S,G,E,R,G,P,P,G,A,V,G,P,G,L,P,G,P,K,G,E,R,G,E,K,H,V,L,K,F,H,S,F,R,E,S,A,R,P,P,R,P,I,L,E,A,P,G,P,P,-,-,-,-,-,-,-,-,S,T,L,G,E,A,Q,L,A,G,D,D,G,L,R,P
Equus_asinus,W,L,W,L,W,L,G,V,T,M,G,L,C,Q,G,S,S,R,L,R,L,S,V,L,P,E,D,R,L,Q,M,K,W,R,A,S,E,G,G,G,L,G,Y,L,V,Q,V,K,P,V,A,G,D,P,E,Q,E,V,M,L,N,T,K,T,P,K,A,T,V,G,G,L,S,P,S,K,G,Y,T,V,Q,I,F,E,L,T,G,S,G,N,I,L,L,A,R,R,E,F,V,I,T,D,L,K,S,N,S,V,G,R,S,S,W,R,P,L,G,A,-,A,L,E,P,T,P,S,R,M,G,S,L,D,P,-,-,-,-,E,P,R,V,A,L,V,P,S,Q,D,P,P,T,L,A,G,P,Q,F,R,C,T,P,P,T,P,V,D,M,I,F,L,V,D,G,S,W,S,I,G,Y,G,H,F,Q,Q,V,K,D,F,L,A,S,V,I,E,P,F,E,I,G,P,D,K,V,Q,V,G,L,T,Q,Y,S,G,D,P,Q,T,E,W,D,L,N,T,F,G,T,K,E,E,V,L,A,A,I,R,G,L,R,Y,R,G,G,N,T,F,T,G,L,A,L,T,H,V,L,E,Q,N,L,K,P,I,A,G,P,R,P,E,A,T,T,V,V,I,L,V,T,D,G,K,S,Q,D,D,A,R,T,A,G,H,V,L,K,E,L,G,V,D,V,F,A,V,G,V,K,N,A,D,E,E,E,L,R,L,L,A,S,Q,P,L,D,I,T,V,H,S,V,Q,D,F,P,Q,L,G,T,L,A,G,L,L,S,R,L,I,C,Q,K,V,Q,G,R,S,P,R,G,A,A,A,A,P,A,P,D,P,L,S,A,L,T,S,L,V,L,T,Q,V,T,S,S,S,V,H,L,S,W,S,P,A,P,K,P,P,L,K,H,L,I,V,W,R,P,S,K,G,G,I,P,Q,E,V,V,V,E,G,P,T,S,S,A,E,L,H,N,L,T,S,S,T,E,Y,L,V,S,V,F,P,V,Y,E,A,G,V,G,E,G,L,R,G,L,A,T,T,A,P,L,P,P,P,Q,A,L,T,L,A,A,V,T,P,R,T,V,H,L,T,W,Q,P,V,A,G,A,T,H,Y,L,V,W,C,S,P,A,P,S,K,G,E,A,D,R,R,E,V,Q,V,G,R,P,E,V,L,L,D,G,L,E,P,G,R,D,Y,D,V,W,V,Q,S,L,R,G,A,E,A,S,E,G,R,G,V,R,A,R,T,P,A,L,A,S,T,S,-,L,G,F,S,D,V,S,H,D,S,A,R,V,F,W,E,A,T,P,R,P,V,R,L,F,R,V,S,Y,V,S,S,K,G,G,H,S,G,Q,T,E,A,P,G,N,A,T,S,A,T,L,G,P,L,S,S,S,T,T,Y,T,V,R,V,I,C,L,Y,P,G,G,S,S,S,T,L,T,G,R,L,T,T,R,K,V,P,S,P,S,Q,L,S,V,T,E,L,P,G,D,E,V,Q,L,H,W,A,A,A,A,A,S,G,V,L,V,Y,Q,I,K,W,T,P,L,G,D,G,K,A,H,E,I,S,V,P,G,N,L,G,T,A,V,L,P,G,L,G,R,H,L,E,Y,E,I,T,I,L,A,Y,Y,R,D,G,A,R,S,D,P,V,S,L,R,Y,T,A,-,-,L,S,R,S,P,P,S,N,L,T,V,A,S,E,S,P,N,S,L,R,V,S,W,T,P,P,S,G,H,V,L,H,Y,R,L,T,Y,T,L,A,S,G,S,G,P,E,K,S,I,S,V,P,G,P,R,S,H,A,I,L,P,D,L,L,A,A,T,K,Y,R,V,L,V,S,A,V,Y,G,A,G,E,S,M,A,V,S,A,T,G,R,T,A,A,C,Q,A,L,H,A,D,G,S,L,T,G,F,D,L,M,G,A,F,G,L,V,E,K,E,Y,A,S,V,R,G,V,A,M,E,P,S,A,F,G,P,T,R,T,F,T,L,F,K,D,A,Q,L,T,R,R,A,D,I,H,P,A,A,E,H,T,L,V,F,L,L,R,L,L,P,E,T,P,R,E,A,F,A,L,W,Q,M,T,A,E,D,F,Q,P,V,L,G,V,L,L,D,A,S,R,K,S,L,T,Y,F,N,H,D,L,R,A,T,L,Q,E,V,T,F,D,L,P,E,V,R,R,I,F,F,G,S,F,H,K,V,H,V,A,V,G,R,S,R,V,R,L,Y,V,D,C,Q,K,V,A,E,R,P,I,G,E,A,G,S,P,P,A,T,G,F,V,T,L,G,R,L,A,K,A,R,G,L,R,S,S,S,A,T,F,Q,L,Q,T,L,Q,L,V,C,S,D,S,W,A,E,E,D,R,C,C,E,L,P,A,L,K,D,G,E,T,C,P,A,F,P,S,A,C,T,C,S,S,E,S,P,G,P,P,G,P,Q,G,P,P,G,L,P,G,R,N,G,A,P,G,E,Q,G,S,P,G,P,R,G,E,P,G,P,P,G,Q,M,G,P,K,G,P,G,G,Q,Q,G,S,P,G,T,Q,G,R,T,I,Q,G,P,M,G,P,P,G,V,K,G,E,K,G,D,H,G,L,P,G,L,Q,G,R,P,G,H,Q,G,S,P,G,K,V,G,L,Q,G,P,G,M,R,G,L,E,G,T,A,G,L,P,G,P,P,G,P,F,R,G,V,A,G,A,R,G,T,S,G,E,R,G,P,P,G,V,V,G,P,G,L,P,G,P,K,G,E,R,G,E,K,H,M,L,K,F,N,S,F,H,E,S,T,R,P,P,M,P,I,L,E,A,P,R,P,P,-,-,-,-,-,-,-,-,G,T,P,S,E,A,R,L,G,G,R,G,G,H,R,P
Equus_przewalskii,W,L,W,L,W,L,G,V,T,M,G,L,C,Q,G,S,S,R,L,R,L,S,V,L,P,E,D,R,L,Q,M,K,W,R,A,S,E,G,G,G,L,G,Y,L,V,Q,V,K,P,V,A,G,D,P,E,Q,E,V,M,L,N,T,K,T,P,K,A,T,V,G,G,L,S,P,S,K,G,Y,S,V,Q,I,F,E,L,T,G,S,G,N,V,L,L,A,R,R,E,F,V,I,T,D,L,K,S,N,S,V,G,R,S,S,W,R,P,L,G,A,-,A,L,E,P,T,P,S,R,M,G,S,L,D,P,-,-,-,-,E,P,Q,V,A,L,V,P,S,Q,D,P,P,T,L,A,G,P,Q,F,R,C,T,P,P,T,P,V,D,M,I,F,L,V,D,G,S,W,S,I,G,Y,G,H,F,Q,Q,V,K,D,F,L,A,S,V,I,E,P,F,E,I,G,P,D,K,V,Q,V,G,L,T,Q,Y,S,G,D,P,Q,T,E,W,D,L,N,A,F,G,T,K,E,E,V,L,A,A,I,R,G,L,R,Y,R,G,G,N,T,F,T,G,L,A,L,T,H,V,L,E,Q,N,L,K,P,T,A,G,P,R,P,E,A,A,T,V,V,I,L,V,T,D,G,K,S,Q,D,D,A,R,T,A,G,H,V,L,K,E,L,G,V,D,V,F,A,V,G,V,K,N,A,D,E,E,E,L,R,L,L,A,S,Q,P,L,D,I,T,V,H,S,V,Q,D,F,P,Q,L,G,T,L,A,G,L,L,S,R,L,I,C,Q,K,V,Q,G,R,S,P,R,G,-,A,A,A,P,A,P,D,P,L,S,A,L,T,S,L,V,L,T,Q,V,T,S,S,S,V,H,L,S,W,S,P,A,P,K,P,P,L,K,H,L,I,V,W,R,P,S,K,G,G,I,P,R,E,V,V,V,E,G,P,T,S,S,A,E,L,H,N,L,T,S,S,T,E,Y,L,V,S,V,F,P,V,Y,E,A,G,V,G,E,G,L,R,G,L,A,T,T,A,P,L,P,P,P,Q,A,L,T,L,A,A,V,T,P,R,T,V,H,L,T,W,Q,P,A,A,G,A,T,H,Y,L,V,W,C,S,P,A,P,S,K,G,E,A,D,R,R,E,V,R,V,G,R,P,E,V,L,L,D,G,L,E,P,G,R,D,Y,D,V,W,V,Q,S,L,R,G,A,E,A,S,E,G,R,G,V,R,A,R,T,P,A,L,A,S,T,R,-,L,G,F,S,D,V,S,H,D,S,A,R,V,F,W,E,A,T,P,R,P,V,R,L,F,R,V,S,Y,V,S,S,K,G,G,H,S,G,Q,T,E,A,P,G,N,A,T,S,A,T,L,G,P,L,S,S,S,T,T,Y,T,V,R,V,T,C,L,Y,P,G,G,S,S,S,T,L,T,G,R,L,T,T,R,K,V,P,S,P,S,Q,L,S,V,T,E,L,P,G,D,E,V,Q,L,H,W,A,A,A,A,A,S,G,V,L,V,Y,Q,I,K,W,T,P,L,G,D,G,K,A,H,E,I,S,V,P,G,N,L,G,T,A,V,L,P,G,L,G,R,H,L,E,Y,E,I,T,I,L,A,Y,Y,R,D,G,A,R,S,D,P,V,S,L,R,Y,T,-,-,-,V,S,R,S,P,P,S,N,L,T,V,A,S,E,-,-,-,-,-,-,-,-,W,T,P,P,S,G,H,V,L,H,Y,R,L,T,Y,T,L,A,S,G,S,G,P,E,K,S,I,S,V,P,G,P,R,S,H,A,I,L,P,D,L,L,A,A,T,K,Y,R,V,L,V,S,A,V,Y,G,A,G,E,S,M,A,V,S,A,T,G,R,T,-,A,C,R,A,L,H,A,D,G,S,L,T,G,F,D,L,M,G,A,F,G,L,V,E,K,E,Y,A,S,V,R,G,V,A,M,E,P,S,A,F,G,P,T,R,T,F,T,L,F,K,D,A,Q,L,T,R,R,A,D,I,H,P,A,A,E,H,T,L,V,F,L,L,R,L,L,P,E,T,P,R,E,A,F,A,L,W,Q,M,T,A,E,D,F,Q,P,V,L,G,V,L,L,D,A,S,R,K,S,L,T,Y,F,N,H,D,L,R,A,T,L,Q,E,V,T,F,D,L,P,E,V,R,R,I,F,F,G,S,F,H,K,V,H,V,A,V,G,R,S,R,V,R,L,Y,V,D,C,Q,K,V,A,E,R,P,I,G,E,A,G,S,P,P,A,T,G,F,V,M,L,G,R,L,A,K,A,R,G,L,R,S,S,S,A,T,F,Q,L,Q,T,L,Q,L,V,C,S,D,S,W,A,E,E,D,R,C,C,E,L,P,A,S,K,D,G,E,T,C,P,A,F,P,S,A,C,T,C,S,S,E,S,P,G,P,P,G,P,Q,G,P,P,G,-,P,G,-,-,-,-,-,G,Q,Q,G,S,P,G,T,Q,-,-,-,-,-,-,-,-,-,-,-,-,-,-,-,-,-,-,-,-,-,-,-,-,G,R,T,I,Q,G,P,M,G,P,P,G,V,K,G,E,K,G,D,H,G,L,P,G,L,Q,G,R,P,G,H,Q,G,S,P,G,K,V,G,L,Q,G,P,G,M,R,G,L,E,G,T,A,G,L,P,G,P,P,G,P,F,R,G,V,A,G,A,R,G,T,S,G,E,R,G,P,P,G,V,V,G,P,-,-,-,-,-,-,-,-,-,-,-,-,H,M,L,K,F,N,S,F,H,E,S,T,R,P,P,M,P,I,L,E,A,P,R,P,P,-,-,-,-,-,-,-,-,G,T,P,S,E,A,R,L,G,G,R,G,G,H,R,P
Equus_quagga,W,L,W,L,W,L,G,V,T,M,G,L,C,Q,-,S,S,R,L,R,L,S,V,L,P,E,D,R,L,Q,M,K,W,R,A,S,E,G,G,G,L,G,Y,L,V,Q,V,K,P,V,A,G,D,P,E,Q,E,V,M,L,N,T,K,T,P,K,A,T,V,G,G,L,S,P,S,K,G,Y,T,V,Q,I,F,E,L,T,G,S,G,N,I,L,L,A,R,R,E,F,V,I,T,D,L,K,S,N,S,V,G,R,S,S,W,R,P,L,G,A,-,A,L,E,P,T,P,S,R,M,G,S,L,D,P,-,-,-,-,E,P,R,V,A,L,V,P,S,Q,D,P,P,T,L,T,G,P,Q,F,R,C,T,P,P,T,P,V,D,M,I,F,L,V,D,G,S,W,S,I,G,Y,G,H,F,Q,Q,V,K,D,F,L,A,S,V,I,E,P,F,E,I,G,P,D,K,V,Q,V,G,L,T,Q,Y,S,G,D,P,Q,T,E,W,D,L,N,T,F,G,T,K,E,E,V,L,A,A,I,R,G,L,C,Y,R,G,G,N,T,F,T,G,L,A,L,T,H,V,L,E,Q,N,L,K,P,I,A,G,P,R,P,E,A,A,T,V,V,I,L,V,T,D,G,K,S,Q,D,D,A,R,T,A,G,H,V,L,K,E,L,G,V,D,V,F,A,V,G,V,K,N,A,D,E,E,E,L,R,L,L,A,S,Q,P,L,D,I,T,V,H,S,V,Q,D,F,P,Q,L,G,T,L,A,G,L,L,S,R,L,I,C,Q,K,V,Q,G,R,S,P,R,G,-,A,A,A,P,A,P,D,P,L,S,A,L,T,S,L,V,L,T,Q,V,T,S,S,S,V,H,L,S,W,S,P,A,P,K,P,P,L,K,H,L,I,V,W,R,P,S,K,G,G,I,P,R,E,V,V,V,E,G,P,T,S,S,A,E,L,H,N,L,T,S,S,T,E,Y,L,V,S,V,F,P,V,Y,E,A,G,V,G,E,G,L,R,G,L,A,T,T,A,P,L,P,P,P,Q,A,L,T,L,A,A,V,T,P,R,T,V,H,L,T,W,Q,P,V,A,G,A,T,H,Y,L,V,W,C,S,P,A,P,S,K,G,E,A,D,R,R,E,V,R,V,G,R,P,E,V,L,L,D,G,L,E,P,G,R,D,Y,D,V,W,V,Q,S,L,R,G,A,E,A,S,E,G,R,G,V,R,A,R,T,P,A,L,A,S,T,R,-,L,G,F,S,D,V,S,H,D,S,A,R,V,F,W,E,A,T,P,R,P,V,R,L,F,R,V,S,Y,V,S,S,K,G,G,H,S,G,Q,T,E,A,P,G,N,A,T,S,A,T,L,G,P,L,S,S,S,T,T,Y,T,V,R,V,I,C,L,Y,P,G,G,S,S,S,T,L,T,G,R,L,T,T,R,K,V,P,S,P,S,Q,L,S,V,T,E,L,P,G,D,E,V,Q,L,H,W,A,A,A,A,A,S,G,V,L,V,Y,Q,I,K,W,T,P,L,G,D,G,K,A,H,E,I,S,V,P,G,N,L,G,T,A,V,L,P,G,L,G,R,H,L,E,Y,E,I,T,I,L,A,Y,Y,R,D,G,A,R,S,D,P,V,S,L,R,Y,T,A,-,-,L,S,R,S,P,P,S,N,L,T,V,A,S,E,S,P,N,S,L,R,V,S,W,T,P,P,S,G,H,V,L,H,Y,R,L,T,Y,T,L,A,S,G,S,G,P,E,K,S,I,S,V,P,G,P,R,S,H,A,I,L,P,D,L,L,A,A,T,K,Y,R,V,L,V,S,A,V,Y,G,A,G,E,S,M,A,V,S,A,T,G,R,T,-,A,C,R,A,L,H,A,D,G,S,L,T,G,F,D,L,M,G,A,F,G,L,V,E,K,E,Y,A,S,V,R,G,V,A,M,E,P,S,A,F,G,P,T,R,T,F,T,L,F,K,D,A,Q,L,T,R,R,A,D,I,H,P,A,A,E,H,T,L,V,F,L,L,R,L,L,P,E,T,P,R,E,A,F,A,L,W,Q,M,T,A,E,D,F,Q,P,V,L,G,V,L,L,D,A,S,R,K,S,L,T,Y,F,N,H,D,L,R,A,T,L,Q,E,V,T,F,D,L,P,E,V,R,R,I,F,F,G,S,F,H,K,V,H,V,A,V,G,R,S,R,V,R,L,Y,V,D,C,Q,K,V,A,E,R,P,I,G,E,A,G,S,P,P,A,T,G,F,V,T,L,G,R,L,A,K,A,R,G,L,R,S,S,S,A,T,F,Q,L,Q,T,L,Q,L,V,C,S,D,S,W,A,E,E,D,R,C,C,E,L,P,A,L,K,D,G,E,T,C,P,A,F,P,S,A,C,T,C,S,S,E,S,P,G,P,P,G,P,Q,G,P,P,G,L,P,G,R,N,G,A,P,G,E,Q,G,S,P,G,P,R,-,-,-,-,-,-,-,-,-,-,-,-,-,-,-,-,-,-,-,-,-,-,-,-,-,-,-,-,-,-,-,-,G,P,P,G,V,K,G,E,K,G,D,H,G,L,P,G,L,Q,G,R,P,G,H,Q,G,S,P,G,K,V,G,L,Q,G,P,G,M,R,G,L,E,G,T,A,G,L,P,G,P,P,G,P,F,R,G,V,A,G,A,R,G,T,S,G,E,R,G,P,P,G,V,V,G,P,G,L,P,G,P,K,G,E,R,G,E,K,H,M,L,K,F,N,S,F,H,E,S,T,R,P,P,M,P,I,L,E,A,P,R,P,P,-,-,-,-,-,-,-,-,G,T,P,S,E,A,R,L,G,G,R,G,G,H,R,P
Gorilla_gorilla_gorilla,C,L,W,L,W,L,G,A,T,L,G,R,E,Q,A,S,G,L,L,R,L,S,V,L,P,E,D,R,L,Q,M,K,W,R,E,S,E,G,S,G,L,G,Y,L,V,Q,V,K,P,M,A,G,D,S,E,Q,E,V,I,L,T,T,K,T,P,K,A,T,V,G,G,L,S,P,S,K,G,Y,T,L,Q,I,F,E,L,T,G,S,G,R,F,L,L,A,R,R,E,F,V,I,E,D,L,K,S,S,S,L,D,R,S,S,Q,R,P,L,S,S,G,A,P,E,P,T,P,S,H,T,G,S,P,D,L,E,Q,A,S,E,P,Q,V,A,F,T,P,S,Q,D,P,P,T,R,A,G,P,Q,F,R,C,L,P,P,V,P,A,D,M,V,F,L,V,D,G,S,W,S,I,G,H,S,H,F,Q,Q,V,K,D,F,L,A,S,V,I,A,P,F,E,I,G,P,D,K,V,Q,V,G,L,T,Q,Y,S,G,D,A,Q,T,E,W,D,L,N,S,L,S,T,K,E,Q,V,L,A,A,V,R,R,L,R,Y,K,G,G,N,T,F,T,G,L,A,L,T,H,V,L,G,Q,N,L,Q,P,A,A,G,L,R,P,E,A,A,K,V,V,I,L,V,T,D,G,K,S,Q,D,D,V,H,T,A,A,H,V,L,K,D,L,G,V,N,V,F,A,V,G,V,K,N,A,D,E,A,E,L,R,L,L,A,S,P,P,R,D,I,T,V,H,S,V,L,D,F,L,Q,L,G,A,L,S,G,L,L,S,R,L,I,C,Q,R,L,Q,G,G,S,P,R,Q,-,A,A,A,P,A,L,D,T,L,P,A,P,T,S,L,V,L,S,Q,V,T,S,S,S,I,R,L,S,W,T,P,A,P,R,H,P,L,K,Y,L,I,V,W,R,A,S,R,G,G,T,P,R,E,V,V,V,E,G,P,A,A,S,T,E,L,H,N,L,A,S,R,T,E,Y,L,V,S,V,F,P,I,Y,E,G,G,V,G,E,G,L,R,G,L,V,T,T,A,P,L,P,P,P,R,A,L,T,L,A,A,V,T,P,R,T,V,H,L,T,W,Q,P,S,A,G,A,T,H,Y,L,V,R,C,S,P,A,S,P,K,G,E,E,E,E,R,E,V,Q,V,G,R,P,E,V,L,L,D,G,L,E,P,G,R,D,Y,E,V,S,V,Q,S,L,R,G,P,E,G,S,E,A,R,G,I,R,A,R,T,P,A,L,A,P,P,R,H,L,G,F,S,D,V,S,H,D,E,A,R,V,F,W,E,G,A,P,R,P,V,R,L,V,R,V,T,Y,V,S,S,E,G,G,H,S,G,Q,T,E,A,P,G,N,A,T,S,A,T,L,G,P,L,S,S,S,T,T,Y,T,V,R,V,T,C,L,Y,P,G,G,G,S,S,T,L,T,G,Q,V,T,T,K,K,A,P,S,P,S,Q,L,S,V,T,E,L,P,G,D,A,V,Q,L,A,W,V,A,A,A,P,S,G,V,L,V,Y,Q,I,T,W,T,P,L,G,E,G,K,A,H,E,I,S,V,P,G,N,L,G,T,A,V,L,P,G,L,G,R,H,T,E,Y,D,V,T,I,L,A,Y,Y,R,D,G,A,R,S,D,P,V,S,L,R,Y,T,P,S,T,V,S,R,S,P,P,S,N,L,A,L,A,S,E,T,P,D,S,L,Q,V,S,W,T,P,P,L,G,R,V,L,H,Y,W,L,T,Y,A,P,A,S,G,L,G,P,E,K,S,V,S,V,P,G,P,R,S,H,V,T,L,P,D,L,Q,A,A,T,K,Y,R,V,L,V,S,A,I,Y,A,A,G,R,S,E,A,V,S,A,T,G,Q,T,-,A,C,P,A,L,G,P,D,G,S,L,P,G,F,D,L,M,V,A,F,S,L,V,E,K,A,Y,A,S,I,R,G,V,A,M,E,P,S,A,F,G,G,T,P,T,F,T,L,F,K,D,A,Q,L,T,R,R,V,D,V,H,P,A,P,E,H,T,I,V,F,L,V,R,L,L,P,E,T,P,R,E,A,F,A,L,W,Q,M,T,A,E,D,F,Q,P,L,L,G,V,L,L,D,A,G,K,K,S,L,T,Y,F,H,R,D,P,R,A,A,L,Q,E,A,T,F,D,P,Q,E,V,R,K,I,F,F,G,S,F,H,K,V,H,V,A,V,G,R,S,K,V,R,L,Y,V,D,C,R,K,V,A,E,R,P,L,G,E,M,G,S,P,P,A,A,G,F,V,T,L,G,R,L,A,K,A,R,G,P,R,S,S,S,A,A,F,Q,L,Q,M,L,Q,I,V,C,S,D,T,W,A,D,E,D,R,C,C,E,L,P,A,S,R,D,G,E,T,C,P,A,F,V,S,A,C,S,C,S,S,E,T,P,G,P,P,G,P,Q,G,P,P,G,L,P,G,R,N,G,T,P,G,E,Q,G,F,P,G,P,R,-,-,-,-,-,-,-,-,-,-,-,-,-,-,-,-,-,-,-,-,-,-,-,-,-,-,-,-,-,-,-,-,G,P,P,G,V,K,G,E,K,G,D,H,G,L,P,G,L,Q,G,H,P,G,H,Q,G,I,P,G,R,V,G,L,Q,G,P,G,M,R,G,L,E,G,T,A,G,L,P,G,P,P,G,P,F,Q,G,M,A,G,A,R,G,T,S,G,E,R,G,P,P,G,T,V,G,P,G,L,P,G,P,K,G,E,R,G,E,K,H,V,S,K,F,D,S,F,H,E,N,T,R,P,P,M,P,I,L,E,Q,K,L,E,P,G,T,E,P,L,G,S,P,G,T,R,S,K,A,L,V,W,G,R,G,G,R,H,L
Halichoerus_grypus,-,-,-,-,-,-,-,-,-,-,-,-,-,-,A,S,S,R,L,R,L,A,V,L,P,E,D,Q,L,Q,M,K,W,R,E,S,E,G,G,S,L,G,Y,L,V,Q,V,K,P,R,A,G,D,A,E,Q,E,V,M,L,T,T,K,T,P,K,A,T,V,G,G,L,S,P,S,K,G,Y,T,V,Q,I,F,E,L,T,S,S,G,N,A,L,L,A,Q,Q,E,F,V,I,E,D,L,K,S,H,S,V,S,R,S,G,Q,M,P,L,E,A,-,A,V,E,P,M,P,S,H,V,G,S,P,D,P,-,-,-,-,E,P,R,V,A,L,S,P,G,Q,D,P,P,L,-,A,S,P,Q,F,R,C,T,P,P,T,P,M,D,M,I,F,L,V,D,G,S,W,S,I,G,H,G,H,F,Q,Q,V,K,D,F,L,A,S,V,I,E,P,F,E,I,G,P,N,K,V,Q,V,G,L,T,Q,Y,S,G,D,P,Q,T,E,W,D,L,S,A,F,R,T,K,E,E,V,V,T,A,V,R,S,L,R,Y,R,G,G,N,T,F,T,G,L,A,L,T,H,V,R,E,Q,N,L,K,P,G,A,G,T,R,P,E,A,A,K,V,V,I,L,V,T,D,G,K,S,Q,D,D,A,R,A,A,G,H,V,L,K,D,L,G,V,A,V,F,A,V,G,V,K,N,A,D,E,A,E,L,Q,L,L,A,S,P,P,L,D,I,T,V,H,N,V,Q,D,F,P,Q,L,G,T,L,A,G,L,L,S,R,L,I,C,Q,K,V,Q,G,G,S,G,T,-,A,A,A,T,P,A,P,D,T,T,C,T,P,T,S,L,V,V,T,Q,V,T,S,S,S,V,H,L,S,W,T,P,A,P,Q,L,P,L,K,Y,L,I,T,W,R,P,S,G,G,G,T,P,R,E,M,V,V,E,G,P,T,S,S,A,E,L,H,S,L,T,A,G,T,E,Y,L,V,S,V,F,P,V,G,K,A,G,V,G,Q,G,L,R,G,L,V,T,T,A,P,L,P,A,P,Q,A,L,T,L,A,A,V,T,P,R,T,I,R,L,T,W,R,P,S,A,G,A,T,Q,Y,L,V,R,C,L,P,A,F,P,R,G,Q,E,E,G,R,E,V,R,V,G,Q,P,E,A,L,L,D,G,L,E,P,G,T,H,Y,D,V,W,V,Q,S,L,Q,G,T,E,A,S,E,A,R,G,I,R,A,R,T,A,T,L,A,A,P,R,H,L,G,F,S,D,V,S,H,D,S,A,R,V,F,W,E,G,S,P,R,P,V,R,L,F,R,V,S,F,V,S,S,E,G,S,H,S,G,Q,V,E,A,P,G,N,A,T,S,A,T,L,G,P,L,S,S,S,T,T,Y,S,V,R,V,T,C,L,Y,P,A,G,G,S,S,T,L,T,G,R,L,T,T,R,K,V,P,S,P,S,Q,L,S,V,T,E,L,P,G,D,E,V,Q,L,E,W,A,A,A,A,A,S,G,V,L,V,Y,Q,I,K,W,T,P,L,G,D,G,K,A,R,E,I,S,V,P,G,N,L,G,M,A,V,L,P,G,F,R,S,H,L,E,Y,E,I,T,I,L,A,Y,Y,R,D,G,A,R,S,D,P,V,S,L,R,Y,T,P,-,-,A,L,R,S,P,P,S,N,L,A,L,A,S,E,S,P,S,S,L,R,V,S,W,T,P,P,S,G,H,I,L,R,Y,R,L,T,Y,V,L,A,S,G,S,G,S,E,K,S,I,S,V,P,G,P,S,S,H,V,T,L,P,D,L,L,A,A,T,K,Y,R,V,L,V,S,A,V,Y,G,A,G,E,S,L,P,V,S,A,T,G,Q,T,-,A,C,P,A,L,S,P,D,G,P,L,P,G,F,D,L,M,A,A,F,G,L,V,E,K,E,Y,A,S,I,R,G,V,A,M,E,R,A,A,F,S,C,A,R,T,F,T,L,F,K,D,A,Q,L,T,R,R,A,G,L,Q,L,A,A,E,Y,T,V,V,F,L,L,R,V,L,P,E,T,P,R,E,S,F,A,L,W,Q,M,T,A,E,D,F,Q,P,V,L,G,V,L,L,D,A,G,R,K,S,L,T,Y,F,N,H,N,P,R,A,T,L,Q,E,V,T,F,D,L,P,E,V,R,R,I,F,F,G,S,F,H,K,V,H,V,A,V,G,R,S,R,V,R,L,Y,V,D,C,R,K,V,A,E,R,P,I,G,E,A,G,S,P,P,A,A,G,F,V,M,L,G,R,L,A,K,A,R,G,P,R,S,S,S,A,T,F,Q,L,Q,L,L,Q,I,V,C,S,E,S,W,A,E,E,D,V,C,C,E,L,P,A,A,-,D,G,E,T,C,P,A,F,P,S,A,C,T,C,S,S,Q,T,P,G,P,P,G,P,Q,G,P,P,G,L,P,G,R,I,G,A,P,G,E,Q,G,F,P,G,P,R,G,E,P,G,P,P,G,Q,M,G,P,E,G,P,G,G,Q,Q,G,S,P,G,T,Q,G,R,T,V,Q,G,P,V,G,P,P,G,V,K,G,E,K,G,D,H,G,L,P,G,L,Q,G,H,P,G,H,Q,G,A,P,G,K,V,G,L,Q,G,P,G,M,R,G,L,E,G,S,A,G,L,P,G,P,P,G,P,F,Q,G,T,A,G,V,R,G,T,G,G,E,R,G,P,P,G,A,V,G,P,G,L,P,G,P,K,G,E,R,G,E,K,H,V,L,K,F,H,S,F,H,E,S,A,R,P,P,R,P,V,W,E,A,P,R,H,P,-,-,-,-,-,-,-,-,G,T,L,S,E,A,W,L,G,G,D,V,G,P,R,P
Homo_sapiens,C,L,W,L,W,L,G,A,T,L,G,R,E,Q,A,S,G,L,L,R,L,A,V,L,P,E,D,R,L,Q,M,K,W,R,E,S,E,G,S,G,L,G,Y,L,V,Q,V,K,P,M,A,G,D,S,E,Q,E,V,I,L,T,T,K,T,P,K,A,T,V,G,G,L,S,P,S,K,G,Y,T,L,Q,I,F,E,L,T,G,S,G,R,F,L,L,A,R,R,E,F,V,I,E,D,L,K,S,S,S,L,D,R,S,S,Q,R,P,L,G,S,G,A,P,E,P,T,P,S,H,T,G,S,P,D,P,E,Q,A,S,E,P,Q,V,A,F,T,P,S,Q,D,P,R,T,P,A,G,P,Q,F,R,C,L,P,P,V,P,A,D,M,V,F,L,V,D,G,S,W,S,I,G,H,S,H,F,Q,Q,V,K,D,F,L,A,S,V,I,A,P,F,E,I,G,P,D,K,V,Q,V,G,L,T,Q,Y,S,G,D,A,Q,T,E,W,D,L,N,S,L,S,T,K,E,Q,V,L,A,A,V,R,R,L,R,Y,K,G,G,N,T,F,T,G,L,A,L,T,H,V,L,G,Q,N,L,Q,P,A,A,G,L,R,P,E,A,A,K,V,V,I,L,V,T,D,G,K,S,Q,D,D,V,H,T,A,A,R,V,L,K,D,L,G,V,N,V,F,A,V,G,V,K,N,A,D,E,A,E,L,R,L,L,A,S,P,P,R,D,I,T,V,H,S,V,L,D,F,L,Q,L,G,A,L,A,G,L,L,S,R,L,I,C,Q,R,L,Q,G,G,S,P,R,Q,A,A,A,A,P,A,L,D,T,L,P,A,P,T,S,L,V,L,S,Q,V,T,S,S,S,I,R,L,S,W,T,P,A,P,R,H,P,L,K,Y,L,I,V,W,R,A,S,R,G,G,T,P,R,E,V,V,V,E,G,P,A,A,S,T,E,L,H,N,L,A,S,R,T,E,Y,L,V,S,V,F,P,I,Y,E,G,G,V,G,E,G,L,R,G,L,V,T,T,A,P,L,P,P,P,R,A,L,T,L,A,A,V,T,P,R,T,V,H,L,T,W,Q,P,S,A,G,A,T,H,Y,L,V,R,C,S,P,A,S,P,K,G,E,E,E,E,R,E,V,Q,V,G,R,P,E,V,L,L,D,G,L,E,P,G,R,D,Y,E,V,S,V,Q,S,L,R,G,P,E,G,S,E,A,R,G,I,R,A,R,T,P,T,L,A,P,P,R,H,L,G,F,S,D,V,S,H,D,A,A,R,V,F,W,E,G,A,P,R,P,V,R,L,V,R,V,T,Y,V,S,S,E,G,G,H,S,G,Q,T,E,A,P,G,N,A,T,S,A,T,L,G,P,L,S,S,S,T,T,Y,T,V,R,V,T,C,L,Y,P,G,G,G,S,S,T,L,T,G,R,V,T,T,K,K,A,P,S,P,S,Q,L,S,M,T,E,L,P,G,D,A,V,Q,L,A,W,V,A,A,A,P,S,G,V,L,V,Y,Q,I,T,W,T,P,L,G,E,G,K,A,H,E,I,S,V,P,G,N,L,G,T,A,V,L,P,G,L,G,R,H,T,E,Y,D,V,T,I,L,A,Y,Y,R,D,G,A,R,S,D,P,V,S,L,R,Y,T,P,S,T,V,S,R,S,P,P,S,N,L,A,L,A,S,E,T,P,D,S,L,Q,V,S,W,T,P,P,L,G,R,V,L,H,Y,W,L,T,Y,A,P,A,S,G,L,G,P,E,K,S,V,S,V,P,G,A,R,S,H,V,T,L,P,D,L,Q,A,A,T,K,Y,R,V,L,V,S,A,I,Y,A,A,G,R,S,E,A,V,S,A,T,G,Q,T,A,A,C,P,A,L,R,P,D,G,S,L,P,G,F,D,L,M,V,A,F,S,L,V,E,K,A,Y,A,S,I,R,G,V,A,M,E,P,S,A,F,G,G,T,P,T,F,T,L,F,K,D,A,Q,L,T,R,R,V,D,V,Y,P,A,P,E,H,T,I,V,F,L,V,R,L,L,P,E,T,P,R,E,A,F,A,L,W,Q,M,T,A,E,D,F,Q,P,L,L,G,V,L,L,D,A,G,K,K,S,L,T,Y,F,H,R,D,P,R,A,A,L,Q,E,A,T,F,D,P,Q,E,V,R,K,I,F,F,G,S,F,H,K,V,H,V,A,V,G,R,S,K,V,R,L,Y,V,D,C,R,K,V,A,E,R,P,L,G,E,M,G,S,P,P,A,A,G,F,V,T,L,G,R,L,A,K,A,R,G,P,R,S,S,S,A,A,F,Q,L,Q,M,L,Q,I,V,C,S,D,T,W,A,D,E,D,R,C,C,E,L,P,A,S,R,D,G,E,T,C,P,A,F,V,S,A,C,S,C,S,S,E,T,P,G,P,P,G,P,Q,G,P,P,G,L,P,G,R,N,G,T,P,G,E,Q,G,F,P,G,P,R,G,E,P,G,P,P,G,Q,M,G,P,E,G,P,G,G,Q,Q,G,S,P,G,T,Q,G,R,A,V,Q,G,P,V,G,P,P,G,V,K,G,E,K,G,D,H,G,L,P,G,L,Q,G,H,P,G,H,Q,G,I,P,G,R,V,G,L,Q,G,P,G,M,R,G,L,E,G,T,A,G,L,P,G,P,P,G,P,F,Q,G,M,A,G,A,R,G,T,S,G,E,R,G,P,P,G,T,V,G,P,G,L,P,G,P,K,G,E,R,G,E,K,H,V,S,K,F,D,S,F,H,E,N,T,R,P,P,M,P,I,L,E,Q,K,L,E,P,G,T,E,P,L,G,S,P,G,T,R,S,K,A,L,V,W,G,R,G,G,R,H,L
Hylobates_moloch,C,L,W,L,W,L,G,A,T,L,G,R,E,Q,A,S,G,L,L,R,L,S,V,L,P,E,D,R,L,Q,M,K,W,R,E,S,E,G,S,G,L,G,Y,L,V,Q,V,K,P,M,A,G,D,S,E,Q,E,V,I,L,T,T,K,T,P,K,A,T,V,G,G,L,S,P,S,K,G,Y,T,L,Q,I,F,E,L,T,G,S,G,R,L,L,L,A,R,R,E,F,V,I,E,D,L,K,S,S,S,L,D,R,S,S,Q,R,P,L,G,S,G,A,P,E,P,T,P,S,H,V,G,S,P,D,P,E,Q,A,S,E,P,R,V,A,S,A,P,S,Q,D,P,P,T,-,-,G,P,H,F,R,C,L,P,P,V,P,A,D,M,V,F,L,V,D,G,S,W,S,I,G,H,S,H,F,Q,Q,V,K,E,F,L,A,S,V,I,A,P,F,E,I,G,P,D,K,V,Q,V,G,L,T,Q,Y,S,G,D,A,Q,T,E,W,D,L,N,S,L,G,T,K,E,Q,V,L,A,A,V,R,R,L,R,Y,K,G,G,N,T,F,T,G,L,A,L,T,H,V,L,G,Q,N,L,Q,P,A,A,G,L,R,P,E,A,A,K,V,V,I,L,V,T,D,G,K,S,Q,D,D,V,H,T,A,A,R,V,L,K,D,L,G,V,N,V,F,A,V,G,V,K,N,A,D,E,A,E,L,R,L,L,A,S,P,P,R,D,I,T,V,H,N,V,L,D,F,L,Q,L,G,A,L,A,G,L,L,S,R,L,I,C,Q,M,L,Q,G,G,S,P,R,Q,-,A,V,A,P,A,L,D,T,L,P,A,P,T,S,L,V,L,S,Q,V,T,S,S,S,I,R,L,S,W,T,P,A,P,R,L,P,L,K,Y,L,I,V,W,R,A,S,R,G,G,T,P,R,E,V,V,V,E,G,P,A,A,S,M,E,L,H,N,L,A,S,R,T,E,Y,L,V,S,V,F,P,I,Y,E,G,G,V,G,E,G,L,R,G,L,V,T,T,A,P,L,P,P,P,R,A,L,T,L,A,A,V,T,P,R,T,V,H,L,T,W,Q,P,S,A,G,A,T,R,Y,L,V,R,C,S,P,A,S,P,K,G,E,E,E,E,R,E,V,Q,V,G,R,P,E,V,L,L,D,G,L,E,P,G,R,D,Y,E,V,S,V,Q,S,L,R,G,P,E,G,S,E,A,R,G,I,R,A,R,T,P,A,L,A,P,P,R,H,L,G,F,S,D,V,S,H,D,A,A,R,V,F,W,E,G,A,P,R,P,V,R,L,V,R,V,T,Y,A,S,S,E,G,G,H,S,G,Q,T,E,A,P,G,N,A,T,S,A,T,L,G,P,L,S,S,S,T,T,Y,T,V,R,V,T,C,L,Y,P,G,G,G,S,S,A,L,T,G,R,V,T,T,K,K,A,P,S,P,S,Q,L,S,V,T,E,L,P,G,D,A,V,Q,L,A,W,V,A,A,A,P,S,G,V,L,V,Y,Q,I,K,W,T,P,L,G,E,G,K,A,H,E,I,S,V,P,G,N,L,G,T,A,I,L,P,G,L,G,R,H,T,E,Y,D,V,T,I,L,A,Y,Y,R,D,G,A,R,S,D,P,V,S,L,R,Y,T,P,S,T,V,S,G,S,P,P,S,N,L,A,L,A,S,E,T,P,D,S,L,Q,V,S,W,T,P,P,L,G,R,V,L,H,Y,W,L,T,Y,A,P,A,S,G,L,G,P,E,K,S,V,S,V,P,G,P,R,S,H,V,T,L,P,D,L,Q,A,A,T,K,Y,R,V,L,V,S,A,V,Y,A,A,G,R,S,E,A,V,S,A,T,G,Q,T,A,A,C,P,A,L,R,P,N,G,S,L,P,G,F,D,L,M,V,A,F,G,L,V,E,K,A,Y,A,S,I,R,G,V,A,M,E,P,S,A,F,G,G,T,P,T,F,T,L,F,K,D,A,Q,L,T,R,R,V,D,V,H,P,A,P,E,H,T,I,V,F,L,V,R,L,L,P,E,T,P,R,E,V,F,A,L,W,Q,M,T,A,E,D,F,Q,P,L,L,G,V,L,L,D,A,G,R,K,S,L,T,Y,F,H,R,D,P,R,A,A,L,Q,E,A,T,F,D,P,Q,E,V,R,K,I,F,F,G,S,F,H,K,V,H,V,A,V,G,R,S,K,V,R,L,Y,V,D,C,R,K,V,A,E,R,P,L,G,E,V,G,S,P,P,A,A,G,F,I,T,L,G,R,L,A,K,A,R,G,P,R,S,S,S,A,A,F,Q,L,Q,T,L,Q,I,V,C,S,D,T,W,A,D,E,D,R,C,C,E,L,P,A,S,R,D,G,E,T,C,P,A,F,V,S,A,C,S,C,S,S,E,T,P,G,P,P,G,P,Q,G,P,P,G,L,P,G,R,N,G,T,P,G,E,Q,G,F,P,G,P,R,G,E,P,G,P,P,G,Q,M,G,P,E,G,P,G,G,Q,Q,G,S,P,G,T,Q,G,R,T,V,Q,G,P,V,G,P,P,G,V,K,G,E,K,G,D,H,G,L,P,G,L,Q,G,H,P,G,H,Q,G,I,P,G,R,V,G,L,Q,G,P,G,M,R,G,L,E,G,T,A,G,L,P,G,P,P,G,P,F,Q,G,M,A,G,A,R,G,T,S,G,E,R,G,P,P,G,A,V,G,P,G,L,P,G,P,K,G,E,R,G,E,K,H,V,S,K,F,D,S,F,Y,E,N,T,R,P,P,V,P,I,L,E,Q,K,L,E,P,G,T,E,P,L,G,S,P,G,T,R,S,E,A,L,L,W,G,R,G,G,R,H,L
Ictidomys_tridecemlineatus,C,L,W,L,W,L,G,T,T,L,A,H,G,L,V,S,S,H,L,R,L,T,V,L,P,E,D,R,L,Q,M,K,W,R,E,S,V,G,S,G,L,G,Y,L,V,Q,V,K,P,M,A,G,D,S,E,Q,E,V,M,L,T,T,K,I,P,K,A,T,V,G,G,L,S,P,S,K,G,Y,T,L,Q,I,F,K,L,T,G,S,G,P,V,L,L,V,R,R,E,F,M,I,E,D,L,K,S,N,S,L,G,K,S,S,Q,R,P,P,G,A,-,A,L,E,P,T,P,S,H,R,G,A,P,D,P,E,Q,A,S,D,S,R,V,T,F,T,P,G,Q,D,P,P,I,L,A,G,P,E,F,R,C,T,P,P,T,P,T,D,M,V,F,L,V,D,G,S,W,S,I,G,R,G,H,F,Q,H,V,K,N,F,L,A,S,V,I,S,P,F,E,I,G,P,D,K,V,Q,V,G,L,T,Q,Y,S,G,D,P,Q,T,E,W,D,L,N,S,F,R,S,S,G,E,V,L,A,A,V,H,G,L,R,Y,K,G,G,N,T,F,T,G,L,A,L,T,H,V,L,G,Q,N,L,K,P,S,A,G,L,R,P,E,A,A,K,V,V,I,L,V,T,D,G,K,S,Q,D,D,V,H,T,A,A,R,V,L,K,D,L,D,I,D,V,F,A,V,G,V,K,N,A,D,E,A,E,L,K,V,L,A,S,Q,P,L,D,I,T,V,H,N,V,L,D,F,P,Q,L,A,T,L,A,G,L,L,S,R,L,I,C,Q,K,V,Q,G,R,S,L,S,R,P,E,D,A,P,A,L,E,P,L,P,G,P,S,S,L,V,L,T,Q,I,T,S,S,S,V,H,V,S,W,T,P,A,P,Q,L,P,L,E,Y,L,I,V,W,Q,S,S,R,G,G,P,P,Q,E,L,V,I,G,G,P,A,S,S,V,Q,L,C,N,L,T,S,S,S,E,Y,L,V,S,V,L,P,V,Y,K,D,R,V,G,K,G,L,Q,G,L,V,T,T,A,P,L,P,P,P,R,A,L,T,L,V,T,A,T,P,R,T,L,R,L,A,W,Q,S,S,A,G,A,T,Q,Y,L,V,R,C,L,S,A,S,P,G,G,K,E,E,E,K,E,V,Q,V,G,R,P,E,V,L,L,D,G,L,E,P,G,R,D,Y,Q,I,L,V,Q,S,L,R,G,P,E,A,S,E,A,Q,S,I,H,I,R,T,P,A,L,A,P,P,R,H,L,G,F,S,D,V,S,H,D,S,A,R,V,S,W,E,G,T,Q,R,P,M,R,L,V,R,V,S,Y,I,S,S,D,G,G,H,S,G,Q,T,E,A,P,G,N,A,T,W,A,A,L,G,P,L,F,S,S,T,T,Y,T,V,R,I,T,C,L,Y,L,G,G,G,S,S,T,L,T,G,R,V,T,T,R,K,A,P,S,P,S,Q,L,S,V,T,E,L,P,G,D,A,V,R,L,V,W,A,A,A,A,S,S,G,V,L,V,Y,Q,I,K,W,T,P,L,G,E,G,Q,A,H,E,I,S,V,P,G,T,L,S,T,A,V,L,P,D,L,G,K,H,T,E,Y,E,I,T,I,L,A,Y,Y,R,D,G,A,R,S,D,P,V,S,L,R,Y,S,P,S,A,A,S,R,S,P,P,S,S,L,A,L,S,S,E,T,P,N,S,L,Q,V,S,W,T,P,P,S,G,H,V,L,H,Y,R,L,T,Y,T,P,A,T,G,S,G,P,E,Q,S,I,S,V,P,G,P,R,S,H,T,V,L,S,D,L,L,A,A,T,K,Y,K,V,L,V,S,A,V,Y,G,A,G,E,S,V,A,V,S,A,M,G,W,T,A,A,C,P,T,L,H,P,D,S,S,L,P,G,F,D,L,M,A,A,F,G,L,V,E,K,E,H,A,S,I,R,G,V,A,M,E,P,S,A,L,G,L,T,P,T,F,T,L,F,K,D,A,Q,L,T,R,R,T,D,I,H,P,V,A,E,H,T,I,V,F,L,V,R,L,L,P,E,T,P,R,E,A,F,A,L,W,Q,M,T,A,E,D,F,Q,P,I,L,G,V,L,L,D,A,G,R,R,S,L,T,Y,F,N,H,D,P,R,A,A,L,Q,V,A,T,F,D,L,Q,E,V,K,K,V,F,F,G,S,Y,H,K,V,H,V,A,V,G,H,S,K,V,R,L,Y,V,D,C,Q,K,V,A,E,R,P,I,G,E,A,S,S,-,P,T,S,G,F,V,M,L,G,R,L,A,K,A,R,G,P,R,S,S,S,A,T,F,Q,L,Q,M,L,Q,I,V,C,R,D,T,W,A,D,E,D,R,C,C,E,L,P,A,L,-,D,R,E,T,C,P,A,F,P,S,A,C,T,C,S,S,E,T,P,G,P,P,G,P,Q,G,P,P,G,L,P,G,R,N,G,T,P,G,G,Q,G,L,P,G,P,R,G,E,P,G,P,P,G,Q,T,G,P,E,G,P,G,G,Q,Q,G,S,P,G,T,Q,G,R,T,V,Q,G,P,V,G,P,P,G,S,K,G,E,K,G,D,Q,G,L,P,G,L,Q,G,Y,P,G,Q,Q,G,T,P,G,R,V,G,L,Q,G,P,G,M,R,G,L,E,G,P,A,G,Q,P,G,P,P,G,P,-,-,-,-,-,-,-,-,G,-,-,-,-,-,-,-,-,-,-,-,-,-,-,-,-,-,-,-,-,-,-,-,-,-,H,V,L,R,L,Q,S,S,H,G,S,T,R,P,P,M,P,I,L,V,E,A,V,K,P,G,-,-,-,-,-,-,-,-,-,-,S,K,A,L,L,Q,G,R,G,G,H,H,T
Leopardus_geoffroyi,-,-,-,-,-,-,-,-,-,-,-,-,-,-,-,-,-,-,-,-,-,-,-,-,-,-,-,-,-,-,M,K,W,S,E,S,E,G,S,S,L,G,Y,L,V,Q,V,K,P,M,A,G,D,A,E,Q,D,V,M,L,T,T,K,A,P,K,A,T,V,G,G,L,S,P,S,K,G,Y,T,A,Q,I,F,R,L,T,G,S,G,T,T,L,L,A,Q,R,E,F,V,I,E,E,L,K,-,-,-,-,-,-,-,-,-,R,P,L,G,T,-,A,P,E,P,T,P,S,H,V,G,S,P,A,R,-,-,-,-,E,P,P,V,A,S,S,P,S,Q,D,L,P,T,L,A,S,P,Q,F,R,C,T,P,P,A,P,V,D,M,I,L,L,V,D,G,S,W,S,I,G,H,S,H,F,Q,Q,V,K,D,F,L,A,S,V,I,E,P,F,D,I,G,P,D,K,V,Q,V,G,L,T,Q,Y,S,G,D,P,Q,T,E,W,D,L,S,T,F,G,A,K,E,D,V,L,A,A,V,R,S,L,R,Y,K,G,G,N,T,F,T,G,L,A,L,S,H,V,L,E,Q,N,L,R,P,G,A,G,P,R,P,E,A,A,T,V,V,I,L,V,T,D,G,K,S,Q,D,D,A,R,A,A,G,R,A,L,K,D,L,G,V,D,I,F,A,V,G,V,K,N,A,D,E,A,E,L,Q,L,L,A,S,R,P,L,D,I,T,V,H,N,V,Q,D,F,P,Q,L,G,T,L,A,G,L,L,S,R,L,I,C,Q,K,V,Q,G,R,S,V,T,S,A,G,S,P,S,S,P,D,T,L,F,T,P,T,S,L,V,V,T,Q,V,T,S,S,S,V,H,L,S,W,T,P,A,P,R,L,P,L,K,Y,R,I,V,G,Q,P,S,R,G,G,A,P,R,E,V,V,V,E,G,L,A,S,S,T,E,L,H,N,L,T,A,G,T,Q,Y,L,V,S,V,L,P,V,L,R,A,G,F,G,E,G,L,R,R,L,V,T,T,A,P,L,P,P,P,Q,A,L,A,L,A,A,V,T,P,R,T,I,R,L,T,W,Q,P,S,A,G,A,T,R,Y,L,V,R,C,L,S,A,S,A,K,G,Q,E,E,G,R,E,V,R,V,G,Q,P,E,V,L,L,D,G,L,E,P,G,R,D,Y,D,V,W,V,R,S,L,R,G,A,E,A,S,E,A,R,G,I,R,A,R,T,S,T,L,A,P,P,G,H,L,S,F,S,D,V,S,H,D,S,A,R,V,S,W,E,G,V,S,K,P,V,R,L,F,R,I,S,F,A,S,S,D,G,S,H,S,G,E,V,E,A,P,G,N,A,T,S,A,T,V,G,P,L,S,S,S,T,A,Y,S,V,R,V,T,C,L,Y,P,G,G,S,S,S,V,L,T,G,R,L,T,T,R,K,V,P,S,P,S,Q,L,S,V,T,E,L,P,G,D,E,V,R,L,E,W,T,A,A,A,A,S,G,V,L,V,Y,Q,I,K,W,T,P,L,G,D,G,K,A,H,E,I,S,V,P,G,H,R,D,V,A,V,L,P,G,L,Q,S,H,L,E,Y,E,I,T,I,L,A,Y,Y,R,D,G,A,R,S,D,P,V,S,L,R,Y,T,P,-,-,P,H,R,S,P,P,S,D,L,A,L,A,S,K,S,P,D,S,L,Q,V,S,W,T,P,P,S,G,H,V,L,H,Y,R,L,T,Y,V,P,A,S,G,S,G,P,E,K,S,I,S,V,P,G,L,S,N,H,V,T,L,P,N,L,L,A,A,S,K,Y,R,V,L,V,S,A,V,Y,G,A,G,E,S,R,T,V,S,A,I,G,H,T,A,A,C,P,A,L,S,P,D,G,S,L,S,G,F,D,L,M,A,A,F,G,L,V,E,T,E,Y,A,S,I,R,G,V,A,M,E,P,S,A,F,G,R,A,R,T,F,T,L,F,K,D,A,Q,L,T,R,R,A,D,V,H,L,A,A,E,H,T,V,V,F,L,L,R,L,L,P,E,T,P,R,E,T,F,A,L,W,Q,M,T,A,E,H,S,Q,P,V,L,G,V,L,L,D,A,G,R,K,S,L,T,Y,F,N,H,D,P,R,A,T,L,Q,E,V,T,F,D,L,P,E,V,R,R,I,F,F,G,S,F,H,K,V,H,V,A,V,G,R,S,K,V,R,L,Y,V,D,C,R,K,V,A,E,R,P,M,G,E,A,G,S,P,P,V,T,G,F,V,M,L,G,R,L,A,K,A,R,G,P,R,S,S,S,A,T,F,Q,L,Q,T,L,Q,I,V,C,N,D,S,W,A,E,E,D,M,C,C,E,L,P,A,S,K,D,G,E,T,C,P,A,F,S,S,S,C,T,C,S,S,Q,T,P,G,P,P,G,P,Q,G,P,P,G,L,P,G,R,N,G,V,P,G,E,Q,G,F,P,G,P,R,G,E,P,G,P,P,G,Q,T,G,P,E,G,P,G,G,Q,Q,G,S,P,G,T,Q,G,R,T,V,Q,G,P,V,G,P,P,G,V,K,G,E,K,G,D,H,G,A,P,G,L,Q,G,H,P,G,H,Q,G,P,P,G,K,V,G,L,Q,G,P,G,M,R,G,L,E,G,S,A,G,L,P,G,P,P,G,P,F,Q,G,T,A,G,A,R,G,S,G,G,Q,R,G,L,P,G,P,V,G,L,G,L,P,G,P,K,G,E,R,G,E,K,H,V,L,K,F,-,-,-,H,E,S,A,R,P,P,R,P,I,L,Q,A,L,G,H,P,-,-,-,-,-,-,-,-,S,S,H,G,E,A,W,L,G,G,R,D,G,P,R,P
Loxodonta_africana,-,-,-,-,-,-,-,-,-,-,-,-,-,-,-,-,-,-,-,-,-,-,-,-,-,-,-,-,-,-,-,-,-,-,-,-,-,-,-,-,-,-,-,-,-,-,-,-,-,-,-,-,-,-,-,-,-,-,-,-,-,-,-,-,-,-,-,-,-,-,-,-,-,-,-,-,-,-,-,-,-,-,-,-,-,-,-,-,-,-,-,-,-,-,-,-,-,-,-,-,-,-,-,-,-,-,-,-,-,-,-,-,-,-,-,-,-,-,-,-,-,-,-,-,-,-,-,-,-,-,-,-,-,-,-,-,-,-,-,-,-,-,-,-,-,-,-,-,-,-,-,-,-,-,-,-,F,H,C,T,P,A,V,P,M,D,M,V,F,L,V,D,G,S,W,S,T,G,H,R,N,F,Q,L,I,T,D,F,L,A,S,V,V,S,P,F,E,I,D,P,N,K,V,Q,V,G,L,T,Q,Y,S,G,D,P,Q,T,E,W,D,L,N,S,F,S,T,K,E,E,V,F,S,A,I,G,R,L,H,Y,K,G,G,N,T,F,I,G,L,A,L,T,H,V,L,E,Q,N,L,R,P,A,A,G,L,R,V,E,A,V,K,V,V,V,L,V,T,D,G,K,S,Q,D,D,A,C,T,A,A,R,V,L,K,S,L,S,T,D,V,F,T,V,G,V,K,N,A,D,E,A,E,L,R,L,L,A,S,Q,P,L,D,I,T,V,H,N,V,L,D,F,P,Q,L,G,T,L,S,S,L,L,S,R,L,I,C,H,H,V,Q,G,R,A,-,-,-,-,-,A,A,P,A,L,D,S,L,P,A,P,T,G,L,V,L,T,P,V,T,C,S,S,I,R,L,S,W,T,P,V,P,Q,P,P,L,K,Y,L,I,V,W,R,P,S,R,G,S,A,P,R,E,V,V,V,E,T,P,T,S,S,A,E,L,R,N,L,T,S,S,T,E,Y,L,M,S,V,L,P,V,Y,A,G,G,V,G,E,G,L,Q,G,L,A,T,T,L,P,L,S,P,P,H,T,L,A,L,A,T,V,T,P,Q,T,I,H,L,T,W,Q,N,V,P,G,A,T,Q,Y,L,V,Q,C,L,L,T,P,P,K,G,E,E,E,G,R,E,V,R,V,G,R,P,E,V,L,L,E,G,L,E,P,G,-,N,Y,A,I,S,V,Q,S,L,R,G,S,E,V,S,E,A,R,G,V,Q,A,R,T,P,A,L,A,P,P,R,H,L,D,F,E,N,V,T,H,N,S,A,R,V,L,W,E,G,P,Q,T,P,A,R,L,C,R,A,T,Y,I,S,S,K,G,D,H,L,G,Q,V,E,I,P,G,N,A,S,S,A,T,L,G,P,L,S,S,S,T,T,Y,T,V,R,V,T,C,V,Y,P,G,G,G,S,S,A,L,T,G,R,V,T,T,Q,K,V,P,S,P,S,Q,L,T,V,M,E,M,P,G,D,E,V,Q,L,E,W,A,A,A,A,A,S,D,V,L,V,Y,Q,I,K,W,T,P,L,S,D,G,K,A,H,E,I,S,V,P,G,N,L,C,S,A,V,L,P,G,L,G,R,N,A,E,Y,D,I,T,I,L,A,Y,Y,H,D,G,A,Q,S,D,P,V,S,L,C,Y,T,P,-,A,V,S,Q,S,P,P,S,N,L,A,L,A,S,E,T,P,N,T,L,K,V,S,W,T,P,P,H,G,H,V,L,H,Y,R,L,T,Y,A,L,A,S,S,S,G,P,E,T,S,I,S,V,P,G,P,R,S,H,V,T,L,P,D,L,L,A,A,T,K,Y,R,V,L,V,S,A,V,Y,G,A,G,E,S,M,A,V,S,A,T,G,Q,T,-,A,C,P,T,L,S,P,D,S,S,L,P,G,F,D,L,M,A,A,F,-,L,V,E,K,E,Y,T,S,L,S,G,V,A,M,E,P,S,A,F,G,V,A,K,T,F,T,L,F,K,D,T,Q,L,T,R,R,A,D,I,H,L,A,A,E,H,T,I,I,F,L,L,R,L,L,P,E,T,P,R,E,A,F,V,L,G,Q,I,T,T,E,D,F,Q,P,A,L,G,V,L,L,D,A,G,W,K,S,L,T,Y,F,N,H,H,P,S,A,A,L,Q,G,V,T,F,H,L,Q,D,V,K,K,I,F,F,G,S,F,H,K,V,H,V,A,M,G,R,S,K,V,Q,L,Y,V,D,C,Q,K,V,A,E,K,P,F,G,E,L,D,S,L,P,T,T,G,F,V,M,L,G,R,L,A,K,A,R,G,P,R,S,S,S,A,T,F,Q,L,Q,T,L,Q,I,V,C,N,G,S,W,A,E,E,D,R,C,C,N,L,P,A,L,G,D,A,E,T,C,P,T,S,P,S,V,C,T,C,S,S,E,T,P,G,P,S,G,P,Q,G,P,P,G,L,P,G,K,S,S,T,P,G,E,Q,G,F,P,G,P,R,-,-,-,-,-,-,-,-,-,-,-,-,-,-,-,-,-,-,-,-,-,-,-,-,-,-,-,-,-,-,-,-,G,P,P,G,I,K,R,E,K,G,D,H,G,L,P,G,S,Q,G,L,P,G,H,H,G,A,P,G,R,V,S,L,Q,G,P,G,M,R,G,L,E,G,T,D,G,P,P,G,P,P,G,P,L,Q,G,V,A,G,T,R,G,A,G,G,E,R,G,P,P,G,A,V,G,P,G,L,P,G,P,K,G,E,R,G,E,K,H,M,L,K,F,N,S,F,H,E,S,T,R,P,P,M,P,V,L,E,G,K,M,R,P,G,G,P,-,-,G,P,P,G,V,H,S,K,A,G,-,-,-,-,-,-,-,-,-
Macaca_fascicularis,C,L,W,L,W,L,S,T,T,L,G,R,E,Q,A,S,G,H,L,R,L,T,V,L,P,E,D,R,L,Q,M,K,W,R,E,S,E,G,S,G,L,G,Y,L,V,Q,V,Q,P,M,A,G,D,L,E,Q,E,V,I,L,T,T,K,T,P,K,A,T,V,G,G,L,S,P,S,K,G,Y,T,L,Q,I,F,E,L,T,G,S,G,R,F,L,L,A,R,R,E,F,V,I,E,D,L,K,S,S,S,L,D,R,N,N,Q,R,P,L,S,N,G,A,P,E,P,T,P,S,L,M,G,S,P,D,P,E,Q,A,S,E,P,R,V,A,F,V,P,S,R,D,P,P,I,P,A,S,P,Q,F,R,C,L,P,P,V,P,A,D,M,V,F,L,V,D,G,S,W,S,I,G,H,S,H,F,Q,Q,V,K,D,F,L,A,S,V,I,A,P,F,E,I,G,P,D,K,V,Q,V,G,L,T,Q,Y,S,G,D,A,Q,T,E,W,N,L,N,S,F,G,T,K,E,Q,V,L,A,A,V,H,R,L,R,Y,K,G,G,N,T,F,T,G,L,A,L,T,H,V,L,G,Q,N,L,Q,P,V,A,G,L,R,P,E,A,A,K,V,V,I,L,V,T,D,G,K,S,Q,D,D,V,H,T,A,A,R,V,L,K,D,L,G,V,N,I,F,A,V,G,V,K,N,A,D,E,A,E,L,R,L,L,A,S,P,P,R,D,I,T,V,H,N,V,L,D,F,P,Q,L,G,A,L,A,G,L,L,S,R,L,I,C,Q,R,L,Q,D,G,G,P,R,R,A,A,A,A,P,A,L,D,T,L,P,A,P,T,G,L,V,L,S,Q,V,T,S,S,S,I,H,V,S,W,T,P,A,P,R,L,P,L,K,Y,L,I,V,W,R,A,S,R,G,G,T,P,R,E,V,V,V,E,G,P,A,A,S,A,E,L,H,N,L,T,S,R,T,E,Y,L,V,S,V,F,P,I,Y,E,G,G,V,G,E,G,L,R,G,L,V,T,T,A,P,L,S,P,P,R,A,L,T,L,A,T,V,T,P,R,T,I,H,L,T,W,Q,P,S,A,G,A,T,H,Y,L,V,R,C,S,P,A,S,S,K,G,E,E,E,E,R,E,V,Q,V,R,R,P,E,V,L,L,D,G,L,E,P,G,R,D,Y,E,I,S,V,Q,S,L,R,G,P,E,S,S,E,A,R,G,I,R,A,R,T,P,V,P,A,P,P,R,H,L,G,F,S,D,V,S,H,D,T,V,R,V,I,W,E,G,A,P,R,P,V,R,L,V,R,V,T,Y,V,S,S,E,G,G,H,S,G,Q,T,E,T,P,G,N,A,T,S,A,V,L,G,P,L,S,S,S,T,T,Y,T,V,R,V,T,C,L,Y,P,G,G,G,S,S,T,L,T,G,Q,V,T,T,K,K,V,P,S,P,S,Q,L,S,V,T,E,L,P,G,D,T,V,Q,L,A,W,V,A,A,A,P,S,G,V,L,V,Y,Q,I,K,W,T,P,L,G,E,G,K,A,H,E,I,S,V,P,G,N,L,G,T,A,V,L,P,G,L,G,R,H,T,E,Y,D,V,T,I,L,A,Y,Y,R,D,G,A,R,S,D,P,V,S,L,R,Y,T,P,S,T,V,N,R,S,P,P,S,N,L,A,L,A,S,E,T,P,D,S,L,Q,V,S,W,T,P,P,R,G,R,V,L,H,Y,R,L,T,Y,T,P,A,S,G,S,G,P,E,K,S,V,S,V,P,G,P,R,S,H,V,T,L,P,D,L,Q,A,A,T,K,Y,R,V,L,V,S,A,V,Y,A,A,G,R,S,E,A,V,S,A,T,G,Q,T,A,A,C,P,A,L,R,P,D,S,S,L,P,G,F,D,L,M,V,A,F,G,L,V,E,K,A,Y,A,S,I,R,G,V,A,M,E,P,S,A,F,G,G,T,P,T,F,T,L,F,K,D,A,Q,L,T,R,R,V,D,V,H,P,A,P,E,H,T,I,V,F,L,V,R,V,L,P,E,T,P,R,E,A,F,A,L,W,Q,M,T,A,E,D,F,Q,P,V,L,G,V,L,L,D,A,G,R,K,S,L,T,Y,F,H,R,D,P,R,A,A,L,Q,E,A,T,F,D,P,Q,E,V,R,K,I,F,F,G,S,F,H,K,V,H,V,A,V,G,R,S,K,V,G,L,Y,V,D,C,R,K,V,A,E,R,P,L,G,E,V,G,S,A,P,S,A,G,F,I,T,L,G,R,L,A,K,A,R,G,P,R,S,S,S,A,V,F,Q,L,Q,T,L,Q,I,V,C,S,D,T,W,A,D,E,D,R,C,C,E,L,P,A,S,R,D,G,E,T,C,P,A,F,V,S,A,C,S,C,S,S,E,T,P,G,P,P,G,P,Q,G,P,P,G,L,P,G,R,N,G,T,P,G,E,Q,G,F,P,G,P,R,G,E,P,G,P,P,G,Q,M,G,P,E,G,P,G,G,Q,Q,G,S,P,G,T,Q,G,R,A,V,P,G,P,V,G,P,P,G,V,K,G,E,K,G,D,H,G,L,P,G,L,Q,G,H,P,G,H,Q,G,I,P,G,R,V,G,L,Q,G,P,G,M,R,G,L,E,G,T,A,G,L,P,G,P,P,G,P,F,Q,G,M,A,G,A,R,G,T,G,G,E,R,G,P,P,G,A,V,G,P,G,L,P,G,P,K,G,E,R,G,E,K,H,V,S,K,F,D,S,F,H,E,N,T,R,P,P,M,P,I,L,E,Q,K,L,E,P,G,T,E,P,L,G,S,P,G,T,R,S,K,A,L,L,W,R,H,G,S,R,H,L
Macaca_mulatta,C,L,W,L,W,L,S,T,T,L,G,R,E,Q,A,S,G,H,L,R,L,T,V,L,P,E,D,R,L,Q,M,K,W,R,E,S,E,G,S,G,L,G,Y,L,V,Q,V,Q,P,M,A,G,D,S,E,Q,E,V,I,L,T,T,K,T,P,K,A,T,V,G,G,L,S,P,S,K,G,Y,T,L,Q,I,F,E,L,T,G,S,G,R,F,L,L,A,R,R,E,F,V,I,E,D,L,K,S,S,S,L,D,R,N,N,Q,R,P,L,S,N,G,A,P,E,P,T,P,S,L,M,G,S,S,D,P,E,Q,A,S,E,P,R,V,A,F,V,P,S,R,D,P,P,I,P,A,S,P,Q,F,R,C,L,P,P,V,P,A,D,M,V,F,L,V,D,G,S,W,S,I,G,H,S,H,F,Q,Q,V,K,D,F,L,A,S,V,I,A,P,F,E,I,G,P,D,K,V,Q,V,G,L,T,Q,Y,S,G,D,A,Q,T,E,W,N,L,N,S,F,G,T,K,E,Q,V,L,A,A,V,H,R,L,R,Y,K,G,G,N,T,F,T,G,L,A,L,T,H,V,L,G,Q,N,L,Q,P,A,A,G,L,R,P,E,A,A,K,V,V,I,L,V,T,D,G,K,S,Q,D,D,V,H,T,A,A,R,V,L,K,D,L,G,V,N,I,F,A,V,G,V,K,N,A,D,E,A,E,L,R,L,L,A,S,P,P,R,D,I,T,V,H,N,V,L,D,F,P,Q,L,G,A,L,A,G,L,L,S,R,L,I,C,Q,R,L,Q,D,G,G,P,R,R,-,A,V,A,P,A,L,D,T,L,P,A,P,T,G,L,V,L,S,Q,V,T,S,S,S,I,H,V,S,W,T,P,A,P,R,L,P,L,K,Y,L,I,V,W,R,A,S,R,G,G,T,P,R,E,V,V,V,E,G,P,A,A,S,A,E,L,H,N,L,T,S,R,T,E,Y,L,V,S,V,F,P,I,Y,E,G,G,V,G,E,G,L,R,G,L,V,T,T,A,P,L,S,P,P,R,A,L,T,L,A,T,V,T,P,R,T,I,H,L,T,W,Q,P,S,A,G,A,T,H,Y,L,V,R,C,S,P,A,F,S,K,G,E,E,E,E,R,E,V,Q,V,R,W,P,E,V,L,L,D,G,L,E,P,G,R,D,Y,E,I,S,V,Q,S,L,R,G,P,E,S,S,E,A,R,G,I,R,A,R,T,P,V,L,A,P,P,R,H,L,G,F,S,D,V,S,H,D,T,V,R,V,I,W,E,G,A,P,R,P,V,R,L,V,R,V,T,Y,V,S,S,E,G,G,H,S,G,Q,T,E,T,P,G,N,A,T,S,A,V,L,G,P,L,S,S,S,T,T,Y,T,V,R,V,T,C,L,Y,P,G,G,G,S,S,T,L,T,G,Q,V,T,T,K,K,V,P,S,P,S,Q,L,S,M,T,E,L,P,G,D,T,V,Q,L,A,W,V,A,A,A,P,S,G,V,L,V,Y,Q,I,K,W,T,P,L,G,E,G,K,A,H,E,I,S,V,P,G,N,L,G,T,A,V,L,P,G,L,G,R,H,T,E,Y,D,V,T,I,L,A,Y,Y,R,D,G,A,R,S,D,P,V,S,L,R,Y,T,P,S,T,V,N,R,S,P,P,S,N,L,A,L,A,S,E,T,P,D,S,L,Q,V,S,W,T,P,P,R,G,R,V,L,H,Y,R,L,T,Y,T,P,A,S,G,S,G,P,E,K,S,V,S,V,P,G,P,R,S,H,V,T,L,P,D,L,Q,A,A,T,K,Y,R,V,L,V,S,A,V,Y,A,A,G,R,S,E,A,V,S,A,T,G,Q,T,-,A,C,P,A,L,R,P,D,S,S,L,P,G,F,D,L,M,V,A,F,G,L,V,E,K,A,Y,A,S,I,R,G,V,A,M,E,P,S,A,F,G,G,T,P,T,F,T,L,F,K,D,A,Q,L,T,R,R,V,D,V,H,P,A,P,E,H,T,I,V,F,L,V,R,V,L,P,E,T,P,R,E,A,F,A,L,W,Q,M,T,A,E,D,F,Q,P,V,L,G,V,L,L,D,A,G,R,K,S,L,T,Y,F,H,R,D,P,R,A,A,L,Q,E,A,T,F,D,P,Q,E,V,R,K,I,F,F,G,S,F,H,K,V,H,V,A,V,G,R,S,K,V,G,L,Y,V,D,C,R,K,V,A,E,R,P,L,G,E,V,G,S,A,P,S,A,G,F,I,T,L,G,R,L,A,K,A,R,G,P,R,S,S,S,A,V,F,Q,L,Q,T,L,Q,I,V,C,S,D,T,W,A,D,E,D,R,C,C,E,L,P,A,S,R,D,G,E,T,C,P,A,F,V,S,A,C,S,C,S,S,E,T,P,G,P,P,G,P,Q,G,P,P,G,L,P,G,R,N,G,T,P,G,E,Q,G,F,P,G,P,R,-,-,-,-,-,-,-,-,-,-,-,-,-,-,-,-,-,-,-,-,-,-,-,-,-,-,-,-,-,-,-,-,G,P,P,G,V,K,G,E,K,G,D,H,G,L,P,G,L,Q,G,P,P,G,H,Q,G,I,P,G,R,V,G,L,Q,G,P,G,M,R,G,L,E,G,T,A,G,L,P,G,P,P,G,P,F,Q,G,M,A,G,A,R,G,T,G,G,E,R,G,P,P,G,A,V,G,P,G,L,P,G,P,K,G,E,R,G,E,K,H,V,S,K,F,D,S,F,H,E,N,T,R,P,P,M,P,I,L,E,Q,K,L,E,P,G,T,E,P,L,G,S,P,G,T,R,S,K,A,L,L,W,R,H,G,S,R,H,L
Macaca_nemestrina,-,-,-,-,-,-,-,-,-,-,-,-,-,-,A,S,G,H,L,R,L,T,V,L,P,E,D,R,L,Q,M,K,W,R,E,S,E,G,S,G,L,G,Y,L,V,Q,V,Q,P,M,A,G,D,S,E,Q,E,V,I,L,T,T,K,T,P,K,A,T,V,G,G,L,S,P,S,K,G,Y,T,L,Q,I,F,E,L,T,G,S,G,R,F,L,L,A,R,R,E,F,V,I,E,D,L,K,S,S,S,L,D,R,N,N,Q,R,P,L,S,N,G,A,P,E,P,T,P,S,L,M,G,S,P,D,P,E,Q,A,S,E,P,R,V,A,F,V,P,S,R,D,P,P,I,P,A,S,P,Q,F,R,C,L,P,P,V,P,A,D,M,V,F,L,V,D,G,S,W,S,I,G,H,S,H,F,Q,Q,V,K,D,F,L,A,S,V,I,A,P,F,E,I,G,P,D,K,V,Q,V,G,L,T,Q,Y,S,G,D,A,Q,T,E,W,N,L,N,S,F,G,T,K,E,Q,V,L,A,A,V,H,R,L,R,Y,K,G,G,N,T,F,T,G,L,A,L,T,H,V,L,G,Q,N,L,Q,P,A,A,G,L,R,P,E,A,A,K,V,V,I,L,V,T,D,G,K,S,Q,D,D,V,H,T,A,A,H,V,L,K,D,L,G,V,N,I,F,A,V,G,V,K,N,A,D,E,A,E,L,R,L,L,A,S,P,P,R,D,I,T,V,H,N,V,L,D,F,P,Q,L,G,A,L,A,G,L,L,S,R,L,I,C,Q,R,L,Q,D,G,G,P,R,R,-,A,A,A,P,A,L,D,T,L,P,A,P,T,G,L,V,L,S,Q,V,T,S,S,S,I,H,V,S,W,T,P,A,P,R,L,P,L,K,Y,L,I,V,W,R,A,S,R,G,G,T,P,R,E,V,V,V,E,G,P,A,A,S,A,E,L,H,N,L,T,S,R,T,E,Y,L,V,S,V,F,P,I,Y,E,G,G,V,G,E,G,L,R,G,L,V,T,T,A,P,L,S,P,P,R,A,L,T,L,A,T,V,T,P,R,T,I,H,L,T,W,Q,P,S,A,G,A,T,H,Y,L,V,R,C,S,P,A,S,S,K,G,E,E,E,E,Q,E,V,Q,V,R,R,P,E,V,L,L,D,G,L,E,P,G,R,D,Y,E,I,S,V,Q,S,L,R,G,P,E,S,S,E,A,R,G,I,R,A,R,T,P,V,L,P,P,P,R,H,L,G,F,S,D,V,S,H,D,T,V,R,V,I,W,E,G,A,P,R,H,V,R,L,V,R,V,T,Y,V,S,S,E,G,G,H,S,G,Q,T,E,I,P,G,N,A,T,S,A,V,L,G,P,L,S,S,S,T,T,Y,T,V,R,I,T,C,L,Y,P,G,G,G,S,S,T,L,T,G,Q,V,T,T,K,K,V,P,S,P,S,Q,L,S,V,T,E,L,P,G,D,T,V,Q,L,A,W,V,A,A,A,P,S,G,V,L,V,Y,Q,I,K,W,T,P,L,G,E,G,K,A,H,E,I,S,V,P,G,N,L,G,T,A,V,L,P,G,L,G,R,H,T,E,Y,D,V,T,I,L,A,Y,Y,R,D,G,A,R,S,D,P,V,S,L,R,Y,T,P,S,T,V,N,R,S,P,P,S,N,L,A,L,A,S,E,T,P,D,S,L,Q,V,S,W,T,P,P,R,G,R,V,F,H,Y,R,L,T,Y,T,P,A,S,G,S,G,P,E,K,S,V,S,V,P,G,P,R,S,H,V,T,L,P,D,L,Q,A,A,T,K,Y,R,V,L,V,S,A,V,Y,A,A,G,R,S,E,A,V,S,A,T,G,Q,T,A,A,C,P,A,L,R,P,D,S,S,L,P,G,F,D,L,M,V,A,F,G,L,V,E,K,A,Y,A,S,I,R,G,V,A,M,E,P,S,A,F,G,G,T,P,T,F,T,L,F,K,D,A,Q,L,T,R,R,V,D,V,H,P,A,P,E,H,T,I,V,F,L,V,R,V,L,P,E,T,P,R,E,A,F,A,L,W,Q,M,T,A,E,D,F,Q,P,V,L,G,V,L,L,D,A,G,R,K,S,L,T,Y,F,H,R,D,P,R,A,A,L,Q,E,A,T,F,D,P,Q,E,V,R,K,I,F,F,G,S,F,H,K,V,H,V,A,V,G,R,S,K,V,R,L,Y,V,D,C,R,K,V,A,E,R,P,L,G,E,V,G,S,A,P,S,A,G,F,I,T,L,G,R,L,A,K,A,R,G,P,R,S,S,S,A,V,F,Q,L,Q,T,L,Q,I,V,C,S,D,T,W,A,D,E,D,R,C,C,E,L,P,A,L,R,D,G,E,T,C,P,A,F,V,S,A,C,S,C,S,S,E,T,P,G,P,P,G,P,Q,G,P,P,G,L,P,G,R,N,G,T,P,G,E,Q,G,F,P,G,P,R,G,E,P,G,P,P,G,Q,M,G,P,E,G,P,G,G,Q,Q,G,S,P,G,T,Q,G,R,A,V,P,G,P,V,G,P,P,G,V,K,G,E,K,G,D,H,G,L,P,G,L,Q,G,H,P,G,H,Q,G,I,P,G,R,V,G,L,Q,G,P,G,M,R,G,L,E,G,T,A,G,L,P,G,P,P,G,P,F,Q,G,M,A,G,A,R,G,T,G,G,E,R,G,P,P,G,A,V,G,P,G,L,P,G,P,K,G,E,R,G,E,K,H,V,S,K,F,D,S,F,H,E,N,T,R,P,P,M,P,I,L,E,Q,K,L,E,P,G,T,E,P,L,G,S,P,G,T,R,S,K,A,L,L,W,R,H,G,S,R,H,L
Macaca_thibetana_thibetana,C,L,W,L,W,L,S,T,T,L,G,R,E,Q,A,S,G,H,L,R,L,T,V,L,P,E,D,R,L,Q,M,K,W,R,E,S,E,G,S,G,L,G,Y,L,V,Q,V,Q,P,M,A,G,D,S,E,Q,E,V,I,L,T,T,K,T,P,K,A,T,V,G,G,L,S,P,S,K,G,Y,T,L,Q,I,F,E,L,T,G,S,G,R,F,L,L,A,R,R,E,F,V,I,E,D,L,K,S,S,S,L,D,R,N,N,Q,R,P,L,S,N,G,A,L,E,P,T,P,S,L,M,G,S,P,D,P,E,Q,A,S,E,P,R,V,A,F,V,P,S,R,D,P,P,I,P,A,S,P,Q,F,R,C,L,P,P,V,P,A,D,M,V,F,L,V,D,G,S,W,S,I,G,H,S,H,F,Q,Q,V,K,D,F,L,A,S,V,I,A,P,F,E,I,G,P,D,K,V,Q,V,G,L,T,Q,Y,S,G,D,A,Q,T,E,W,N,L,N,S,F,G,T,K,E,Q,V,L,A,A,V,H,R,L,R,Y,K,G,G,N,T,F,T,G,L,A,L,T,H,V,L,G,Q,N,L,Q,P,A,A,G,L,R,P,E,A,A,K,V,V,I,L,V,T,D,G,K,S,Q,D,N,V,H,T,A,A,R,V,L,K,D,L,G,V,N,I,F,A,V,G,V,K,N,A,D,E,A,E,L,R,L,L,A,S,P,P,R,D,I,T,V,H,N,V,L,D,F,P,Q,L,G,A,L,A,G,L,L,S,R,L,I,C,Q,R,L,Q,D,G,G,P,R,R,-,A,A,A,P,A,L,D,T,L,P,A,P,T,G,L,V,L,S,Q,V,T,S,S,S,I,H,V,S,W,T,P,A,P,R,L,P,L,K,Y,L,I,V,W,R,A,S,R,G,G,T,P,R,E,V,V,V,E,G,P,A,A,S,A,E,L,H,N,L,T,S,R,T,E,Y,L,V,S,V,F,P,I,Y,E,G,G,V,G,E,G,L,R,G,L,V,T,T,A,P,L,S,P,P,R,A,L,T,L,A,T,V,T,P,R,T,I,H,L,T,W,Q,P,S,A,G,A,T,H,Y,L,V,R,C,S,P,A,S,S,K,G,E,E,E,E,R,E,V,Q,V,R,R,P,E,V,L,L,D,G,L,E,P,G,R,D,Y,E,I,S,V,Q,S,L,R,G,P,E,S,S,E,A,R,G,I,R,A,R,T,P,V,L,A,P,P,R,H,L,G,F,S,D,V,S,H,D,T,V,R,V,I,W,E,G,A,P,R,P,V,R,L,V,R,V,T,Y,V,S,S,E,G,G,H,S,G,Q,T,E,T,P,G,N,A,T,S,A,V,L,G,P,L,S,S,S,T,T,Y,T,V,R,V,T,C,L,Y,P,G,G,G,S,S,T,L,T,G,Q,V,T,T,K,K,V,P,S,P,S,Q,L,S,V,T,E,L,P,G,D,T,V,Q,L,A,W,V,A,A,A,P,S,G,V,L,V,Y,Q,I,K,W,T,P,L,G,E,G,K,A,H,E,I,S,V,P,G,N,L,G,T,A,V,L,P,G,L,G,R,H,T,E,Y,D,V,T,I,L,A,Y,Y,R,D,G,A,R,S,D,P,V,S,L,R,Y,T,P,S,T,V,N,R,S,P,P,S,N,L,A,L,A,S,E,T,P,D,S,L,Q,V,S,W,T,P,P,R,G,R,V,L,H,Y,R,L,T,Y,T,P,A,S,G,S,G,P,E,K,S,V,S,V,P,G,P,R,S,H,V,T,L,P,D,L,Q,A,A,T,K,Y,R,V,L,V,S,A,V,Y,A,A,G,R,S,E,A,V,S,A,T,G,Q,T,-,A,C,P,A,L,R,P,D,S,S,L,P,G,F,D,L,M,V,A,F,G,L,V,E,K,A,Y,A,S,I,R,G,V,A,M,E,P,S,A,F,G,G,T,P,T,F,T,L,F,K,D,A,Q,L,T,R,R,V,D,V,H,P,A,P,E,H,T,I,V,F,L,V,R,V,L,P,E,T,P,R,E,A,F,A,L,W,Q,M,T,A,E,D,F,Q,P,V,L,G,V,L,L,D,A,G,R,K,S,L,T,Y,F,H,R,D,P,R,A,A,L,Q,E,A,T,F,D,P,Q,E,V,R,K,I,F,F,G,S,F,H,K,V,H,V,A,V,G,R,S,K,V,R,L,Y,V,D,C,R,K,V,A,E,R,P,L,G,E,V,G,S,A,P,S,A,G,F,I,T,L,G,R,L,A,K,A,R,G,P,R,S,S,S,A,A,F,Q,L,Q,T,L,Q,I,V,C,S,D,T,W,A,D,E,D,R,C,C,E,L,P,A,S,R,D,G,E,T,C,P,A,F,V,S,A,C,S,C,S,S,E,T,P,G,P,P,G,P,Q,G,P,P,G,L,P,G,R,N,G,T,P,G,E,Q,G,F,P,G,P,R,-,-,-,-,-,-,-,-,-,-,-,-,-,-,-,-,-,-,-,-,-,-,-,-,-,-,-,-,-,-,-,-,G,P,P,G,V,K,G,E,K,G,D,H,G,L,P,G,L,Q,G,H,P,G,H,Q,G,I,P,G,R,V,G,L,Q,G,P,G,M,R,G,L,E,G,T,A,G,L,P,G,P,P,G,P,F,Q,G,M,A,G,A,R,G,T,G,G,E,R,G,P,P,G,A,V,G,P,G,L,P,G,P,K,G,E,R,G,E,K,H,V,S,K,F,D,S,F,H,E,N,T,R,P,P,M,P,I,L,E,Q,K,L,E,P,G,T,E,P,L,G,S,P,G,T,R,S,K,A,L,L,W,R,H,G,S,R,H,L
Mandrillus_leucophaeus,C,L,W,L,W,L,S,T,T,L,G,R,E,Q,A,S,G,H,L,R,L,T,V,L,P,E,D,R,L,Q,M,K,W,R,E,S,E,G,S,G,L,G,Y,L,V,Q,V,Q,P,M,A,G,D,S,E,Q,E,V,I,L,T,T,K,T,P,K,A,T,V,G,G,L,S,P,S,K,G,Y,T,L,Q,I,F,E,L,T,G,S,G,R,F,L,L,A,R,R,E,F,V,I,E,D,L,K,S,S,S,L,D,R,N,N,Q,R,P,L,S,N,G,A,P,E,P,T,P,S,L,M,G,S,P,D,P,E,Q,A,S,E,P,R,V,A,F,V,P,S,R,D,P,P,I,P,G,G,P,Q,F,R,C,L,P,P,V,P,A,D,M,V,F,L,V,D,G,S,W,S,I,G,H,S,H,F,Q,Q,V,K,D,F,L,A,S,V,I,A,P,F,E,I,G,P,D,K,V,Q,V,G,L,T,Q,Y,S,G,D,A,Q,T,E,W,N,L,N,S,F,V,T,K,E,Q,V,L,A,A,V,H,R,L,R,Y,K,G,G,N,T,F,T,G,L,A,L,T,H,V,L,G,Q,N,L,Q,P,A,A,G,L,R,P,E,A,A,K,V,V,I,L,V,T,D,G,K,S,Q,D,D,V,H,T,A,A,R,V,L,K,D,L,G,V,N,I,F,A,V,G,V,K,N,A,D,E,A,E,L,R,L,L,A,S,P,P,R,D,I,T,V,H,N,V,L,D,F,P,Q,L,G,A,L,A,G,L,L,S,R,L,I,C,Q,R,L,Q,D,G,G,P,R,R,-,A,A,A,P,A,L,D,T,L,P,A,P,T,G,L,V,L,S,Q,V,T,S,S,S,I,H,V,S,W,T,P,A,P,R,L,P,L,K,Y,L,I,V,W,R,A,S,R,G,G,T,P,R,E,V,V,V,E,G,P,A,T,S,A,E,L,H,N,L,T,S,R,T,E,Y,L,V,S,V,F,P,I,Y,E,G,G,V,G,E,G,L,R,G,L,V,T,T,A,P,L,S,P,P,R,A,L,T,L,A,T,V,T,P,R,T,V,H,L,T,W,Q,P,S,A,G,A,T,H,Y,L,V,R,C,S,P,A,S,S,K,G,E,E,E,E,R,E,V,Q,V,R,R,P,E,V,L,L,D,G,L,E,P,G,R,D,Y,E,I,S,V,Q,S,L,R,G,P,E,S,S,E,A,R,G,I,R,A,R,T,P,V,L,A,P,P,R,H,L,G,F,S,D,V,S,H,D,T,A,R,V,I,W,E,G,A,P,R,P,V,R,L,V,R,V,T,Y,V,S,S,E,G,G,H,S,G,Q,T,E,A,P,G,N,A,T,S,A,M,L,G,P,L,S,S,S,T,T,Y,T,V,R,V,T,C,L,Y,L,G,G,G,S,S,T,L,T,G,Q,V,T,T,K,K,V,P,S,P,S,Q,L,S,V,T,E,L,P,G,D,T,V,Q,L,A,W,V,A,A,A,P,S,G,V,L,V,Y,Q,I,K,W,T,P,L,G,E,G,K,A,H,E,I,S,V,P,G,N,L,G,T,A,V,L,P,G,L,G,R,H,T,E,Y,D,V,T,I,L,A,Y,Y,R,D,G,A,R,S,D,P,V,S,L,R,Y,T,P,S,T,V,N,R,S,P,P,S,N,L,A,L,A,S,E,T,P,D,S,L,Q,V,S,W,T,P,P,R,G,R,V,L,H,Y,R,L,T,Y,A,P,A,S,G,S,G,P,E,K,S,V,S,V,P,G,P,R,S,H,V,T,L,P,D,L,Q,A,A,T,K,Y,R,V,L,V,S,A,V,Y,A,A,G,R,S,E,A,V,S,A,T,G,Q,T,-,A,C,P,A,L,R,P,N,S,S,L,P,G,F,D,L,M,V,A,F,G,L,V,E,K,A,Y,A,S,I,R,G,V,A,M,E,P,S,A,F,G,G,T,P,T,F,T,L,F,K,D,A,Q,L,T,R,R,V,D,V,H,P,A,P,E,H,T,I,V,F,L,V,R,V,L,P,E,T,P,R,E,A,F,A,L,W,Q,M,T,A,E,D,F,Q,P,V,L,G,V,L,L,D,A,G,R,K,S,L,T,Y,F,H,R,D,P,R,A,A,L,Q,E,A,T,F,D,P,Q,E,V,R,K,I,F,F,G,S,F,H,K,V,H,V,A,V,G,R,S,K,V,R,L,Y,V,D,C,R,K,V,A,E,R,P,L,G,E,V,G,S,A,P,S,A,G,F,I,T,L,G,R,L,A,K,A,R,G,P,R,S,S,S,A,A,F,Q,L,Q,T,L,Q,I,V,C,S,D,T,W,A,D,E,D,R,C,C,E,L,P,A,S,R,D,G,E,T,C,P,A,F,V,S,A,C,S,C,S,S,E,T,P,G,P,P,G,P,Q,G,P,P,G,L,P,G,R,N,G,T,P,G,E,Q,G,F,P,G,P,R,-,-,-,-,-,-,-,-,-,-,-,-,-,-,-,-,-,-,-,-,-,-,-,-,-,-,-,-,-,-,-,-,G,P,P,G,V,K,G,E,K,G,D,H,G,L,P,G,L,Q,G,H,P,G,H,Q,G,I,P,G,R,V,G,L,Q,G,P,G,M,R,G,L,E,G,T,A,G,L,P,G,P,P,G,P,F,Q,G,M,A,G,A,R,G,T,S,G,E,K,G,P,P,G,A,V,G,P,G,L,P,G,P,K,G,E,R,G,E,K,H,V,S,K,F,D,S,F,H,E,N,T,R,P,P,M,P,I,L,E,Q,K,L,E,P,G,T,E,P,L,G,S,P,G,T,R,S,K,A,L,L,W,R,H,G,S,R,H,L
Marmota_flaviventris,C,L,W,L,W,L,G,T,T,L,A,H,G,L,V,S,G,H,L,R,L,T,V,L,P,E,D,R,L,Q,M,K,W,R,E,S,V,G,S,G,L,G,Y,L,V,Q,V,K,P,M,A,G,D,S,E,Q,E,V,M,L,T,T,K,I,P,K,A,T,V,G,G,L,S,P,S,K,G,Y,T,L,Q,I,F,K,L,T,G,S,G,P,V,L,L,V,Q,R,E,F,V,I,E,D,L,K,S,N,S,L,G,K,S,S,Q,R,P,P,G,A,-,A,L,E,P,T,P,S,H,R,G,A,P,D,P,E,Q,A,S,D,S,R,V,T,F,T,P,S,Q,D,P,P,I,L,A,G,P,E,F,R,C,T,P,P,T,P,T,D,M,V,F,L,V,D,G,S,W,S,I,G,R,G,H,F,Q,H,V,K,N,F,L,A,S,V,I,S,P,F,E,I,G,P,D,K,V,Q,V,G,L,T,Q,Y,S,G,D,P,Q,T,E,W,D,L,N,S,F,R,S,S,G,E,V,L,A,A,V,H,G,L,R,Y,K,G,G,N,T,F,T,G,L,A,L,T,H,V,L,G,Q,N,L,K,P,S,A,G,L,R,P,E,A,A,K,V,V,I,L,V,T,D,G,K,S,Q,D,D,V,H,T,A,A,R,V,L,K,D,L,D,V,D,V,F,A,V,G,V,K,N,A,D,E,A,E,L,K,V,L,A,S,Q,P,L,D,I,T,V,H,N,V,L,D,F,P,Q,L,A,T,L,A,G,L,L,S,R,L,I,C,Q,K,V,Q,G,R,S,L,S,R,-,E,D,A,P,A,L,E,P,L,P,G,P,S,S,L,V,L,T,Q,I,T,S,S,S,V,H,V,S,W,T,P,A,P,Q,L,P,L,E,Y,L,I,M,W,Q,S,S,R,G,G,T,P,Q,E,L,V,V,G,G,P,A,S,S,V,Q,L,C,N,L,T,S,S,S,E,Y,L,V,S,V,L,P,V,Y,K,D,R,V,G,K,G,L,Q,G,L,V,T,T,A,P,L,P,P,P,R,A,L,T,L,V,T,A,T,P,R,T,L,R,L,A,W,Q,S,S,A,G,A,T,Q,Y,L,V,R,C,L,S,A,S,P,G,G,K,E,E,E,K,E,V,Q,V,G,R,P,E,V,L,L,D,G,L,E,P,G,R,D,Y,Q,I,L,V,Q,S,L,R,G,P,E,A,S,E,A,R,S,I,H,I,R,T,P,A,L,A,P,P,R,H,L,G,F,S,D,V,S,H,D,S,A,R,V,S,W,E,G,T,Q,R,P,M,R,L,V,R,V,S,Y,I,S,S,D,G,G,H,S,G,Q,T,E,A,P,G,N,A,T,W,A,A,L,G,P,L,F,S,S,T,T,Y,T,V,R,I,T,C,L,F,L,G,G,G,S,S,T,L,T,G,R,V,T,T,R,K,A,P,S,P,S,Q,L,S,V,T,E,L,P,G,D,A,V,R,L,V,W,A,A,A,A,S,S,G,V,L,V,Y,Q,I,K,W,T,P,L,G,E,G,Q,A,H,E,I,S,V,P,G,T,L,S,T,A,V,L,P,D,L,G,K,H,T,E,Y,E,I,T,I,L,A,Y,Y,R,D,G,A,R,S,D,P,V,S,L,R,Y,S,P,S,A,A,S,R,S,P,P,S,S,L,A,L,S,S,E,T,P,N,S,L,R,V,S,W,T,P,P,S,G,H,V,L,H,Y,R,L,T,Y,T,P,A,T,G,S,R,P,D,Q,S,I,S,V,P,G,P,R,N,H,T,V,L,S,D,L,L,A,A,T,K,Y,K,V,L,V,S,A,V,Y,G,A,G,E,S,V,A,V,S,A,M,G,W,T,A,A,C,P,T,L,H,L,D,S,S,L,P,G,F,D,L,M,A,A,F,G,L,V,E,K,E,H,A,S,I,R,G,V,A,M,E,P,S,A,L,G,L,T,P,T,F,T,L,F,K,D,A,Q,L,T,R,R,T,D,I,H,P,V,A,E,H,T,I,V,F,L,G,R,L,L,P,E,T,P,R,E,A,F,A,L,W,Q,M,T,A,E,D,F,Q,P,I,L,G,V,L,L,D,A,G,R,K,S,L,T,Y,F,N,H,D,P,R,A,A,L,Q,V,A,T,F,D,L,Q,E,V,K,K,I,F,F,G,S,Y,H,K,V,H,V,A,V,G,H,S,K,V,R,L,Y,V,D,C,Q,K,V,A,E,R,P,I,G,E,A,S,S,-,P,T,S,G,F,V,M,L,G,R,L,A,K,A,R,G,P,R,S,S,S,A,T,F,Q,L,Q,M,L,Q,I,V,C,G,D,T,W,A,D,E,D,K,C,C,E,L,P,A,L,R,D,G,E,T,C,P,A,F,P,S,A,C,T,C,S,S,E,T,P,G,P,P,G,P,Q,G,P,P,G,L,P,G,R,N,G,T,P,G,G,Q,G,L,P,G,P,R,G,E,P,G,P,P,G,Q,T,G,P,E,G,P,G,G,Q,Q,G,S,P,G,T,Q,G,H,T,V,Q,G,P,V,G,P,P,G,S,K,G,E,K,G,D,Q,G,L,P,G,L,Q,G,Y,P,G,Q,Q,G,T,P,G,R,V,G,L,Q,G,P,G,M,R,G,L,E,G,P,A,G,Q,P,G,P,P,G,P,F,Q,G,L,V,G,A,R,G,T,N,G,E,R,G,P,P,G,A,V,G,P,G,L,P,G,P,K,G,E,P,G,E,K,H,V,L,R,L,Q,S,S,H,G,S,T,R,P,P,M,P,I,L,V,E,A,V,K,P,G,-,-,-,-,-,-,-,-,-,-,-,-,-,-,-,Q,G,R,G,G,H,H,T
Marmota_marmota_marmota,C,L,W,L,W,L,G,T,T,L,A,H,G,L,V,S,G,H,L,R,L,T,V,L,P,E,D,R,L,Q,M,K,W,R,E,S,L,G,S,G,L,G,Y,L,V,Q,V,K,P,M,A,G,D,S,E,Q,E,V,M,L,T,T,K,I,P,K,A,T,V,G,G,L,S,P,S,K,G,Y,T,L,Q,I,F,K,L,T,G,S,G,P,V,L,L,V,Q,R,E,F,V,I,E,D,L,K,S,N,S,L,G,K,S,S,Q,R,P,P,G,A,-,A,L,E,P,T,P,S,H,R,G,A,P,D,P,E,Q,A,S,D,S,R,V,T,F,T,P,S,Q,D,P,P,I,L,A,G,P,E,F,R,C,T,P,P,T,P,T,D,M,V,F,L,V,D,G,S,W,S,I,G,R,G,H,F,Q,H,V,K,N,F,L,A,S,V,I,S,P,F,E,I,G,P,D,K,V,Q,V,G,L,T,Q,Y,S,G,D,P,Q,T,E,W,D,L,N,S,F,R,S,S,G,E,V,L,A,A,V,R,G,L,R,Y,K,G,G,N,T,F,T,G,L,A,L,T,H,V,L,G,Q,N,L,K,P,S,A,G,L,R,P,E,A,A,K,V,V,I,L,V,T,D,G,K,S,Q,D,D,V,H,T,A,A,R,V,L,K,D,L,D,V,D,V,F,A,V,G,V,K,N,A,D,E,A,E,L,K,V,L,A,S,Q,P,L,D,I,T,V,H,N,V,L,D,F,P,Q,L,A,T,L,A,G,L,L,S,R,L,I,C,Q,K,V,Q,G,R,S,L,S,R,P,E,D,A,P,A,L,E,P,L,P,G,P,S,S,L,V,L,T,Q,I,T,F,S,S,V,H,V,S,W,T,P,A,P,Q,L,P,L,E,Y,L,I,V,W,Q,S,S,R,G,G,T,P,Q,E,L,V,V,G,G,P,A,S,S,V,Q,L,C,N,L,T,S,S,S,E,Y,L,V,S,V,L,P,V,Y,K,D,R,V,G,K,G,L,Q,G,L,V,T,T,A,P,L,P,P,P,R,A,L,T,L,V,T,A,T,P,R,T,L,R,L,A,W,Q,S,S,A,G,A,T,L,Y,L,V,R,C,L,S,A,S,P,G,G,K,E,E,E,K,E,V,Q,V,G,R,P,E,V,L,L,D,G,L,E,P,G,R,D,Y,Q,I,L,V,Q,S,L,R,G,P,E,A,S,E,A,R,S,I,H,I,R,T,P,A,L,A,P,P,R,H,L,G,F,S,D,V,S,H,D,S,A,R,V,S,W,E,G,T,Q,R,P,M,R,L,V,R,V,S,Y,I,S,S,D,G,G,H,S,G,Q,T,E,A,P,G,N,A,T,W,A,A,L,G,P,L,F,S,S,T,T,Y,T,V,R,I,T,C,L,Y,L,G,G,G,S,S,T,L,T,G,R,V,T,T,R,K,A,P,S,P,S,Q,L,S,V,T,E,L,P,G,D,A,V,R,L,V,W,A,A,A,A,S,S,G,V,L,V,Y,Q,I,K,W,T,P,L,G,K,G,Q,A,H,E,I,S,V,P,G,T,L,S,T,A,V,L,P,D,L,G,K,H,T,E,Y,E,I,T,I,L,A,Y,Y,R,D,G,A,R,S,D,P,V,S,L,R,Y,S,P,S,A,A,S,R,S,P,P,S,S,L,A,L,S,S,E,I,P,N,S,L,R,V,S,W,T,P,P,S,G,H,V,L,H,Y,R,L,T,Y,T,P,A,T,G,S,R,P,D,Q,S,I,S,V,P,G,P,R,N,H,T,V,L,S,D,L,L,A,A,T,K,Y,K,V,L,V,S,A,V,Y,G,A,G,E,S,V,A,V,S,A,M,G,W,T,A,A,C,P,T,L,H,P,D,S,S,L,P,G,F,D,L,M,A,A,F,G,L,V,E,K,E,H,A,S,I,R,G,V,A,M,E,P,S,A,L,G,L,T,P,T,F,T,L,F,K,D,A,Q,L,T,R,R,T,D,I,H,P,V,A,E,H,T,I,V,F,L,V,R,L,L,P,E,T,P,R,E,A,F,A,L,W,Q,M,T,A,E,D,F,Q,P,I,L,G,V,L,L,D,A,G,R,K,S,L,T,Y,F,N,H,D,P,R,A,A,L,Q,V,A,T,F,D,L,Q,E,V,K,K,I,F,F,G,S,Y,H,K,V,H,V,A,V,G,H,S,K,V,R,L,Y,V,D,C,Q,K,V,A,E,R,P,I,G,E,A,S,S,-,P,T,S,G,F,V,M,L,G,R,L,A,K,A,R,G,P,R,S,S,S,A,T,F,Q,L,Q,M,L,Q,I,V,C,G,D,T,W,A,D,E,D,K,C,C,E,L,P,A,L,R,D,G,E,T,C,P,V,F,P,S,A,C,T,C,S,S,E,T,P,G,P,P,G,P,Q,G,P,P,G,L,P,G,R,N,G,T,P,G,G,Q,G,L,P,G,P,R,G,E,P,G,P,P,G,Q,T,G,P,E,G,P,G,G,Q,Q,G,S,P,G,T,Q,G,R,T,V,Q,G,P,V,G,P,P,G,S,K,G,E,K,G,D,Q,G,L,P,G,L,Q,G,Y,P,G,Q,Q,G,T,P,G,R,V,G,L,Q,G,P,G,M,R,G,L,E,G,P,A,G,Q,P,G,P,P,G,P,F,Q,G,L,V,G,A,R,G,T,N,G,E,R,G,P,P,G,A,V,G,P,G,L,P,G,P,K,G,E,Q,G,E,K,H,V,L,R,L,Q,S,S,H,G,S,T,R,P,P,M,P,I,L,V,E,A,V,K,P,G,G,H,P,P,G,S,P,N,R,L,S,K,A,L,L,Q,G,R,G,G,H,H,T
Marmota_monax,C,L,W,L,W,L,G,T,T,L,A,H,G,L,-,S,G,H,L,R,L,T,V,L,P,E,D,R,L,Q,M,K,W,R,E,S,V,G,S,G,L,G,Y,L,V,Q,V,K,P,M,A,G,D,S,E,Q,E,V,M,L,T,T,K,I,P,K,A,T,V,G,G,L,S,P,S,K,G,Y,T,L,Q,I,F,K,L,T,G,S,G,P,V,L,L,V,R,R,E,F,V,I,E,D,L,K,S,N,S,L,G,K,S,S,Q,R,P,P,G,A,-,A,L,E,P,T,P,S,H,R,G,A,P,D,P,E,Q,V,S,D,S,R,V,T,F,T,P,S,Q,D,P,P,I,L,A,G,P,E,F,R,C,T,P,P,T,P,T,D,M,V,F,L,V,D,G,S,W,S,I,G,R,G,H,F,Q,H,V,K,N,F,L,A,S,V,I,S,P,F,E,I,G,P,D,K,V,Q,V,G,L,T,Q,Y,S,G,D,P,Q,T,E,W,D,L,N,S,F,R,S,S,G,E,V,L,A,A,V,H,G,L,R,Y,K,G,G,N,T,F,T,G,L,A,L,T,H,V,L,G,Q,N,L,K,P,S,A,G,L,R,P,E,A,A,K,V,V,I,L,V,T,D,G,K,S,Q,D,D,V,H,T,A,A,R,V,L,K,D,L,D,V,D,V,F,A,V,G,V,K,N,A,D,E,A,E,L,K,V,L,A,S,Q,P,L,D,I,T,V,H,N,V,L,D,F,P,Q,L,A,T,L,A,G,L,L,S,R,L,I,C,Q,K,V,Q,G,R,S,L,S,R,P,E,D,A,P,A,L,E,P,L,P,G,P,S,S,L,V,L,T,Q,I,T,S,S,S,V,H,V,S,W,T,P,A,P,Q,L,P,L,E,Y,L,I,V,W,Q,S,S,R,G,G,T,P,Q,E,L,V,V,G,G,P,A,S,S,V,Q,L,C,N,L,T,S,S,S,E,Y,L,V,S,V,L,P,V,Y,K,D,R,V,G,K,G,L,Q,G,L,V,T,T,A,P,L,P,P,P,R,A,L,T,L,V,T,A,T,P,R,T,L,R,L,A,W,Q,S,S,A,G,A,T,Q,Y,L,V,R,C,L,S,A,S,P,G,G,K,E,E,K,K,E,V,Q,V,G,R,P,E,V,L,L,D,G,L,E,P,G,R,D,Y,Q,I,L,V,Q,S,L,R,G,P,E,A,S,E,A,R,S,I,H,I,R,T,P,A,L,A,P,P,R,H,L,G,F,S,D,V,S,H,D,S,A,R,V,S,W,E,G,T,Q,R,P,M,R,L,V,R,V,S,Y,I,S,S,D,G,G,H,S,G,Q,T,E,A,P,G,N,A,T,W,A,A,L,G,P,L,F,S,S,T,T,Y,T,V,R,I,T,C,L,Y,L,G,G,G,S,S,T,L,T,G,R,V,T,T,R,K,A,P,S,P,S,Q,L,S,V,T,E,L,P,G,D,A,V,R,L,V,W,A,A,A,A,S,S,G,V,L,V,Y,Q,I,K,W,T,P,L,G,D,G,Q,A,H,E,I,S,V,P,G,T,L,S,T,A,V,L,P,D,L,G,K,H,T,E,Y,E,I,T,I,L,A,Y,Y,R,D,G,A,R,S,D,P,V,S,L,R,Y,S,P,S,A,A,R,R,S,P,P,S,S,L,A,L,S,S,E,T,P,N,S,L,R,V,S,W,T,P,P,S,G,H,V,L,H,Y,R,L,T,Y,T,P,A,T,G,S,R,P,D,Q,S,I,S,V,P,G,P,R,N,H,T,V,L,S,D,L,L,A,A,T,K,Y,K,V,L,V,S,A,V,Y,G,A,G,E,S,V,A,V,S,A,M,G,W,T,A,A,C,P,T,L,H,L,D,S,S,L,P,G,F,D,L,M,A,A,F,G,L,V,E,K,E,H,A,S,I,R,G,V,A,M,E,P,S,A,L,G,L,T,P,T,F,T,L,F,K,D,A,Q,L,T,R,R,-,D,I,H,P,V,A,E,H,T,I,V,F,L,V,R,L,L,P,E,T,P,R,E,A,F,A,L,W,Q,M,T,A,E,D,F,Q,P,L,L,G,V,L,L,D,A,G,R,K,S,L,T,Y,F,N,H,D,P,R,A,A,L,Q,V,A,T,F,D,L,Q,E,V,K,K,I,F,F,G,S,Y,H,K,V,H,V,A,V,G,H,S,K,V,R,L,Y,V,D,C,Q,K,V,A,E,R,P,I,G,E,A,S,S,-,P,T,S,G,F,V,M,L,G,R,L,A,K,A,R,G,P,R,S,S,S,A,T,F,Q,L,Q,M,L,Q,I,V,C,S,D,T,W,A,D,E,D,K,C,C,E,L,P,A,L,R,D,G,E,T,C,P,V,F,P,S,A,C,T,C,S,S,E,T,P,G,P,P,G,P,Q,G,P,P,G,L,P,G,R,N,G,T,P,G,G,Q,G,L,P,G,P,R,G,E,P,G,P,P,G,Q,T,G,P,E,G,P,G,G,Q,Q,G,S,P,G,T,Q,G,R,T,V,Q,G,P,V,G,P,P,G,S,K,G,E,K,G,D,Q,G,L,P,G,L,Q,G,Y,P,G,Q,Q,G,T,P,G,R,V,G,L,Q,G,P,G,M,R,G,L,E,G,P,A,G,Q,P,G,P,P,G,P,F,Q,G,L,V,G,A,R,G,T,N,G,E,R,G,P,P,G,A,V,G,P,G,L,P,G,P,K,G,E,Q,G,E,K,H,V,L,R,L,Q,S,S,H,G,S,T,R,P,P,M,P,I,L,V,E,A,V,K,P,G,-,-,-,-,-,-,-,-,-,-,-,-,-,-,-,Q,G,R,G,G,H,H,T
Nannospalax_galili,C,L,W,M,W,L,G,T,T,L,A,Y,G,Q,V,S,S,R,L,R,L,A,V,L,P,E,D,R,L,Q,M,K,W,R,E,A,E,G,N,S,L,G,Y,L,V,Q,V,T,P,M,A,G,D,S,E,Q,E,L,M,L,T,T,K,T,P,K,A,T,V,G,G,L,S,P,S,K,G,Y,T,L,Q,V,F,E,L,T,G,S,G,P,I,L,L,A,R,K,E,F,V,I,E,D,L,K,S,H,S,L,V,R,G,S,R,R,L,V,G,A,-,P,L,E,P,T,P,I,P,L,G,T,L,D,P,E,Q,T,P,E,P,S,V,A,I,T,L,S,Q,G,P,P,V,L,A,D,P,E,F,H,C,T,P,P,K,P,T,D,M,V,F,L,V,D,G,S,W,S,I,G,H,S,H,F,Q,Q,I,K,D,F,L,A,S,V,I,M,P,F,E,I,G,P,D,K,V,Q,V,G,L,T,Q,Y,S,G,D,P,Q,T,E,W,D,L,N,S,F,H,T,R,E,Q,V,L,E,A,V,H,N,L,H,Y,K,G,G,N,T,F,T,G,L,A,L,T,H,V,L,G,Q,N,L,K,P,V,V,G,L,R,P,E,A,A,K,V,L,I,L,V,T,D,G,K,S,Q,D,D,V,R,T,A,A,H,I,L,K,D,L,N,I,D,V,F,T,V,G,V,K,N,A,D,E,A,E,L,K,L,L,A,S,Q,P,L,D,I,T,V,H,N,V,L,D,F,P,Q,L,A,T,L,A,D,L,L,S,R,L,I,C,Q,K,V,Q,G,R,D,L,N,R,A,A,A,T,L,A,L,H,P,L,P,T,P,T,S,L,V,L,T,H,I,T,S,S,S,V,H,L,S,W,T,P,A,P,H,L,P,L,K,Y,L,V,V,W,Q,P,S,K,G,G,A,P,R,E,V,V,V,E,G,P,A,S,F,M,D,L,H,N,L,T,S,N,T,E,Y,L,I,S,V,L,P,V,Y,E,S,G,V,G,E,G,L,Q,G,R,V,S,T,A,P,L,P,P,P,R,A,L,A,L,A,A,V,T,P,S,T,L,H,L,T,W,Q,P,S,A,G,A,T,Q,Y,L,V,R,Y,L,L,A,A,P,T,G,K,E,Q,R,R,E,V,Q,V,G,Q,P,E,V,L,L,D,G,L,E,P,G,Q,D,Y,E,V,S,V,Q,S,L,R,G,P,E,A,S,E,A,Q,A,I,H,A,R,T,S,T,L,G,P,P,R,H,L,S,F,S,D,V,S,Y,N,S,V,Y,V,S,W,E,A,-,Q,R,P,V,R,S,V,K,V,S,Y,V,S,S,D,G,S,H,S,G,Q,V,R,I,P,G,N,A,T,S,A,T,L,G,P,L,S,S,S,T,M,Y,T,V,H,V,T,C,F,Y,F,G,G,S,S,S,I,L,T,G,H,I,T,T,K,K,A,P,S,P,S,Q,L,S,V,M,E,L,P,G,D,T,V,R,L,S,W,V,A,A,A,S,S,G,V,L,V,Y,Q,I,K,W,T,P,L,G,E,G,K,A,H,E,I,S,V,P,G,T,L,G,T,A,I,L,P,G,L,V,R,H,V,E,Y,E,I,T,I,L,A,Y,Y,R,D,G,A,R,S,D,P,V,S,L,H,Y,T,P,S,A,A,S,R,S,P,P,S,S,L,S,L,S,S,E,T,P,N,S,L,Q,V,N,W,I,P,P,S,G,H,V,L,H,Y,R,L,N,Y,A,L,A,S,G,S,G,P,E,K,S,I,S,V,P,A,T,R,S,H,V,T,L,P,D,L,L,S,A,T,K,Y,R,V,L,V,S,A,V,Y,G,A,G,E,S,V,A,V,S,A,T,G,R,T,A,A,C,P,A,L,H,P,N,S,S,L,P,G,F,D,L,M,V,A,F,G,L,V,A,K,E,Y,A,S,I,R,G,V,A,M,E,P,S,A,L,G,V,A,P,T,F,T,L,F,K,D,A,Q,L,M,R,R,A,D,I,H,P,V,T,E,H,T,I,V,F,L,V,R,L,L,P,E,T,P,R,E,A,F,A,L,W,Q,M,I,T,E,D,F,Q,P,M,L,G,V,L,L,D,A,G,R,K,S,L,T,Y,F,N,H,D,P,R,A,V,L,Q,E,V,T,F,D,L,Q,E,A,K,K,I,F,F,G,S,F,H,K,V,H,V,A,V,G,H,S,K,V,R,L,Y,V,D,C,R,K,V,A,E,R,P,I,G,E,A,S,S,P,P,S,A,G,F,I,T,L,G,R,L,A,K,A,R,G,P,R,S,S,S,A,R,F,Q,I,Q,M,L,R,I,M,C,S,D,T,W,A,D,Q,D,R,C,C,E,I,P,A,L,R,D,G,E,T,C,P,N,F,P,S,T,R,T,C,S,S,Q,T,P,G,P,P,G,P,Q,G,P,P,G,L,P,G,R,N,G,T,P,G,K,Q,G,H,P,G,P,K,G,E,P,G,P,P,G,Q,T,G,P,K,G,P,G,G,Q,Q,G,S,P,G,T,Q,G,R,T,V,Q,G,P,M,G,P,P,G,V,K,G,E,K,G,D,H,G,L,P,G,L,Q,G,L,P,G,Q,Q,G,I,P,G,R,A,G,L,Q,G,P,G,M,R,G,L,E,G,P,A,G,L,P,G,P,P,G,P,F,Q,G,L,A,G,A,R,G,T,N,G,E,Q,G,P,P,G,A,V,G,P,G,L,P,G,P,K,G,E,R,G,E,K,H,I,L,K,L,N,S,F,H,E,N,S,R,P,P,M,P,I,M,V,E,A,E,K,P,G,R,-,-,-,-,-,-,-,-,-,-,-,-,-,-,W,G,H,S,Y,H,L,-
Neomonachus_schauinslandi,W,L,W,L,W,L,G,V,S,L,G,L,G,R,A,S,S,R,L,R,L,A,V,L,P,E,D,Q,L,Q,M,K,W,R,E,S,E,G,G,S,L,G,Y,L,V,Q,L,K,P,R,A,G,D,A,E,Q,E,V,M,L,T,T,K,T,P,K,A,T,V,G,G,L,S,P,S,K,G,Y,T,V,Q,I,F,E,L,T,S,S,G,N,A,L,L,A,Q,Q,E,F,V,I,E,D,L,K,S,H,S,V,S,R,S,G,Q,M,P,L,E,A,-,A,V,E,P,M,P,S,H,V,G,S,P,D,P,-,-,-,-,E,P,R,V,A,L,S,P,S,Q,D,P,P,T,P,A,S,P,Q,F,R,C,T,P,P,T,P,V,D,M,V,F,L,V,D,G,S,W,S,I,G,H,G,H,F,Q,Q,V,K,D,F,L,A,S,V,I,E,P,F,E,I,G,P,N,Q,V,Q,V,G,L,T,Q,Y,S,G,D,P,Q,T,E,W,D,L,S,A,F,R,T,K,E,E,V,V,T,A,V,R,S,L,R,Y,R,G,G,N,T,F,T,G,L,A,L,T,H,V,R,E,Q,N,L,K,P,G,A,G,T,R,P,E,A,A,K,V,V,I,L,V,T,D,G,K,S,Q,D,D,V,R,A,A,G,H,V,L,K,D,L,G,V,A,V,F,A,V,G,V,K,N,A,D,E,A,E,L,Q,L,L,A,S,P,P,L,D,I,T,V,H,N,V,Q,D,F,P,Q,L,G,T,L,A,G,L,L,S,R,L,I,C,Q,K,V,Q,G,G,S,G,T,-,A,A,A,T,P,A,P,D,T,A,C,T,P,T,S,L,V,V,T,Q,V,T,S,S,S,V,H,L,S,W,T,P,A,P,Q,L,P,L,K,Y,L,I,T,W,R,P,S,G,G,G,T,P,R,E,V,V,V,E,G,P,T,S,S,A,E,L,H,S,L,M,A,G,T,E,Y,L,V,S,V,F,P,V,G,K,A,G,V,G,Q,G,L,R,G,L,V,T,T,A,P,L,P,A,P,Q,A,L,T,L,A,A,V,T,P,R,T,I,H,L,T,W,R,P,S,V,G,A,T,Q,Y,L,V,R,C,L,P,A,F,P,R,G,Q,E,E,G,R,E,V,R,V,G,H,P,E,A,L,L,D,G,L,E,P,G,T,D,Y,D,V,W,V,Q,S,L,Q,G,T,E,A,S,E,A,R,G,I,R,A,R,T,A,T,L,V,P,P,R,H,L,G,F,S,D,V,S,H,D,S,A,R,V,F,W,E,G,I,P,R,P,V,R,L,F,R,V,S,F,V,S,S,E,G,S,H,S,G,Q,V,E,A,P,G,N,A,T,S,A,T,L,G,P,L,S,S,S,T,T,Y,S,V,R,V,T,C,L,Y,P,A,G,G,S,S,T,L,T,G,R,L,T,T,R,K,V,P,S,P,S,Q,L,S,V,T,E,L,P,G,D,E,V,Q,L,E,W,A,A,A,A,A,S,G,V,L,V,Y,Q,I,K,W,T,P,L,G,D,G,K,A,R,E,I,S,V,P,G,N,L,G,M,A,V,L,P,G,F,R,S,H,L,E,Y,E,I,T,I,L,A,Y,Y,R,D,G,A,R,S,D,P,V,S,L,C,Y,T,P,-,-,A,L,R,S,P,P,S,N,L,A,L,A,S,E,S,P,S,S,L,R,V,S,W,T,P,P,S,G,H,V,L,R,Y,R,L,T,Y,V,L,A,S,G,S,G,S,E,K,S,I,S,V,P,G,P,S,S,H,V,T,L,P,D,L,L,A,A,T,K,Y,R,V,L,V,S,A,V,Y,G,A,G,E,S,M,P,V,S,A,T,G,Q,T,-,A,C,P,A,L,S,P,D,G,P,L,P,G,F,D,L,M,A,A,F,G,L,V,E,K,E,Y,A,S,I,R,G,V,A,M,E,R,A,A,F,S,C,A,R,T,F,T,L,F,K,D,A,Q,L,T,R,R,A,G,L,Q,L,A,A,E,Y,T,V,V,F,L,L,R,V,L,P,E,T,P,R,E,S,F,A,L,W,Q,M,T,A,E,D,F,Q,P,V,L,G,V,L,L,D,A,G,R,K,S,L,T,Y,F,N,H,D,P,R,A,T,L,Q,E,V,T,F,D,L,P,E,V,R,R,I,F,F,G,S,F,H,K,V,H,V,A,V,G,R,S,R,V,R,L,Y,V,D,C,R,K,V,A,E,R,P,I,G,E,A,G,S,P,P,A,A,G,F,V,M,L,G,R,L,A,K,A,R,G,P,R,S,S,S,A,T,F,Q,L,Q,M,L,Q,I,V,C,S,E,S,W,A,E,E,D,V,C,C,E,L,P,A,A,K,D,G,E,T,C,P,A,F,P,S,A,C,T,C,S,S,Q,T,P,G,P,P,G,P,Q,G,P,P,G,L,P,G,R,I,G,A,P,G,E,Q,G,F,P,G,P,R,-,-,-,-,-,-,-,-,-,-,-,-,-,-,-,-,-,-,-,-,-,-,-,-,-,-,-,-,-,-,-,-,G,P,P,G,V,K,G,E,K,G,D,H,G,L,P,G,L,Q,G,H,P,G,H,Q,G,A,P,G,K,V,G,L,Q,G,P,G,M,R,G,L,E,G,S,A,G,L,P,G,P,P,G,P,F,Q,G,T,A,G,A,R,G,T,G,G,E,R,G,P,P,G,A,V,G,P,G,L,P,G,P,K,G,E,R,G,E,K,-,-,-,-,-,-,-,-,-,-,-,-,-,-,-,-,-,-,-,-,-,-,-,-,-,-,-,-,-,-,-,-,-,-,-,-,-,-,-,-,-,-,-,-,-,-,-,-,-
Nomascus_leucogenys,C,L,W,L,W,L,G,A,T,L,G,R,Q,Q,A,S,G,L,L,R,L,S,V,L,P,E,D,R,L,Q,M,K,W,R,E,S,E,G,S,G,L,G,Y,L,V,Q,V,K,P,M,A,G,D,S,E,Q,E,V,I,L,T,T,K,T,P,K,A,T,V,G,G,L,S,P,S,K,G,Y,T,L,Q,I,F,E,L,T,G,S,G,R,L,L,L,A,R,R,E,F,V,I,E,D,L,K,S,S,S,L,D,R,S,S,Q,R,P,L,G,S,G,A,P,E,P,T,P,S,H,V,G,S,P,D,P,E,Q,A,S,E,P,R,V,A,S,A,P,S,Q,D,P,P,T,-,-,G,P,H,F,R,C,L,P,P,V,P,A,D,M,V,F,L,V,D,G,S,W,S,I,G,H,S,H,F,Q,Q,V,K,E,F,L,A,S,V,I,A,P,F,E,I,G,P,D,K,V,Q,V,G,L,T,Q,Y,S,G,D,A,Q,T,E,W,D,L,N,S,L,G,T,K,E,Q,V,L,A,A,V,R,R,L,R,Y,K,G,G,N,T,F,T,G,L,A,L,T,H,V,L,G,Q,N,L,Q,P,A,A,G,L,R,P,E,A,A,K,V,V,I,L,V,T,D,G,K,S,Q,D,D,V,H,T,A,A,R,V,L,K,D,L,G,V,N,V,F,A,V,G,V,K,N,A,D,E,A,E,L,R,L,L,A,S,P,P,R,D,I,T,V,H,N,V,L,D,F,L,Q,L,G,A,L,A,G,L,L,S,R,L,I,C,Q,M,L,Q,G,G,S,P,R,Q,-,A,V,A,P,A,L,D,T,L,P,A,P,T,S,L,V,L,S,Q,V,T,S,S,S,I,R,L,S,W,T,P,A,P,Q,L,P,L,K,Y,L,I,V,W,R,A,S,R,G,G,T,P,R,E,V,V,V,E,G,P,A,A,S,M,E,L,H,S,L,A,S,R,T,E,Y,L,V,S,V,F,P,V,Y,E,G,G,V,G,E,G,L,R,G,L,V,T,T,A,P,L,P,P,P,R,A,L,T,L,A,A,V,T,P,R,T,V,H,L,T,W,Q,P,S,A,G,A,T,R,Y,L,V,R,C,S,P,A,S,P,K,G,E,E,E,E,R,E,V,Q,V,G,R,P,E,V,L,L,D,G,L,E,P,G,R,D,Y,E,V,S,V,Q,S,L,R,G,P,E,G,S,E,A,R,G,I,R,A,R,T,P,A,L,A,P,L,R,H,L,G,F,S,D,V,S,H,N,T,A,R,V,F,W,E,G,A,P,R,P,V,R,L,V,R,V,T,Y,A,S,S,E,G,G,H,S,G,Q,T,E,A,P,G,N,A,T,S,A,T,L,G,P,L,S,S,S,T,T,Y,T,V,R,V,T,C,L,Y,P,G,G,G,S,S,T,L,T,G,R,V,T,T,K,K,A,P,S,P,S,Q,L,S,V,T,E,L,P,G,D,A,V,Q,L,A,W,V,A,A,A,P,S,G,V,L,V,Y,Q,I,K,W,T,P,L,G,E,G,K,A,R,E,I,S,V,P,G,N,L,G,T,A,I,L,P,G,L,G,R,H,T,E,Y,D,V,T,I,L,A,Y,Y,R,D,G,A,R,S,D,P,V,S,L,R,Y,T,P,S,T,V,S,R,S,P,P,S,N,L,A,L,A,S,E,T,P,D,S,L,Q,V,S,W,T,P,P,L,G,R,V,L,H,Y,W,L,T,Y,A,P,A,S,G,L,G,P,E,K,S,V,S,V,P,G,P,R,S,H,V,T,L,P,D,L,Q,A,A,T,K,Y,R,V,L,V,S,A,V,Y,A,A,G,R,S,E,A,V,S,A,T,G,Q,T,A,A,C,P,A,L,R,P,N,G,S,L,P,G,F,D,L,M,M,A,F,G,L,V,E,K,A,Y,A,S,I,R,G,V,A,M,E,P,S,A,F,G,G,T,P,T,F,T,L,F,K,D,A,Q,L,T,R,R,V,D,V,H,P,A,P,E,H,T,I,V,F,L,V,R,L,L,P,E,T,P,R,E,A,F,A,L,W,Q,M,T,A,E,D,F,Q,P,L,L,G,V,L,L,D,A,G,R,K,S,L,T,Y,F,H,R,D,P,R,A,A,L,Q,E,A,T,F,D,P,Q,E,V,R,K,I,F,F,G,S,F,H,K,V,H,V,A,V,G,R,S,K,V,R,L,Y,V,D,C,R,K,V,A,E,R,P,L,G,E,V,G,S,P,P,A,A,G,F,V,T,L,G,R,L,A,K,A,R,G,P,R,S,S,S,A,T,F,Q,L,Q,T,L,Q,I,V,C,S,D,T,W,A,D,E,D,R,C,C,E,L,P,A,S,K,D,G,E,T,C,P,A,F,V,S,A,C,S,C,S,S,E,T,P,G,P,P,G,P,Q,G,P,P,G,L,P,G,R,N,G,T,P,G,E,Q,G,F,P,G,P,R,G,E,P,G,P,P,G,Q,M,G,P,E,G,P,G,G,Q,Q,G,S,P,G,T,Q,G,R,T,V,Q,G,P,V,G,P,P,G,V,K,G,E,K,G,D,H,G,L,P,G,L,Q,G,H,P,G,H,Q,G,I,P,G,R,V,G,L,Q,G,P,G,M,R,G,L,E,G,T,A,G,L,P,G,P,P,G,P,F,Q,G,M,A,G,A,R,G,T,S,G,E,R,G,P,P,G,A,V,G,P,G,L,P,G,P,K,G,E,R,G,E,K,H,V,S,K,F,D,S,F,Y,E,N,T,R,P,P,M,P,I,L,E,Q,K,L,E,P,G,T,E,P,L,G,S,P,G,T,H,S,E,A,L,L,W,G,R,G,G,R,H,L
Ochotona_curzoniae,-,-,-,-,-,-,-,-,-,-,-,-,-,-,A,S,G,H,L,R,L,A,V,L,P,E,D,Q,L,Q,M,K,W,T,E,W,E,G,S,G,L,G,Y,L,V,Q,V,K,P,L,T,G,D,T,E,Q,E,V,M,L,T,T,K,-,-,-,A,T,V,G,G,L,G,P,S,K,R,Y,A,T,H,V,F,A,L,T,G,S,E,P,V,L,L,A,R,R,A,F,V,I,-,-,-,-,-,-,-,-,-,-,-,-,-,-,-,-,-,-,-,-,-,-,-,-,-,-,-,-,-,-,-,-,-,-,-,-,-,-,-,-,-,-,-,-,-,-,-,-,-,-,-,-,-,-,-,-,-,-,-,-,-,P,T,P,A,D,I,V,L,L,V,D,G,S,W,S,V,G,H,T,H,F,Q,Q,V,K,A,F,L,A,S,V,I,A,P,F,D,I,G,P,E,K,V,Q,I,G,L,T,R,Y,S,G,D,P,R,T,E,R,N,L,K,S,F,G,S,Q,E,Q,V,Q,A,A,M,R,G,L,H,Y,K,S,G,N,T,F,T,G,L,A,L,A,Q,L,L,D,H,N,L,-,P,E,A,G,L,S,P,E,A,A,T,V,V,L,L,V,M,D,G,K,S,Q,D,D,V,R,E,A,V,R,T,L,R,D,R,H,I,A,V,F,T,V,G,M,K,N,A,D,E,S,E,L,K,L,L,A,S,P,P,V,D,V,S,V,H,S,V,L,D,F,P,Q,L,G,T,L,T,G,L,L,S,W,L,I,C,Q,Q,V,Q,G,R,-,-,-,-,-,-,-,A,P,P,L,D,P,F,P,G,P,T,G,L,V,L,T,Q,V,T,S,S,S,A,H,V,S,L,S,P,A,A,Q,P,P,L,K,Y,R,I,L,W,R,P,A,R,G,G,A,P,R,E,V,T,V,E,G,S,A,S,A,A,E,L,S,S,L,R,P,G,T,N,Y,M,V,S,V,L,P,V,Y,E,G,R,A,G,R,G,L,R,G,Q,V,T,T,-,-,-,-,-,-,-,-,-,-,-,-,-,-,-,-,-,-,-,-,-,-,-,-,-,-,-,-,-,-,-,-,-,-,-,-,-,-,-,-,-,-,-,-,-,-,-,-,-,-,-,-,-,-,-,-,-,-,-,-,-,-,-,-,-,-,-,-,-,-,-,-,-,-,-,-,-,-,-,-,-,-,-,-,-,-,-,-,-,-,-,A,V,A,P,T,R,P,L,G,F,S,E,V,T,H,D,S,A,C,V,S,-,E,S,P,P,R,P,L,H,L,V,R,V,S,Y,I,S,R,D,A,G,H,V,G,Q,V,E,V,P,E,N,T,T,S,A,T,L,G,P,L,A,S,S,T,T,Y,S,D,H,V,T,Y,L,Y,-,R,G,S,S,S,K,L,T,G,H,V,A,T,R,K,A,P,R,P,S,Q,L,A,V,T,E,L,S,G,G,A,V,R,L,S,W,V,A,A,A,-,-,-,-,-,-,-,-,-,-,W,T,P,L,A,R,G,Q,A,H,E,L,S,V,P,G,T,V,S,T,A,V,L,R,S,L,G,R,H,M,E,-,-,-,-,-,-,-,-,-,-,-,-,-,-,S,E,P,V,S,L,R,Y,T,P,-,-,-,-,-,-,P,P,A,R,L,A,L,V,S,E,T,P,G,S,L,W,V,S,W,S,P,P,R,G,H,V,L,R,Y,Q,L,L,Y,V,P,A,S,R,S,G,P,E,L,S,V,S,V,P,G,Y,W,S,H,V,T,L,P,K,L,L,A,T,T,T,Y,R,-,L,V,L,A,V,Y,T,T,G,E,S,V,A,V,S,A,T,G,R,T,-,-,-,-,-,-,-,-,-,-,-,-,-,-,-,-,-,-,-,-,-,-,-,-,-,-,-,-,-,-,-,-,-,-,-,-,-,-,-,-,-,-,-,-,-,-,-,-,-,-,-,-,-,-,-,-,-,-,-,-,-,-,-,-,-,-,-,-,-,-,-,-,-,-,-,-,-,-,-,-,-,-,-,-,-,-,-,-,-,-,-,-,-,-,-,-,-,-,-,-,-,-,-,-,-,-,-,-,-,-,-,-,-,-,-,-,-,-,-,-,-,-,-,-,-,-,-,-,-,-,-,-,-,-,-,-,-,-,-,-,V,H,V,A,V,S,R,S,R,V,R,L,Y,V,D,C,Q,Q,V,A,E,K,P,P,G,E,A,R,S,P,P,A,H,G,F,V,I,L,G,R,L,A,S,A,Q,G,S,E,N,N,S,A,P,F,Q,L,Q,A,L,Q,V,T,C,S,E,T,W,P,K,E,D,Q,-,C,E,L,P,A,M,S,S,R,Q,S,C,P,A,F,P,-,-,A,T,C,A,F,Q,S,L,G,P,P,G,P,Q,E,P,P,G,-,-,-,-,-,-,-,-,-,K,S,G,L,P,G,-,-,-,-,-,-,-,-,-,Q,T,G,P,E,G,L,G,G,Q,Q,G,S,S,G,T,Q,G,R,P,I,Q,G,P,V,G,P,P,G,I,K,G,E,K,G,D,P,G,L,P,G,L,Q,G,Q,P,G,H,Q,G,-,P,G,R,V,G,L,Q,G,P,G,M,R,G,L,E,G,T,A,G,S,P,G,P,P,G,P,F,Q,G,S,A,G,A,R,G,S,L,G,E,C,G,-,P,G,A,V,G,P,G,L,P,G,P,K,R,E,R,G,E,K,H,L,R,G,L,N,V,F,H,K,E,A,R,P,P,V,P,I,L,E,E,-,-,-,-,-,-,-,-,-,-,-,-,-,-,-,-,-,-,-,-,-,-,-,-,-,-,-,-
Ochotona_princeps,-,-,-,-,-,-,-,-,-,-,-,-,-,-,-,-,-,-,-,-,-,-,-,-,-,-,-,-,-,-,-,-,-,-,-,-,-,-,-,-,-,-,-,-,-,-,-,-,-,-,-,-,-,-,-,-,-,-,-,-,-,-,-,-,-,-,-,-,-,-,-,-,-,-,-,-,-,-,-,-,-,-,-,-,-,-,-,-,-,-,-,-,-,-,-,-,-,-,-,-,-,-,-,-,-,-,-,-,-,-,-,-,-,-,-,-,-,-,-,-,-,-,-,-,-,-,-,-,-,-,-,-,-,-,-,-,-,-,-,-,-,-,-,-,-,-,-,-,-,-,-,-,-,-,-,-,-,-,-,-,-,-,-,-,-,-,-,-,-,-,-,-,-,-,-,-,-,-,-,-,-,-,-,-,-,-,-,-,-,-,-,-,-,-,-,-,-,-,-,-,-,-,-,-,-,-,-,-,-,-,-,-,-,-,-,-,-,-,-,-,-,-,-,-,-,-,-,-,-,-,-,-,-,-,-,-,-,-,-,-,-,-,-,-,-,-,-,-,-,-,-,-,-,-,-,-,-,-,-,-,-,-,-,-,-,-,-,-,-,-,-,-,-,-,-,-,-,-,-,-,-,-,-,-,-,-,-,-,-,-,-,-,-,-,-,-,-,-,-,-,-,-,-,-,-,-,-,-,-,-,-,-,-,-,-,-,-,-,-,-,-,-,-,-,-,-,-,-,-,-,-,-,-,-,-,-,-,-,-,-,-,-,-,-,-,-,-,-,-,-,-,-,-,-,-,-,-,-,-,-,-,-,-,-,-,-,-,-,-,-,-,-,-,-,-,-,-,-,-,-,-,-,-,-,-,-,-,-,-,-,-,-,-,-,-,-,-,-,-,-,-,-,-,-,-,-,-,-,-,-,-,-,-,-,-,-,-,-,-,-,-,-,-,-,-,-,-,-,-,-,-,-,-,-,-,-,-,-,-,-,-,-,-,-,-,-,-,-,-,-,-,-,-,-,-,-,-,-,-,-,-,-,-,-,-,-,-,-,-,-,-,-,-,-,-,-,-,-,-,-,-,-,-,-,-,-,-,-,-,-,-,-,-,-,-,-,-,-,-,-,-,-,-,-,-,-,-,-,-,-,-,-,-,-,-,-,-,-,-,-,-,-,-,-,-,-,-,-,-,-,-,-,-,-,-,-,-,-,-,-,-,-,-,-,-,-,-,-,-,-,-,-,-,-,-,-,-,-,-,-,-,-,-,-,-,-,-,-,-,-,-,-,-,-,-,-,-,-,-,-,-,-,-,-,-,-,-,-,-,-,-,-,-,-,-,-,-,-,-,-,-,-,-,-,-,-,-,-,-,-,-,-,-,-,-,-,-,-,-,-,-,-,-,-,-,-,-,-,-,-,-,-,-,-,-,-,-,-,-,-,-,-,-,-,-,-,-,-,-,-,-,-,-,-,-,-,-,-,-,-,-,-,-,-,-,-,-,-,-,-,-,-,-,-,-,-,-,-,-,-,-,-,-,-,-,-,-,-,-,-,-,-,-,-,-,-,-,-,-,-,-,-,-,-,-,-,-,-,-,-,-,-,-,-,-,-,-,-,-,-,-,-,-,-,-,-,-,-,-,-,-,-,-,-,-,-,-,-,-,-,-,-,-,-,-,-,-,-,-,-,-,-,-,-,-,-,-,-,-,-,-,-,-,-,-,-,-,-,-,-,-,-,-,-,-,-,-,-,-,-,-,-,-,-,-,-,-,-,-,-,-,-,-,-,-,-,-,-,-,-,-,-,-,-,-,-,-,-,-,-,-,-,-,-,-,-,-,-,-,-,-,-,-,-,-,-,-,-,-,-,-,-,-,-,-,-,-,-,-,-,-,-,-,-,-,-,-,-,-,-,-,-,-,-,-,-,-,-,-,-,-,-,-,-,-,-,-,-,-,-,-,-,-,-,-,-,-,-,-,-,-,-,-,-,-,-,-,-,-,-,-,-,-,-,-,-,-,-,-,-,-,-,-,-,-,-,-,-,-,-,-,-,-,-,-,-,-,-,-,-,-,-,-,-,-,-,-,-,-,-,-,-,-,-,-,-,-,-,-,-,-,-,-,-,-,-,-,-,-,-,-,-,-,-,-,-,-,-,-,-,-,-,-,-,-,-,-,-,-,-,-,-,-,-,-,-,-,-,-,-,-,-,-,-,-,-,-,-,-,-,-,-,-,-,-,-,-,-,-,-,-,-,-,-,-,-,-,-,-,-,-,-,-,-,-,-,-,-,-,-,-,-,-,-,-,-,-,-,-,-,-,-,-,-,-,-,-,-,-,-,-,-,-,-,-,-,-,-,-,-,-,-,-,-,-,-,-,-,-,-,-,-,-,-,-,-,-,-,-,-,-,-,-,-,-,-,-,-,-,-,-,-,-,-,-,-,-,-,-,-,-,-,-,-,-,-,-,-,-,-,-,-,-,-,-,-,-,-,-,-,-,-,-,-,-,-,-,-,-,-,-,-,-,-,-,-,-,-,-,-,-,-,-,-,-,-,-,-,-,-,-,-,-,-,-,-,-,-,-,-,-,-,-,-,-,-,-,-,-,-,-,-,-,-,-,-,-,-,-,-,-,-,-,-,-,-,-,-,-,-,-,-,-,-,-,-,-,-,-,-,-,-,-,-,-,-,-,-,-,-,-,-,-,-,-,-,-,-,-,-,-,-,-,-,-,-,-,-,-,-,-,-,-,-,-,-,-,-,-,-,-,-,-,-,-,-,-,-,-,-,-,-,-,-,-,-,-,-
Octodon_degus,C,L,W,L,W,L,G,T,L,L,A,H,G,Q,A,A,G,R,L,R,L,V,V,L,P,E,D,R,L,Q,M,K,W,R,E,S,R,G,A,G,L,G,Y,L,V,Q,V,K,P,M,A,G,D,S,E,Q,E,V,M,L,T,T,K,T,P,K,A,T,V,G,G,L,S,P,S,K,G,Y,T,L,Q,I,F,T,L,T,G,S,R,P,I,L,L,A,R,R,E,F,M,I,E,A,L,K,S,N,P,L,G,R,S,G,Q,G,S,P,G,A,-,A,L,K,P,A,P,S,H,V,V,D,P,D,P,K,K,T,P,E,H,R,V,T,F,V,P,S,Q,E,P,P,T,L,-,-,-,-,F,H,C,T,P,P,V,P,T,D,M,I,F,L,V,D,R,S,R,S,I,G,H,S,H,F,Q,L,V,K,D,F,L,A,S,V,I,S,P,F,E,I,G,P,D,Q,V,Q,V,G,L,T,Q,Y,S,G,D,P,Q,T,E,W,D,L,N,S,F,H,T,R,E,E,V,L,A,A,V,R,S,L,R,Y,K,G,G,N,T,F,T,G,L,A,L,S,H,V,L,G,Q,N,L,K,P,A,A,G,L,R,P,E,A,A,H,L,V,V,L,V,T,D,G,K,S,Q,D,D,V,H,T,A,A,C,T,L,K,G,L,G,I,E,V,F,T,V,G,V,K,N,A,D,E,A,E,L,K,L,L,A,S,Q,P,Q,D,I,T,V,H,S,V,L,D,F,P,Q,L,A,T,L,A,G,L,L,S,R,L,I,C,Q,K,I,Q,G,W,S,L,S,R,A,P,A,A,P,T,V,D,T,F,P,A,P,S,S,L,V,L,S,Q,V,T,S,S,S,I,H,L,S,W,T,P,A,P,Q,Q,P,L,K,Y,L,I,T,W,R,L,S,R,G,G,A,H,Q,E,V,V,V,E,G,S,A,V,S,A,E,L,Q,N,L,T,S,S,T,E,Y,L,V,S,V,L,P,V,H,V,G,G,V,S,E,G,L,Q,G,L,A,T,T,A,P,L,S,P,P,R,A,L,T,L,A,A,V,T,P,R,T,L,H,L,T,W,Q,P,S,A,G,A,T,Q,Y,L,V,R,C,L,P,A,F,P,K,G,E,E,E,G,R,E,V,Q,V,G,Q,S,E,V,L,L,D,G,L,E,P,G,R,S,Y,E,V,S,V,Q,S,L,R,G,P,E,A,S,E,A,Q,G,I,R,A,R,T,P,A,L,A,T,P,R,H,L,R,F,L,D,V,S,H,D,S,A,R,V,I,W,E,G,T,P,R,R,T,H,L,V,R,V,S,Y,V,S,S,D,G,G,H,S,G,K,K,E,A,P,G,N,A,S,S,A,T,L,G,P,L,S,S,S,T,T,Y,T,V,C,V,T,S,L,H,L,G,G,G,S,S,T,L,T,G,H,V,T,T,K,Q,A,P,S,P,S,Q,L,S,V,T,E,L,P,G,D,S,V,R,L,T,W,V,A,A,A,P,S,G,V,L,V,Y,Q,I,K,W,T,P,L,G,E,G,K,A,C,E,V,S,-,-,-,-,L,S,T,A,V,L,S,G,L,G,R,H,A,E,Y,E,I,T,V,L,A,Y,F,R,D,G,A,R,S,K,P,V,S,L,C,Y,S,P,S,A,A,S,R,S,P,P,S,G,L,A,L,S,S,E,T,P,N,S,L,Q,V,S,W,T,P,P,S,G,H,V,L,H,Y,R,L,A,Y,A,P,A,S,G,S,G,P,E,K,S,V,S,V,P,G,P,R,N,H,A,I,L,P,D,L,L,A,T,T,K,Y,R,V,L,V,S,A,V,Y,G,A,T,E,S,E,A,V,S,A,T,G,R,T,A,A,F,P,A,L,H,W,N,G,S,L,P,G,F,D,L,M,V,A,F,G,L,V,Q,K,E,Y,A,S,I,R,G,V,A,M,E,P,S,A,W,G,L,T,P,T,F,T,L,F,K,D,A,Q,L,T,R,R,A,D,I,Y,P,A,A,E,H,T,I,V,F,L,L,R,L,L,P,E,T,P,R,E,A,F,A,L,W,Q,L,T,S,E,D,F,Q,P,V,L,G,V,L,L,D,A,G,R,R,S,L,T,Y,F,H,Q,D,P,R,A,A,L,Q,E,V,T,F,D,L,Q,E,V,K,K,I,F,F,G,S,F,H,K,V,H,V,A,V,G,R,S,K,V,R,L,Y,V,D,C,R,K,V,A,E,R,L,T,G,E,A,G,S,S,L,V,S,G,F,V,T,L,G,R,L,A,K,A,R,G,P,R,S,S,S,A,A,F,Q,L,Q,M,L,Q,I,L,C,S,D,T,W,A,D,E,D,R,C,C,E,L,P,A,S,S,D,K,E,T,C,L,A,F,S,S,T,C,P,C,S,P,D,T,A,G,P,P,G,P,Q,G,P,P,G,L,P,G,S,K,G,A,P,G,Q,Q,G,L,P,G,P,K,G,E,P,G,P,P,G,Q,I,G,S,E,G,S,G,G,Q,Q,G,S,P,G,T,Q,G,H,V,I,Q,G,P,V,G,P,P,G,V,K,G,E,K,G,D,H,G,L,P,G,L,Q,G,Q,P,G,Q,Q,G,S,A,G,R,V,G,F,Q,G,P,G,M,R,G,L,E,G,P,A,G,L,P,G,L,P,G,P,F,Q,G,L,T,G,A,R,G,T,S,G,E,R,G,P,P,G,A,V,G,P,G,L,P,G,P,K,G,E,R,G,E,K,H,M,L,K,L,D,S,F,H,E,N,T,R,P,P,M,P,I,L,V,E,T,-,E,P,G,R,P,P,L,G,T,P,N,L,Q,S,K,A,S,I,Q,R,R,G,D,Q,R,P
Ovis_aries,-,-,-,-,-,-,-,-,-,-,-,-,-,-,-,-,-,-,-,-,-,-,-,-,-,-,-,-,-,-,-,-,-,-,-,-,-,-,-,-,-,-,-,-,-,-,-,-,-,-,-,-,-,-,-,-,-,-,-,-,-,-,-,-,-,-,-,-,-,-,-,-,-,-,-,-,-,-,-,-,-,-,-,-,-,-,-,-,-,-,-,-,-,-,-,-,-,-,-,-,-,-,-,-,-,-,-,-,-,-,-,-,-,-,-,-,-,-,-,-,-,-,-,-,-,-,-,-,-,-,-,-,-,-,-,-,-,-,-,-,-,-,-,-,-,-,-,-,-,-,-,-,-,-,-,-,-,-,-,-,-,-,-,-,-,-,-,-,-,-,-,-,-,-,-,-,-,-,-,-,-,-,-,-,-,-,-,-,-,-,-,-,-,-,-,-,-,-,-,-,-,-,-,-,-,-,-,-,-,-,-,-,-,-,-,-,-,-,-,-,-,-,-,-,-,-,-,-,-,-,-,-,-,-,-,-,-,-,-,-,-,-,-,-,-,-,-,-,-,-,-,-,-,-,-,-,-,-,-,-,-,-,-,-,-,-,-,-,-,-,-,-,-,-,-,-,-,-,-,-,-,-,-,-,-,-,-,-,-,-,-,-,-,-,-,-,-,-,-,-,-,-,-,-,-,-,-,-,-,-,-,-,-,-,-,-,-,-,-,-,-,-,-,-,-,-,-,-,-,-,-,-,-,-,-,-,-,-,-,-,-,-,-,-,-,-,-,-,-,-,-,-,-,-,-,-,-,-,-,-,-,-,-,-,-,-,-,-,-,-,-,-,-,-,-,-,-,-,-,-,-,-,-,-,-,-,-,-,-,-,-,-,-,-,-,-,-,-,-,-,-,-,-,-,-,-,-,-,-,-,-,-,-,-,-,-,-,-,-,-,-,-,-,-,-,-,-,-,-,-,-,-,-,-,-,-,-,-,-,-,-,-,-,-,-,-,-,-,-,-,-,-,-,-,-,-,-,-,-,-,-,-,-,-,-,-,-,-,-,-,-,-,-,-,-,-,-,-,-,-,-,-,-,-,-,-,-,-,-,-,-,-,-,-,-,-,-,-,-,-,-,-,-,-,-,-,-,-,-,-,-,-,-,-,-,-,-,-,-,-,-,-,-,-,-,-,-,-,-,-,-,-,-,-,-,-,-,-,-,-,-,-,-,-,-,-,-,-,-,-,-,-,-,-,-,-,-,-,-,-,-,-,-,-,-,-,-,-,-,-,-,-,-,-,-,-,-,-,-,-,-,-,-,-,-,-,-,-,-,-,-,-,-,-,-,-,-,-,-,-,-,-,-,-,-,-,-,-,-,-,-,-,-,-,-,-,-,-,-,-,-,-,-,-,-,-,-,-,-,-,-,-,-,-,-,-,-,-,-,-,-,-,-,-,-,-,-,-,-,-,-,-,-,-,-,-,-,-,-,-,-,-,-,-,-,-,-,-,-,-,-,-,-,-,-,-,-,-,-,-,-,-,-,-,-,-,-,-,-,-,-,-,-,-,-,-,-,-,-,-,-,-,-,-,-,-,-,-,-,-,-,-,-,-,-,-,-,-,-,-,-,-,-,-,-,-,-,-,-,-,-,-,-,-,-,-,-,-,-,-,-,-,-,-,-,-,-,-,-,-,-,-,-,-,-,-,-,-,-,-,-,-,-,-,-,-,-,-,-,-,-,-,-,-,-,-,-,-,-,-,-,-,-,-,-,-,-,-,-,-,-,-,-,-,-,-,-,-,-,-,-,-,-,-,-,-,-,-,-,-,-,-,-,-,-,-,-,-,-,-,-,-,-,-,-,-,-,-,-,-,-,-,-,-,-,-,-,-,-,-,-,-,-,-,-,-,-,-,-,-,-,-,-,-,-,-,-,-,-,-,-,-,-,-,-,-,-,-,-,-,-,-,-,-,-,-,-,-,-,-,-,-,-,-,-,-,-,-,-,-,-,-,-,-,-,-,-,-,-,-,-,-,-,-,-,-,-,-,-,-,-,-,-,-,-,-,-,-,-,-,-,-,-,-,-,-,-,-,-,-,-,-,-,-,-,-,-,-,-,-,-,-,-,-,-,-,-,-,-,-,-,-,-,-,-,-,-,-,-,-,-,-,-,-,-,-,-,-,-,-,-,-,-,-,-,-,-,-,-,-,-,-,-,-,-,-,-,-,-,-,-,-,-,-,-,-,-,-,-,-,-,-,-,-,-,-,-,-,-,-,-,-,-,-,-,-,-,-,-,-,-,-,-,-,-,-,-,-,-,-,-,-,-,-,-,-,-,-,-,-,-,-,-,-,-,-,-,-,-,-,-,-,-,-,-,-,-,-,-,-,-,-,-,-,-,-,-,-,-,-,-,-,-,-,-,-,-,-,-,-,-,-,-,-,-,-,-,-,-,-,-,-,-,-,-,-,-,-,-,-,-,-,-,-,-,-,-,-,-,-,-,-,-,-,-,-,-,-,-,-,-,-,-,-,-,-,-,-,-,-,-,-,-,-,-,-,-,-,-,-,-,-,-,-,-,-,-,-,-,-,-,-,-,-,-,-,-,-,-,-,-,-,-,-,-,-,-,-,-,-,-,-,-,-,-,-,-,-,-,-,-,-,-,-,-,-,-,-,-,-,-,-,-,-,-,-,-,-,-,-,-,-,-,-,-,-,-,-,-,-,-,-,-,-,-,-,-,-,-,-,-,-,-,-,-,-,-,-,-,-,-,-,-,-,-,-,-,-,-,-,-,-,-,-,-,-,-,-
Pan_paniscus,C,L,W,L,W,L,G,A,T,L,G,R,E,Q,A,S,G,L,L,R,L,S,V,L,P,E,D,R,L,Q,M,K,W,R,E,S,E,G,S,G,L,G,Y,L,V,Q,V,K,P,M,A,G,D,S,E,Q,E,V,I,L,T,T,K,T,P,K,A,T,V,G,G,L,S,P,S,K,G,Y,T,L,Q,I,F,E,L,T,G,S,G,R,F,L,L,A,R,R,E,F,V,I,E,D,L,K,S,S,S,L,D,R,S,S,Q,R,P,L,G,S,G,A,P,E,P,T,P,S,H,M,G,S,P,D,P,E,Q,A,S,E,P,Q,V,A,F,T,P,S,Q,D,P,P,T,-,-,G,P,Q,F,R,C,L,P,P,V,P,A,D,M,V,F,L,V,D,G,S,W,S,I,G,H,S,H,F,Q,Q,V,K,D,F,L,A,S,V,I,A,P,F,E,I,G,P,D,K,V,Q,V,G,L,T,Q,Y,S,G,D,A,Q,T,E,W,D,L,N,S,L,S,T,K,E,Q,V,L,A,A,V,R,R,L,R,Y,K,G,G,N,T,F,T,G,L,A,L,T,H,V,L,G,Q,N,L,Q,P,V,A,G,L,R,P,E,A,A,K,V,V,I,L,V,T,D,G,K,S,Q,D,D,V,H,T,A,A,R,V,L,K,D,L,G,V,N,V,F,A,V,G,V,K,N,A,D,E,A,E,L,R,L,L,A,S,P,P,R,D,I,T,V,H,S,V,L,D,F,L,Q,L,G,T,L,A,G,L,L,S,R,L,I,C,Q,R,L,Q,G,G,S,P,R,Q,A,A,A,A,P,A,L,D,T,L,P,A,P,T,S,L,V,L,S,Q,V,T,S,S,S,I,R,L,S,W,T,P,A,P,R,H,P,L,K,Y,L,I,V,W,R,A,S,R,G,G,T,P,R,E,V,V,V,E,G,P,A,A,S,T,E,L,H,N,L,A,S,R,T,E,Y,L,V,S,V,F,P,I,Y,E,G,G,V,G,E,G,L,R,G,L,V,T,T,A,P,L,P,P,P,R,A,L,T,L,A,A,V,T,P,R,T,I,H,L,T,W,Q,P,S,A,G,A,T,H,Y,L,V,R,C,S,P,A,S,P,K,G,E,E,E,E,R,E,V,Q,V,G,R,P,E,V,L,L,D,G,L,E,P,G,R,D,Y,E,V,S,V,Q,S,L,R,G,P,E,G,S,E,A,R,G,I,H,A,R,T,P,A,L,A,P,P,R,H,L,G,F,S,D,V,S,H,D,A,A,R,V,F,W,E,G,A,P,R,P,V,R,L,V,R,V,T,Y,V,S,S,E,G,G,H,S,G,Q,T,E,A,P,G,N,A,T,S,A,T,L,G,P,L,S,S,S,T,T,Y,T,V,R,V,T,C,L,Y,P,G,G,G,S,S,T,L,T,G,R,V,T,T,K,K,A,P,S,P,S,Q,L,S,V,T,E,L,P,G,D,T,V,Q,L,A,W,V,A,A,A,P,S,G,V,L,V,Y,Q,I,T,W,T,P,L,G,E,G,K,A,H,E,I,S,V,P,G,N,L,G,T,A,V,L,P,G,L,G,R,H,T,E,Y,N,V,T,I,L,A,Y,Y,R,D,G,A,R,S,D,P,V,S,L,R,Y,T,P,S,T,V,S,R,S,P,P,S,N,L,A,L,A,S,E,T,P,D,S,L,Q,V,S,W,T,P,P,L,G,H,V,L,H,Y,W,L,T,Y,A,P,A,S,G,L,G,P,E,K,S,V,S,V,P,A,P,R,S,H,V,T,L,P,D,L,Q,A,A,T,K,Y,R,V,L,L,S,A,I,Y,A,A,G,R,S,E,A,V,S,A,M,G,Q,T,-,A,C,P,A,L,R,P,D,G,S,L,P,G,F,D,L,M,V,A,F,S,L,V,E,K,A,Y,A,S,I,R,G,V,A,M,E,P,S,A,F,G,G,T,P,T,F,T,L,F,K,D,A,Q,L,T,R,R,V,D,V,L,P,A,P,E,H,T,I,V,F,L,L,R,L,L,P,E,T,P,R,E,A,F,A,L,W,Q,M,T,A,E,D,F,Q,P,L,L,G,V,L,L,D,A,G,R,K,S,L,T,Y,F,H,R,D,P,R,A,A,L,Q,E,A,T,F,D,P,Q,E,V,R,K,I,F,F,G,S,F,H,K,V,H,V,A,V,G,R,S,K,V,R,L,Y,V,D,C,R,K,V,A,E,R,P,L,G,E,M,G,S,P,P,A,A,G,F,V,T,L,G,R,L,A,K,A,R,G,P,R,S,S,S,A,A,F,Q,L,Q,M,L,Q,I,V,C,S,D,T,W,A,D,E,D,R,C,C,E,L,P,A,S,R,D,G,E,T,C,P,A,F,V,S,A,C,S,C,S,S,E,T,P,G,P,P,G,P,Q,G,P,P,G,L,P,G,R,N,G,T,P,G,E,Q,G,F,P,G,P,R,G,E,P,G,P,P,G,Q,M,G,P,E,G,P,G,G,Q,Q,G,S,P,G,T,Q,G,R,A,V,Q,G,P,V,G,P,P,G,V,K,G,E,K,G,D,H,G,L,P,G,L,Q,G,H,P,G,H,Q,G,I,P,G,R,V,G,L,Q,G,P,G,M,R,G,L,E,G,T,A,G,L,P,G,P,P,G,P,F,Q,G,M,A,G,A,R,G,T,S,G,E,R,G,P,P,G,T,V,G,P,G,L,P,G,P,K,G,E,R,G,E,K,H,V,S,K,F,D,S,F,H,K,N,T,R,P,P,M,P,I,L,E,Q,K,L,E,P,G,T,E,P,L,G,S,P,G,T,R,S,K,A,L,V,W,G,R,G,G,R,H,L
Pan_troglodytes,C,L,W,L,W,L,G,A,T,L,G,R,E,Q,A,S,G,L,L,R,L,S,V,L,P,E,D,R,L,Q,M,K,W,R,E,S,E,G,S,G,L,G,Y,L,V,Q,V,K,P,M,A,G,D,S,E,Q,E,V,I,L,T,T,K,T,P,K,A,T,V,G,G,L,S,P,S,K,G,Y,T,L,Q,I,F,E,L,T,G,S,G,R,F,L,L,A,R,R,E,F,V,I,E,D,L,K,S,S,S,L,D,R,S,S,Q,R,P,L,G,S,G,A,P,E,P,T,P,S,H,M,G,S,P,D,P,E,Q,A,S,E,P,Q,V,A,F,T,P,S,Q,D,P,P,T,-,-,G,P,Q,F,R,C,L,P,P,V,P,A,D,M,V,F,L,V,D,G,S,W,S,I,G,H,S,H,F,Q,Q,V,K,D,F,L,A,S,V,I,A,P,F,E,I,G,P,D,K,V,Q,V,G,L,T,Q,Y,S,G,D,A,Q,T,E,W,D,L,N,S,L,S,T,K,E,Q,V,L,A,A,V,R,R,L,R,Y,K,G,G,N,T,F,T,G,L,A,L,T,H,V,L,G,Q,N,L,Q,P,V,A,G,L,R,P,E,A,A,K,V,V,I,L,V,T,D,G,K,S,Q,D,D,V,H,T,A,A,R,V,L,K,D,L,G,V,N,V,F,A,V,G,V,K,N,A,D,E,A,E,L,R,L,L,A,S,P,P,R,D,I,T,V,H,S,V,L,D,F,L,Q,L,G,T,L,A,G,L,L,S,R,L,I,C,Q,R,L,Q,G,G,S,P,R,Q,A,A,A,A,P,A,L,D,T,L,P,A,P,T,S,L,V,L,S,Q,V,T,S,S,S,I,R,L,S,W,T,P,A,P,R,H,P,L,K,Y,L,I,V,W,R,A,S,R,G,G,T,P,R,E,V,V,V,E,G,P,A,A,S,T,E,L,H,N,L,A,S,R,T,E,Y,L,V,S,V,F,P,I,Y,E,G,G,V,G,E,G,L,R,G,L,V,T,T,A,P,L,P,P,P,R,A,L,T,L,A,A,V,T,P,R,T,I,H,L,T,W,Q,P,S,A,G,A,T,H,Y,L,V,R,C,S,P,A,S,P,K,G,E,E,E,E,R,E,V,Q,V,G,R,P,E,V,L,L,D,G,L,E,P,G,R,D,Y,E,V,S,V,Q,S,L,R,G,P,E,G,S,E,A,R,G,I,H,A,R,T,P,A,L,A,P,P,R,H,L,G,F,S,D,V,S,H,D,A,A,R,V,F,W,E,G,A,P,R,P,V,R,L,V,R,V,T,Y,V,S,S,E,G,G,H,S,G,Q,T,E,A,P,G,N,A,T,S,A,T,L,G,P,L,S,S,S,T,T,Y,T,V,R,V,T,C,L,Y,P,G,G,G,S,S,T,L,T,G,R,V,T,T,K,K,A,P,S,P,S,Q,L,S,V,T,E,L,P,G,D,A,V,Q,L,A,W,V,A,A,A,P,S,G,V,L,V,Y,Q,I,T,W,T,P,L,G,E,G,K,A,H,E,I,S,V,P,G,N,L,G,T,A,V,L,P,G,L,G,R,H,T,E,Y,N,V,T,I,L,A,Y,Y,R,D,G,A,R,S,D,P,V,S,L,R,Y,T,P,S,T,V,S,R,S,P,P,S,N,L,A,L,A,S,E,T,P,D,S,L,Q,V,S,W,T,P,P,L,G,H,V,L,H,Y,W,L,T,Y,A,P,A,S,G,L,G,P,E,K,S,V,S,V,P,A,P,R,S,H,V,T,L,P,D,L,Q,A,A,T,K,Y,R,V,L,L,S,A,I,Y,A,A,G,R,S,E,A,V,S,A,M,G,Q,T,A,A,C,P,A,L,R,P,D,G,S,L,P,G,F,D,L,M,V,A,F,S,L,V,E,K,A,Y,A,S,I,R,G,V,A,M,E,P,S,A,F,G,G,T,P,T,F,T,L,F,K,D,A,Q,L,T,R,R,V,D,V,L,P,A,P,E,H,T,I,V,F,L,L,R,L,L,P,E,T,P,R,E,A,F,A,L,W,Q,M,T,A,E,D,F,Q,P,L,L,G,V,L,L,D,A,G,R,K,S,L,T,Y,F,H,R,D,P,R,A,A,L,Q,E,A,T,F,D,P,Q,E,V,R,K,I,F,F,G,S,F,H,K,V,H,V,A,V,G,R,S,K,V,R,L,Y,V,D,C,R,K,V,A,E,R,P,L,G,E,M,S,S,P,P,A,A,G,F,V,T,L,G,R,L,A,K,A,R,G,P,R,S,S,S,A,V,F,Q,L,Q,M,L,Q,I,V,C,S,D,T,W,A,D,E,D,R,C,C,E,L,P,A,S,R,D,G,E,T,C,P,A,F,V,S,A,C,S,C,S,S,E,T,P,G,P,P,G,P,Q,G,P,P,G,L,P,G,R,N,G,T,P,G,E,Q,G,F,P,G,P,R,G,E,P,G,P,P,G,Q,M,G,P,E,G,P,G,G,Q,Q,G,S,P,G,T,Q,G,R,A,V,Q,G,P,V,G,P,P,G,V,K,G,E,K,G,D,H,G,L,P,G,L,Q,G,H,P,G,H,Q,G,I,P,G,R,V,G,L,Q,G,P,G,M,R,G,L,E,G,T,A,G,L,P,G,P,P,G,P,F,Q,G,M,A,G,A,R,G,T,S,G,E,R,G,P,P,G,T,V,G,P,G,L,P,G,P,K,G,E,R,G,E,K,H,V,S,K,F,D,S,F,H,K,N,T,R,P,P,M,P,I,L,E,Q,K,L,E,P,G,T,E,P,L,G,S,P,G,T,R,S,K,A,L,V,W,G,R,G,G,R,H,L
Panthera_tigris_altaica,-,-,-,-,-,-,-,-,-,-,-,-,-,-,-,-,-,-,-,-,-,-,-,-,-,-,-,-,-,-,-,-,-,-,-,-,-,-,-,-,-,-,-,-,-,-,-,-,-,-,-,-,-,-,-,-,-,-,-,-,-,-,-,-,-,-,-,-,-,-,-,-,-,-,-,-,-,-,-,-,-,-,-,-,-,-,-,-,-,-,-,-,-,-,-,-,-,-,-,-,-,-,-,-,-,-,-,-,-,-,-,-,-,-,-,-,-,-,-,-,-,-,-,-,-,-,-,-,-,-,-,-,-,-,-,-,-,-,-,-,-,-,-,-,-,-,-,-,-,-,-,-,-,-,-,-,-,-,-,-,-,-,-,-,-,-,-,-,-,-,-,-,-,-,-,-,-,-,-,-,-,-,-,-,-,-,-,-,-,-,-,-,-,-,-,-,-,-,-,-,-,-,-,-,-,-,-,-,-,-,-,-,-,-,-,-,-,-,-,-,-,-,-,-,-,-,-,-,-,-,-,-,-,-,-,-,-,-,-,-,-,-,-,-,-,-,-,-,-,-,-,-,-,-,-,-,-,-,-,-,-,-,-,-,-,-,-,-,-,-,-,-,-,-,-,-,-,-,-,-,-,-,-,-,-,-,-,-,-,-,-,-,-,-,-,-,-,-,-,-,-,-,-,-,-,-,-,-,-,-,-,-,-,-,-,-,-,-,-,-,-,-,-,-,-,-,-,-,-,-,-,-,-,-,-,-,-,-,-,-,-,-,-,-,-,-,-,-,-,-,-,-,-,-,-,-,-,-,-,-,-,-,-,-,-,-,-,-,-,-,-,-,-,-,-,-,-,-,-,-,-,-,-,-,-,-,-,-,-,-,-,-,-,-,-,-,-,-,-,-,-,-,-,-,-,-,-,-,-,-,-,-,-,-,-,-,-,-,-,-,-,-,-,-,-,-,-,-,-,-,-,-,-,-,-,-,-,-,-,-,-,-,-,-,-,-,-,-,-,-,-,-,-,-,-,-,-,-,-,-,-,-,-,-,-,-,-,-,-,-,-,-,-,-,-,-,-,-,-,-,-,-,-,-,-,-,-,-,-,-,-,-,-,-,-,-,-,-,-,-,-,-,-,-,-,-,-,-,-,-,-,-,-,-,-,-,-,-,-,-,-,-,-,-,-,-,-,-,-,-,-,-,-,-,-,-,-,-,-,-,-,-,-,-,-,-,-,-,-,-,-,-,-,-,-,-,-,-,-,-,-,-,-,-,-,-,-,-,-,-,-,-,-,-,-,-,-,-,-,-,-,-,-,-,-,-,-,-,-,-,-,-,-,-,-,-,-,-,-,-,-,-,-,-,-,-,-,-,-,-,-,-,-,-,-,-,-,-,-,-,-,-,-,-,-,-,-,-,-,-,-,-,-,-,-,-,-,-,-,-,-,-,-,-,-,-,-,-,-,-,-,-,-,-,-,-,-,-,-,-,-,-,-,-,-,-,-,-,-,-,-,-,-,-,-,-,-,-,-,-,-,-,-,-,-,-,-,-,-,-,-,-,-,-,-,-,-,-,-,-,-,-,-,-,-,-,-,-,-,-,-,-,-,-,-,-,-,-,-,-,-,-,-,-,-,-,-,-,-,-,-,-,-,-,-,-,-,-,-,-,-,-,-,-,-,-,-,-,-,-,-,-,-,-,-,-,-,-,-,-,-,-,-,-,-,-,-,-,-,-,-,-,-,-,-,-,-,-,-,-,-,-,-,-,-,-,-,-,-,-,-,-,-,-,-,-,-,-,-,-,-,-,-,-,-,-,-,-,-,-,-,-,-,-,-,-,-,-,-,-,-,-,-,-,-,-,-,-,-,-,-,-,-,-,-,-,-,-,-,-,-,-,-,-,-,-,-,-,-,-,-,-,-,-,-,-,-,-,-,-,-,-,-,-,-,-,-,-,-,-,-,-,-,-,-,-,-,-,-,-,-,-,-,-,-,-,-,-,-,-,-,-,-,-,-,-,-,-,-,-,-,-,-,-,-,-,-,-,-,-,-,-,-,-,-,-,-,-,-,-,-,-,-,-,-,-,-,-,-,-,-,-,-,-,-,-,-,-,-,-,-,-,-,-,-,-,-,-,-,-,-,-,-,-,-,-,-,-,-,-,-,-,-,-,-,-,-,-,-,-,-,-,-,-,-,-,-,-,-,-,-,-,-,-,-,-,-,-,-,-,-,-,-,-,-,-,-,-,-,-,-,-,-,-,-,-,-,-,-,-,-,-,-,-,-,-,-,-,-,-,-,-,-,-,-,-,-,-,-,-,-,-,-,-,-,-,-,-,-,-,-,-,-,-,-,-,-,-,-,-,-,-,-,-,-,-,-,-,-,-,-,-,-,-,-,-,-,-,-,-,-,-,-,-,-,-,-,-,-,-,-,-,-,-,-,-,-,-,-,-,-,-,-,-,-,-,-,-,-,-,-,-,-,-,-,-,-,-,-,-,-,-,-,-,-,-,-,-,-,-,-,-,-,-,-,-,-,-,-,-,-,-,-,-,-,-,-,-,-,-,-,-,-,-,-,-,-,-,-,-,-,-,-,-,-,-,-,-,-,-,-,-,-,-,-,-,-,-,-,-,-,-,-,-,-,-,-,-,-,-,-,-,-,-,-,-,-,-,-,-,-,-,-,-,-,-,-,-,-,-,-,-,-,-,-,-,-,-,-,-,-,-,-,-,-,-,-,-,-,-,-,-,-,-,-,-,-,-,-,-,-,-,-,-,-,-,-,-,-,-,-,-,-,-,-,-,-,-
Papio_anubis,C,L,W,L,W,L,S,T,T,L,G,R,E,Q,A,S,G,H,L,R,L,T,V,L,P,E,D,R,L,Q,M,K,W,R,E,S,E,G,S,G,L,G,Y,L,V,Q,V,Q,P,M,A,G,D,S,E,Q,E,V,I,L,T,T,K,T,P,K,A,T,V,G,G,L,S,P,S,K,G,Y,T,L,Q,I,F,E,L,T,G,S,G,R,F,L,L,A,R,R,E,F,V,I,E,D,L,K,S,S,S,L,D,R,D,N,Q,R,P,L,S,N,G,A,P,E,P,T,P,S,L,M,G,S,P,D,P,E,Q,A,S,E,P,R,V,A,F,V,P,S,R,D,P,P,I,P,G,G,P,Q,F,R,C,L,P,P,V,P,A,D,M,V,F,L,V,D,G,S,W,S,I,G,H,S,H,F,Q,Q,V,K,D,F,L,A,S,V,I,A,P,F,E,I,G,P,D,K,V,Q,V,G,L,T,Q,Y,S,G,D,A,Q,T,E,W,N,L,N,S,F,G,T,K,E,Q,V,L,A,A,V,H,R,L,R,Y,K,G,G,N,T,F,T,G,L,A,L,T,H,V,L,G,Q,N,L,Q,P,A,A,G,L,R,P,E,A,A,K,V,V,I,L,V,T,D,G,K,S,Q,D,D,V,H,T,A,A,R,V,L,K,D,L,G,V,N,I,F,T,V,G,V,K,N,A,D,E,A,E,L,R,L,L,A,S,P,P,R,D,I,T,V,H,N,V,L,D,F,P,Q,L,G,A,L,A,G,L,L,S,R,L,I,C,Q,R,L,Q,D,G,G,P,R,W,-,A,A,A,P,A,L,D,T,L,P,A,P,T,G,L,V,L,S,Q,V,T,S,S,S,I,H,V,S,W,T,P,A,P,R,L,P,L,K,Y,L,I,V,W,R,A,S,R,G,G,T,P,R,E,V,V,V,E,G,P,A,A,S,A,E,L,H,N,L,I,S,R,T,E,Y,L,V,S,V,F,P,I,Y,E,G,G,V,G,E,G,L,R,G,L,V,T,T,A,P,L,S,P,P,R,A,L,T,L,A,T,V,T,P,R,T,V,H,L,T,W,Q,P,S,A,G,A,T,H,Y,L,V,R,C,S,P,A,S,S,K,G,E,E,E,E,R,E,V,Q,V,R,R,P,E,V,L,L,D,G,L,E,P,G,R,D,Y,E,I,S,V,Q,S,L,R,G,P,E,S,S,E,A,R,G,I,R,A,R,T,-,-,L,A,P,L,K,H,L,G,F,S,D,V,S,H,D,T,A,R,V,I,W,E,G,A,P,R,P,V,R,L,V,R,V,T,Y,V,S,S,E,G,G,H,S,G,Q,T,E,A,P,G,N,A,T,S,A,M,L,G,P,L,S,S,S,T,T,Y,T,V,R,V,T,C,L,Y,P,G,G,G,S,S,T,L,T,G,Q,V,T,T,K,K,V,P,S,P,S,Q,L,S,V,T,E,L,P,G,D,T,V,Q,L,A,W,V,A,A,A,P,S,G,V,L,V,Y,Q,I,K,W,T,P,L,G,E,G,K,A,H,E,I,S,V,P,G,N,L,G,T,A,V,L,P,G,L,G,R,H,T,E,Y,D,I,T,I,L,A,Y,Y,R,D,G,A,R,S,D,P,V,S,L,R,Y,T,P,S,T,V,N,R,S,P,P,S,N,L,A,L,A,S,E,T,P,D,S,L,Q,V,S,W,T,P,P,R,G,R,V,L,H,Y,R,L,T,Y,A,P,A,S,G,S,G,P,E,K,S,V,S,V,P,G,P,R,S,H,V,T,L,P,N,L,Q,A,A,T,K,Y,R,V,L,V,S,A,V,Y,A,A,G,R,S,E,A,L,S,A,T,G,Q,T,A,A,C,P,A,L,R,P,D,S,S,L,P,G,F,D,L,M,V,A,F,G,L,V,E,K,A,Y,A,S,I,R,G,V,A,M,E,P,S,A,F,G,G,T,P,T,F,T,L,F,K,D,A,Q,L,T,R,R,V,D,V,H,P,A,P,E,H,T,I,V,F,L,V,R,V,L,P,E,T,P,R,E,A,F,A,L,W,Q,M,T,A,E,D,F,Q,P,V,L,G,V,L,L,D,A,G,R,K,S,L,T,Y,F,H,R,D,P,R,A,A,L,Q,E,A,T,F,D,P,Q,E,V,R,K,I,F,F,G,S,F,H,K,V,H,V,A,V,G,R,S,K,V,R,L,Y,V,D,C,Q,K,V,A,E,R,P,L,G,E,V,G,S,A,P,S,A,G,F,I,T,L,G,R,L,A,K,A,R,G,P,R,S,S,S,A,A,F,Q,L,Q,T,L,Q,I,V,C,S,D,T,W,A,D,E,D,R,C,C,E,L,P,A,S,R,D,V,E,T,C,P,A,F,V,S,A,C,S,C,S,S,E,T,P,G,P,P,G,P,Q,G,P,P,G,L,P,G,R,N,G,T,P,G,E,Q,G,F,P,G,P,R,-,-,-,-,-,-,-,-,-,-,-,-,-,-,-,-,-,-,-,-,-,-,-,-,-,-,-,-,-,-,-,-,G,P,P,G,V,K,G,E,K,G,D,H,G,L,P,G,L,Q,G,H,P,G,H,Q,G,I,P,G,R,V,G,L,Q,G,P,G,M,R,G,L,E,G,T,A,G,L,P,G,P,P,G,P,F,Q,G,M,A,G,A,R,G,T,S,G,E,K,G,P,P,G,A,V,G,P,G,L,P,G,P,K,G,E,R,G,E,K,H,V,S,K,F,D,S,F,H,E,N,T,R,P,P,M,P,I,L,E,Q,K,L,E,P,G,T,E,P,L,G,S,P,G,T,H,S,K,A,L,L,W,R,H,G,S,R,H,L
Piliocolobus_tephrosceles,C,L,W,L,W,L,S,T,T,L,G,R,E,P,A,S,G,H,L,R,L,T,V,L,P,E,D,R,L,Q,M,K,W,R,E,S,E,G,S,G,L,G,Y,L,V,Q,V,Q,P,M,A,G,D,S,E,Q,E,V,I,L,T,T,K,T,P,K,A,T,V,G,G,L,S,P,S,K,G,Y,T,L,Q,I,F,E,L,T,G,S,G,R,F,L,L,A,R,R,E,F,V,I,E,D,L,K,S,S,S,L,D,R,N,N,Q,R,P,L,S,S,G,A,L,E,P,T,P,S,L,M,G,S,P,D,P,E,Q,A,S,E,P,Q,V,A,F,A,P,S,R,D,P,P,I,P,G,G,P,Q,F,R,C,L,P,P,V,P,A,D,M,V,F,L,V,D,G,S,W,S,I,G,H,S,H,F,Q,Q,V,K,D,F,L,A,S,V,I,A,P,F,E,I,G,P,D,K,V,Q,V,G,L,T,Q,Y,S,G,D,A,Q,T,E,W,N,L,N,S,F,G,T,K,E,Q,V,L,A,A,V,H,R,L,R,Y,K,G,G,N,T,F,T,G,L,A,L,T,H,V,L,G,Q,N,L,Q,P,A,A,G,L,R,P,E,A,A,K,V,V,I,L,V,T,D,G,K,S,Q,D,D,V,H,T,A,A,R,V,L,K,D,L,G,V,N,I,F,A,V,G,V,K,N,A,D,E,A,E,L,R,L,L,A,S,P,P,R,D,I,T,V,H,S,V,L,G,F,P,Q,L,A,T,L,A,G,L,L,S,R,L,V,C,Q,R,L,Q,D,G,G,P,R,R,-,A,A,A,P,A,L,D,T,L,P,A,P,T,S,L,V,L,S,Q,V,T,S,S,S,I,H,L,S,W,T,P,A,P,R,L,P,L,K,Y,L,I,V,W,R,A,S,R,G,G,T,P,R,E,V,V,V,E,G,P,A,T,S,A,E,L,H,N,L,T,S,R,T,E,Y,L,V,S,V,F,P,I,Y,E,G,G,V,G,E,G,L,R,G,L,A,T,T,A,P,L,S,P,P,R,A,L,T,L,A,A,V,T,P,R,T,V,H,L,T,W,Q,P,S,A,G,A,T,H,Y,L,V,R,C,S,P,A,S,S,K,G,E,E,E,E,R,E,V,Q,V,R,R,P,E,V,L,L,D,G,L,E,P,G,R,D,Y,E,V,S,V,Q,S,L,R,G,P,E,S,S,E,A,R,G,I,R,A,R,T,P,I,L,A,P,P,R,H,L,G,F,S,D,V,S,H,D,A,A,R,V,I,W,E,G,T,P,R,P,M,R,L,V,R,V,T,Y,V,S,S,E,G,G,H,S,G,Q,T,E,A,P,G,N,A,T,S,A,T,L,G,P,L,S,S,S,T,T,Y,T,V,R,V,T,C,L,Y,P,G,G,G,S,S,T,L,T,G,Q,V,T,T,K,K,V,P,S,P,S,Q,L,S,V,T,E,L,P,G,D,A,V,Q,L,A,W,V,A,A,A,P,S,G,V,L,V,Y,Q,I,K,W,T,P,L,G,E,G,K,A,H,E,I,S,V,P,G,N,L,G,T,A,V,L,P,G,L,G,R,H,T,E,Y,D,V,T,I,L,A,Y,Y,R,D,G,A,R,S,D,P,V,S,L,R,Y,T,P,S,T,V,N,R,S,P,P,S,N,V,A,L,A,S,E,T,P,D,S,L,Q,V,S,W,T,P,P,R,G,R,V,L,H,Y,R,L,T,Y,A,P,A,S,G,S,G,P,E,K,S,V,S,V,P,G,P,R,S,H,V,T,L,P,D,L,Q,A,A,T,K,Y,R,V,L,V,S,A,V,Y,A,A,G,R,S,E,A,V,S,A,T,G,Q,T,-,A,C,P,A,L,R,P,D,S,S,L,P,G,F,D,L,M,V,A,F,G,L,V,E,K,A,Y,A,S,I,R,G,V,A,M,E,P,S,A,F,G,G,T,P,T,F,T,L,F,K,D,A,Q,L,T,R,R,V,D,V,H,P,A,P,E,H,T,I,V,F,L,V,R,L,L,P,E,T,P,R,E,A,F,A,L,W,Q,M,T,A,E,D,F,Q,P,V,L,G,V,L,L,D,A,G,R,K,S,L,T,Y,F,H,R,D,P,R,A,A,L,Q,E,A,T,F,D,P,Q,E,V,R,K,I,F,F,G,S,F,H,K,V,H,V,A,V,G,R,S,K,V,R,L,Y,V,D,C,R,K,V,A,E,R,P,L,G,E,V,G,S,T,P,S,A,G,L,I,T,L,G,R,L,A,K,A,R,G,P,R,S,S,S,A,A,F,Q,L,Q,T,L,Q,I,V,C,S,D,T,W,A,D,E,D,Q,C,C,E,L,P,A,S,R,D,G,E,T,C,P,A,F,V,S,A,C,S,C,S,S,Q,T,P,G,P,P,G,P,Q,G,P,P,G,L,P,G,R,N,G,T,P,G,E,Q,G,F,P,G,P,R,-,-,-,-,-,-,-,-,-,-,-,-,-,-,-,-,-,-,-,-,-,-,-,-,-,-,-,-,-,-,-,-,G,P,P,G,V,K,G,E,K,G,D,H,G,L,P,G,L,Q,G,H,P,G,H,Q,G,I,P,G,R,V,G,L,Q,G,P,G,M,R,G,L,E,G,T,A,G,L,P,G,P,P,G,P,F,H,G,M,A,G,A,R,G,T,S,G,E,R,G,P,P,G,A,V,G,P,G,L,P,G,P,K,G,E,R,G,E,K,H,V,S,K,F,D,S,F,H,E,N,T,R,P,P,M,P,I,L,E,Q,K,L,E,P,G,T,E,P,L,G,S,P,G,T,R,S,Q,A,L,L,W,E,H,G,S,R,R,L
Pongo_abelii,C,L,W,L,W,L,G,A,T,L,G,K,E,Q,A,S,G,L,L,R,L,S,V,L,P,E,D,R,L,Q,M,K,W,R,E,S,E,G,S,G,L,G,Y,L,V,Q,V,K,P,M,A,G,D,S,E,Q,E,V,I,L,T,T,K,T,P,K,A,T,V,G,G,L,S,P,S,K,G,Y,T,L,Q,I,F,E,L,T,G,S,G,R,F,L,L,A,R,R,E,F,V,I,E,D,L,K,S,S,S,L,D,R,S,S,Q,R,T,L,G,S,G,A,P,E,P,T,P,S,H,V,G,S,P,D,P,E,Q,A,S,E,P,R,V,A,F,T,P,S,Q,D,P,P,T,P,A,G,P,Q,F,R,C,L,P,P,V,P,A,D,M,V,F,L,V,D,G,S,W,S,I,G,Y,S,H,F,Q,Q,V,K,D,F,L,A,S,V,I,A,P,F,E,I,G,P,D,K,V,Q,V,G,L,T,Q,Y,S,G,D,A,Q,T,E,W,D,L,N,S,L,G,T,K,E,Q,V,L,A,A,V,R,R,L,R,Y,K,G,G,N,T,F,T,G,L,A,L,T,H,V,L,G,Q,N,L,Q,P,A,A,G,L,R,P,E,A,A,K,V,V,I,L,V,T,D,G,K,S,Q,D,D,V,H,T,A,A,R,V,L,K,D,L,G,V,N,V,F,A,V,G,V,K,N,A,D,E,A,E,L,K,L,L,A,S,P,P,Q,D,I,T,V,H,S,V,L,D,F,L,Q,L,G,A,L,A,G,L,L,S,R,L,I,C,Q,R,L,Q,G,G,S,P,R,Q,-,A,A,A,P,A,L,D,T,L,P,S,P,T,S,L,V,L,S,Q,V,T,S,S,S,I,R,L,S,W,T,P,A,P,R,L,P,L,K,Y,L,I,V,W,R,A,S,R,G,G,T,P,R,E,V,V,V,E,G,P,A,A,S,T,E,L,H,N,L,A,S,R,T,E,Y,L,V,S,V,F,P,I,Y,E,S,G,V,G,E,G,L,R,G,L,V,T,T,A,P,L,P,P,P,R,A,L,T,L,A,A,V,T,P,R,T,V,H,L,T,W,Q,P,S,A,G,A,T,H,Y,L,V,R,C,S,P,A,S,P,K,G,E,E,E,E,R,E,V,Q,V,G,R,P,E,V,L,L,D,G,L,E,P,G,R,D,Y,E,V,S,V,Q,S,L,R,G,P,E,G,S,E,A,R,G,I,R,A,R,T,P,A,L,A,T,P,R,H,L,G,F,S,D,V,S,H,D,A,A,R,V,F,W,E,G,A,P,R,P,V,R,L,V,R,V,T,Y,V,S,S,E,G,G,H,S,G,Q,T,E,A,P,G,N,A,T,S,A,T,L,G,P,L,S,S,S,T,T,Y,T,V,R,V,T,C,L,Y,P,G,G,G,S,S,T,L,T,G,R,V,T,T,K,K,A,P,S,P,S,Q,L,S,V,A,E,L,P,G,D,A,V,Q,L,A,W,V,A,A,A,P,S,G,V,L,V,Y,Q,I,T,W,T,P,L,G,E,G,K,S,H,E,I,S,V,P,G,N,L,G,T,A,V,L,P,G,L,R,R,H,T,E,Y,D,V,T,I,L,A,Y,Y,R,D,G,A,R,S,D,P,V,S,L,R,Y,T,P,S,T,V,S,R,S,S,P,S,N,L,A,L,A,S,E,T,P,D,S,L,Q,V,S,W,T,P,P,L,G,R,V,L,H,Y,W,L,T,Y,A,P,A,S,G,L,G,P,E,K,S,V,S,V,P,G,P,R,S,H,V,T,L,P,N,L,Q,A,A,T,K,Y,R,V,L,V,S,A,V,Y,A,A,G,R,S,E,A,V,S,A,M,G,Q,T,-,A,C,P,A,L,R,P,D,G,S,L,P,G,F,D,L,M,V,A,F,G,L,V,E,K,A,Y,A,S,I,R,G,V,A,M,E,P,S,A,F,G,G,T,P,T,F,T,L,F,K,D,A,Q,L,T,R,R,V,D,V,H,P,A,P,E,H,T,I,V,F,L,V,R,L,L,P,E,T,P,R,E,A,F,A,L,W,Q,M,T,A,E,D,F,Q,P,L,L,G,V,L,L,D,A,G,R,K,S,L,T,Y,F,H,R,D,P,R,A,A,L,Q,E,A,T,F,D,L,H,E,V,R,K,I,F,F,G,S,F,H,K,V,H,V,A,V,G,R,S,K,V,R,L,Y,V,D,C,Q,K,V,A,E,R,P,L,G,E,V,G,S,P,P,A,A,G,F,I,T,L,G,R,L,A,K,A,R,G,P,R,S,S,S,A,A,F,Q,L,Q,T,L,Q,I,V,C,S,D,T,W,A,N,E,D,R,C,C,E,L,P,A,S,R,D,G,E,T,C,P,A,F,M,S,A,C,S,C,S,S,E,T,P,G,P,P,G,P,Q,G,P,P,G,L,P,G,K,N,G,T,P,G,D,P,G,F,P,G,P,R,-,-,-,-,-,-,-,-,-,-,-,-,-,-,-,-,-,-,-,-,-,-,-,-,-,-,-,-,-,-,-,-,G,P,P,G,V,K,G,D,K,G,D,H,G,L,P,G,L,Q,G,H,P,G,H,Q,G,I,P,G,R,V,G,L,Q,G,P,G,M,R,G,L,E,G,T,A,G,L,P,G,P,P,G,P,F,Q,G,M,A,G,A,R,G,T,S,G,E,R,G,P,P,G,A,V,G,P,G,L,P,G,P,K,G,E,R,G,E,K,H,V,S,K,F,D,S,F,H,E,N,T,R,L,P,M,P,I,L,E,Q,K,L,E,S,G,T,E,P,L,G,S,P,G,T,H,S,K,A,L,L,W,G,R,G,G,R,H,L
Propithecus_coquereli,-,-,-,-,-,-,-,-,-,-,-,-,-,-,-,-,-,-,-,-,-,-,-,-,-,-,-,-,-,-,-,-,-,-,-,-,-,-,-,-,-,-,-,-,-,-,-,-,-,-,-,-,-,-,-,-,-,-,-,-,-,-,-,-,-,-,-,-,-,-,-,-,-,-,-,-,-,-,-,-,-,-,-,-,-,-,-,-,-,-,-,-,-,-,-,-,-,-,-,-,-,-,-,-,-,-,-,-,-,-,-,-,-,-,-,-,-,-,-,-,-,-,-,-,-,-,-,-,-,-,-,-,-,-,-,-,-,-,-,-,-,-,-,-,-,-,-,-,-,-,-,-,-,-,-,-,-,-,-,-,-,-,-,-,-,-,-,-,-,-,-,-,-,-,-,-,-,-,-,-,-,-,-,-,-,-,-,-,-,-,-,-,-,-,-,-,-,-,-,-,-,-,-,-,-,-,-,-,-,-,-,-,-,-,-,-,-,-,-,-,-,-,-,-,-,-,-,-,-,-,-,-,-,-,-,-,-,-,-,-,-,-,-,-,-,-,-,-,-,-,-,-,-,-,-,-,-,-,-,-,-,-,-,-,-,-,-,-,-,-,-,-,-,-,-,-,-,-,-,-,-,-,-,-,-,-,-,-,-,-,-,-,-,-,-,-,-,-,-,-,-,-,-,-,-,-,-,-,-,-,-,-,-,-,-,-,-,-,-,-,-,-,-,-,-,-,-,-,-,-,-,-,-,-,-,-,-,-,-,-,-,-,-,-,-,-,-,-,-,-,-,-,-,-,-,-,-,-,-,-,-,-,-,-,-,-,-,-,-,-,-,-,-,-,-,-,-,-,-,-,-,-,-,-,-,-,-,-,-,-,-,-,-,-,-,-,-,-,-,-,-,-,-,-,-,-,-,-,-,-,-,-,-,-,-,-,-,-,-,-,-,-,-,-,-,-,-,-,-,-,-,-,-,-,-,-,-,-,-,-,-,-,-,-,-,-,-,-,-,-,-,-,-,-,-,-,-,-,-,-,-,-,-,-,-,-,-,-,-,-,-,-,-,-,-,-,-,-,-,-,-,-,-,-,-,-,-,-,-,-,-,-,-,-,-,-,-,-,-,-,-,-,-,-,-,-,-,-,-,-,-,-,-,-,-,-,-,-,-,-,-,-,-,-,-,-,-,-,-,-,-,-,-,-,-,-,-,-,-,-,-,-,-,-,-,-,-,-,-,-,-,-,-,-,-,-,-,-,-,-,-,-,-,-,-,-,-,-,-,-,-,-,-,-,-,-,-,-,-,-,-,-,-,-,-,-,-,-,-,-,-,-,-,-,-,-,-,-,-,-,-,-,-,-,-,-,-,-,-,-,-,-,-,-,-,-,-,-,-,-,-,-,-,-,-,-,-,-,-,-,-,-,-,-,-,-,-,-,-,-,-,-,-,-,-,-,-,-,-,-,-,-,-,-,-,-,-,-,-,-,-,-,-,-,-,-,-,-,-,-,-,-,-,-,-,-,-,-,-,-,-,-,-,-,-,-,-,-,-,-,-,-,-,-,-,-,-,-,-,-,-,-,-,-,-,-,-,-,-,-,-,-,-,-,-,-,-,-,-,-,-,-,-,-,-,-,-,-,-,-,-,-,-,-,-,-,-,-,-,-,-,-,-,-,-,-,-,-,-,-,-,-,-,-,-,-,-,-,-,-,-,-,-,-,-,-,-,-,-,-,-,-,-,-,-,-,-,-,-,-,-,-,-,-,-,-,-,-,-,-,-,-,-,-,-,-,-,-,-,-,-,-,-,-,-,-,-,-,-,-,-,-,-,-,-,-,-,-,-,-,-,-,-,-,-,-,-,-,-,-,-,-,-,-,-,-,-,-,-,-,-,-,-,-,-,-,-,-,-,-,-,-,-,-,-,-,-,-,-,-,-,-,-,-,-,-,-,-,-,-,-,-,-,-,-,-,-,-,-,-,-,-,-,-,-,-,-,-,-,-,-,-,-,-,-,-,-,-,-,-,-,-,-,-,-,-,-,-,-,-,-,-,-,-,-,-,-,-,-,-,-,-,-,-,-,-,-,-,-,-,-,-,-,-,-,-,-,-,-,-,-,-,-,-,-,-,-,-,-,-,-,-,-,-,-,-,-,-,-,-,-,-,-,-,-,-,-,-,-,-,-,-,-,-,-,-,-,-,-,-,-,-,-,-,-,-,-,-,-,-,-,-,-,-,-,-,-,-,-,-,-,-,-,-,-,-,-,-,-,-,-,-,-,-,-,-,-,-,-,-,-,-,-,-,-,-,-,-,-,-,-,-,-,-,-,-,-,-,-,-,-,-,-,-,-,-,-,-,-,-,-,-,-,-,-,-,-,-,-,-,-,-,-,-,-,-,-,-,-,-,-,-,-,-,-,-,-,-,-,-,-,-,-,-,-,-,-,-,-,-,-,-,-,-,-,-,-,-,-,-,-,-,-,-,-,-,-,-,-,-,-,-,-,-,-,-,-,-,-,-,-,-,-,-,-,-,-,-,-,-,-,-,-,-,-,-,-,-,-,-,-,-,-,-,-,-,-,-,-,-,-,-,-,-,-,-,-,-,-,-,-,-,-,-,-,-,-,-,-,-,-,-,-,-,-,-,-,-,-,-,-,-,-,-,-,-,-,-,-,-,-,-,-,-,-,-,-,-,-,-,-,-,-,-,-,-,-,-,-,-,-,-,-,-,-,-,-,-,-,-,-,-,-,-,-,-,-,-,-,-,-,-,-,-,-,-,-,-,-,-,-,-,-,-,-,-,-,-
Rhinopithecus_bieti,C,L,W,L,W,L,S,T,T,L,G,R,E,P,A,S,G,H,L,R,L,T,V,L,P,E,D,R,L,Q,M,K,W,R,E,S,E,G,S,G,L,G,Y,L,V,Q,V,Q,P,M,A,G,D,S,E,Q,E,V,I,L,T,T,K,T,P,K,A,T,V,G,G,L,S,P,S,K,G,Y,T,L,Q,I,F,E,L,T,G,S,G,R,F,L,L,A,R,R,E,F,V,I,E,D,L,K,S,S,S,L,D,R,N,N,Q,R,P,L,S,S,G,A,P,E,P,T,P,S,L,M,G,N,P,D,P,E,Q,A,S,E,P,R,V,A,F,A,P,S,R,D,P,P,I,P,G,G,P,Q,F,R,C,L,P,P,V,P,A,D,M,V,F,L,V,D,G,S,W,S,I,G,H,S,H,F,Q,Q,V,K,D,F,L,A,S,V,I,A,P,F,E,I,G,P,D,K,V,Q,V,G,L,T,Q,Y,S,G,D,A,Q,T,E,W,N,L,N,S,F,G,T,K,E,Q,V,L,A,A,V,H,R,L,C,Y,K,G,G,N,T,F,T,G,M,A,-,-,-,-,-,-,-,-,-,-,-,-,-,-,-,-,-,-,-,-,-,-,V,I,L,V,T,D,G,K,S,Q,D,D,V,H,T,A,A,R,V,L,K,D,L,G,V,N,I,F,A,V,G,V,K,N,A,D,E,A,E,L,R,L,L,A,S,P,P,R,D,I,T,V,H,N,V,L,D,F,P,Q,L,A,T,L,A,S,L,L,S,R,L,V,C,Q,R,L,Q,D,G,G,P,R,R,-,A,A,A,P,A,L,D,T,L,P,A,P,T,S,L,V,L,S,Q,V,T,S,S,S,I,H,L,S,W,T,P,A,P,R,L,P,L,K,Y,L,I,V,W,R,A,S,R,G,G,T,P,G,Q,V,V,V,E,G,P,A,A,S,A,E,L,H,N,L,T,S,R,T,E,Y,L,V,S,V,F,P,I,Y,E,G,G,V,G,E,G,L,Q,G,L,A,T,T,A,P,L,S,P,P,R,A,L,T,L,A,A,V,T,P,R,T,V,H,L,T,W,Q,P,S,A,G,A,T,H,Y,L,V,R,C,S,P,A,S,S,K,G,E,E,E,E,R,E,V,Q,V,R,R,P,E,V,L,L,D,G,L,E,P,G,R,D,Y,E,V,S,V,Q,S,L,R,G,P,E,S,S,E,A,R,G,I,R,A,R,T,P,I,L,A,P,P,R,H,L,G,F,S,D,V,S,H,D,A,A,R,V,I,W,E,G,T,P,R,P,V,R,L,V,R,V,T,Y,V,S,S,E,G,G,H,S,G,Q,T,E,A,P,G,N,A,T,S,A,T,L,G,P,L,S,S,S,T,T,Y,T,V,R,V,T,C,L,Y,P,G,G,G,S,S,T,L,T,G,E,V,T,T,K,K,V,P,S,P,S,Q,L,S,V,T,E,L,Q,G,D,A,V,Q,L,A,W,V,A,A,A,P,S,G,V,L,V,Y,Q,I,K,W,T,P,L,G,E,G,K,A,H,E,I,S,V,P,G,N,L,G,T,A,I,L,P,G,L,G,R,H,T,E,Y,D,V,T,I,L,A,Y,Y,R,D,G,A,R,S,D,P,V,S,L,R,Y,T,P,S,T,V,N,R,S,P,P,S,N,L,A,L,A,S,E,T,P,D,S,L,Q,V,S,W,T,P,P,R,G,R,V,L,H,Y,R,L,T,Y,A,P,A,S,G,S,G,P,E,K,S,V,S,V,P,G,P,R,S,H,V,T,L,P,D,L,Q,A,A,T,K,Y,R,V,L,V,S,A,V,Y,A,A,G,R,S,E,A,V,S,A,T,G,Q,T,-,A,C,P,A,L,R,P,D,S,S,L,P,G,F,D,L,M,V,A,F,G,L,V,E,K,A,Y,A,S,I,R,G,V,A,M,E,P,S,A,F,G,G,T,P,T,F,T,L,F,K,D,A,Q,L,T,R,R,V,D,V,H,P,A,P,E,H,T,I,V,F,L,V,R,L,L,P,E,T,P,R,E,A,F,A,L,W,Q,M,T,A,E,D,F,Q,P,V,L,G,V,L,L,D,A,G,R,K,S,L,T,Y,F,H,R,D,P,R,A,A,L,Q,E,A,T,F,D,P,Q,E,V,R,K,I,F,F,G,S,F,H,K,V,H,V,A,V,G,R,S,K,V,R,L,Y,V,D,C,R,K,V,A,E,R,P,L,G,E,V,G,S,A,P,S,A,G,F,I,T,L,G,R,L,A,K,A,R,G,P,R,S,S,S,A,A,F,Q,L,H,T,L,Q,I,V,C,G,D,T,W,A,D,E,D,R,C,C,E,L,P,A,S,R,D,G,E,T,C,P,A,F,V,S,A,C,S,C,S,S,E,T,P,G,P,P,G,P,Q,G,P,P,G,L,P,G,R,K,G,T,P,G,E,Q,G,F,P,G,P,R,-,-,-,-,-,-,-,-,-,-,-,-,-,-,-,-,-,-,-,-,-,-,-,-,-,-,-,-,-,-,-,-,G,P,P,G,V,K,G,E,K,G,D,H,G,L,P,G,L,Q,G,H,P,G,H,Q,G,I,P,G,R,V,G,L,Q,G,P,G,M,R,G,L,E,G,T,A,G,L,P,G,P,P,G,P,F,H,G,M,A,G,A,R,G,T,S,G,E,R,G,A,P,G,A,M,G,P,G,L,P,G,P,K,G,E,R,G,E,K,H,V,S,K,F,D,S,F,H,E,N,T,R,P,P,M,P,I,L,E,Q,K,L,E,P,G,T,E,P,L,G,S,S,G,T,R,S,K,A,L,L,-,-,-,-,-,-,-,-
Rhinopithecus_roxellana,C,L,W,L,W,L,S,T,T,L,G,R,E,P,A,S,G,H,L,R,L,T,V,L,P,E,D,R,L,Q,M,K,W,R,E,S,E,G,S,G,L,G,Y,L,V,Q,V,Q,P,M,A,G,D,S,E,Q,E,V,I,L,T,T,K,T,P,K,A,T,V,G,G,L,S,P,S,K,G,Y,T,L,Q,I,F,E,L,T,G,S,G,R,F,L,L,A,R,R,E,F,V,I,E,D,L,K,S,S,S,L,D,R,N,N,Q,R,S,L,S,S,G,A,P,E,P,T,P,S,L,M,G,N,P,D,P,E,Q,A,S,E,P,R,V,A,F,V,P,S,R,D,P,P,I,P,A,S,P,Q,F,R,C,L,P,P,V,P,A,D,M,V,F,L,V,D,G,S,W,S,I,G,H,S,H,F,Q,Q,V,K,D,F,L,A,S,V,I,A,P,F,E,I,G,P,D,K,V,Q,V,G,L,T,Q,Y,S,G,D,A,Q,T,E,W,N,L,N,S,F,G,T,K,E,Q,V,L,A,A,V,H,R,L,C,Y,K,G,G,N,T,F,T,G,L,A,L,T,H,V,L,G,Q,N,L,Q,P,A,A,G,L,R,P,E,V,A,K,V,V,I,L,V,T,D,G,K,S,Q,D,D,V,H,T,A,A,R,V,L,K,D,L,G,V,N,I,F,A,V,G,V,K,N,A,D,E,A,E,L,R,L,L,A,S,P,P,R,D,I,T,V,H,N,V,L,D,F,P,Q,L,A,T,L,A,S,L,L,S,R,L,V,C,Q,R,L,Q,D,G,G,P,R,R,-,A,A,A,P,A,L,D,T,L,P,A,P,T,S,L,V,L,S,Q,V,T,S,S,S,I,H,L,S,W,T,P,A,P,R,L,P,L,K,Y,L,I,V,W,R,A,S,R,G,G,T,P,R,E,V,V,V,E,G,P,A,A,S,A,E,L,H,N,L,T,S,R,T,E,Y,L,V,S,V,F,P,I,Y,E,G,G,V,G,E,G,L,Q,G,L,A,T,T,A,P,L,S,P,P,R,A,L,T,L,A,A,V,T,P,R,T,V,R,L,T,W,Q,P,S,A,G,A,T,H,Y,L,V,R,C,S,P,A,S,S,K,G,E,E,E,E,R,E,V,Q,V,R,R,P,E,V,L,L,D,G,L,E,P,G,R,D,Y,E,V,S,V,Q,S,L,R,G,P,E,S,S,E,A,R,G,I,R,A,R,T,P,I,L,A,P,P,R,H,L,G,F,S,D,V,S,H,D,A,A,R,V,I,W,E,G,T,P,R,P,V,R,L,V,R,V,T,Y,V,S,S,E,G,G,H,S,G,Q,T,E,A,P,G,N,A,T,S,A,T,L,G,P,L,S,S,S,T,T,Y,T,V,R,V,T,C,L,Y,P,G,G,G,S,S,T,L,T,G,E,V,T,T,K,K,V,P,S,P,S,Q,L,S,V,T,E,L,Q,G,D,A,V,Q,L,A,W,V,A,A,A,P,S,G,V,L,V,Y,Q,I,K,W,T,P,L,G,E,G,K,A,H,E,I,S,V,P,G,N,L,G,T,A,I,L,P,G,L,G,R,H,T,E,Y,D,V,T,I,L,A,Y,Y,R,D,G,A,R,S,D,P,V,S,L,R,Y,T,P,S,T,V,N,R,S,P,P,S,N,L,A,L,A,S,E,T,P,D,S,L,Q,V,S,W,T,P,P,R,G,R,V,L,H,Y,R,L,T,Y,A,P,A,S,G,S,G,P,E,K,S,V,S,V,P,G,P,R,S,H,V,T,L,P,D,L,Q,A,A,T,K,Y,R,V,L,V,S,A,V,Y,A,A,G,R,S,E,A,V,S,A,T,G,Q,T,-,A,C,P,A,L,R,P,D,S,S,L,P,G,F,D,L,M,V,A,F,G,L,V,E,K,A,Y,A,S,I,R,G,V,A,M,E,P,S,A,F,G,G,T,P,T,F,T,L,F,K,D,A,Q,L,T,R,R,V,D,V,H,P,A,P,E,H,T,I,V,F,L,V,R,L,L,P,E,T,P,R,E,A,F,A,L,W,Q,M,T,A,E,D,F,Q,P,V,L,G,V,L,L,D,A,G,R,K,S,L,T,Y,F,H,R,D,P,R,A,A,L,Q,E,A,T,F,D,P,Q,E,V,R,K,I,F,F,G,S,F,H,K,V,H,V,A,V,G,R,S,K,V,R,L,Y,V,D,C,R,K,V,A,E,R,P,L,G,E,V,G,S,A,P,S,A,G,F,I,T,L,G,R,L,A,K,A,R,G,P,R,S,S,S,A,A,F,Q,L,Q,T,L,Q,I,V,C,G,D,T,W,A,D,E,D,R,C,C,E,L,P,A,S,R,D,G,E,T,C,P,A,F,V,S,A,C,S,C,S,S,E,T,P,G,P,P,G,P,Q,G,P,P,G,L,P,G,R,K,G,T,P,G,E,Q,G,F,P,G,P,R,-,-,-,-,-,-,-,-,-,-,-,-,-,-,-,-,-,-,-,-,-,-,-,-,-,-,-,-,-,-,-,-,G,P,P,G,V,K,G,E,K,G,D,H,G,L,P,G,L,Q,G,H,P,G,H,Q,G,I,P,G,R,V,G,L,Q,G,P,G,M,R,G,L,E,G,T,A,G,L,P,G,P,P,G,P,F,H,G,M,A,G,A,R,G,T,S,G,E,R,G,A,P,G,A,V,G,P,G,L,P,G,P,K,G,E,R,G,E,K,H,V,S,K,F,D,S,F,H,E,N,T,R,P,P,M,P,I,L,E,Q,K,L,E,P,G,T,E,P,L,G,S,S,G,T,R,S,K,A,L,L,W,G,H,G,S,R,R,L
Saimiri_boliviensis_boliviensis,C,L,C,L,W,L,G,T,T,L,G,R,E,Q,A,S,G,H,L,R,L,A,V,L,P,E,D,Q,L,Q,M,K,W,R,E,S,E,G,S,G,L,G,Y,L,V,Q,V,K,P,M,A,G,D,S,E,Q,E,V,I,L,T,T,K,T,P,K,A,T,V,G,G,L,S,P,S,K,G,Y,T,V,Q,I,F,E,L,T,G,S,G,R,V,L,L,A,R,R,E,F,V,I,E,E,L,K,R,S,S,L,D,R,S,S,R,R,S,L,S,S,G,A,P,E,P,T,P,S,L,V,G,S,P,G,P,E,Q,A,S,E,P,R,V,A,F,Q,P,S,R,D,P,P,T,-,-,-,P,Q,F,H,C,L,P,P,M,P,A,D,M,V,F,L,V,D,G,S,W,S,I,G,H,S,H,F,Q,Q,V,K,D,F,L,A,S,V,I,A,P,F,E,I,G,P,D,K,V,Q,V,G,L,T,Q,Y,S,G,D,A,Q,T,E,W,D,L,N,S,L,G,T,K,E,Q,V,L,A,A,V,R,H,L,R,Y,K,G,G,N,T,F,T,G,L,A,L,T,H,V,L,G,Q,N,L,Q,P,A,A,G,M,R,P,E,A,A,K,V,V,I,L,V,T,D,G,K,S,Q,D,D,V,H,T,A,A,R,A,L,K,D,L,G,V,I,V,F,A,V,G,V,K,N,A,D,E,A,E,L,R,L,L,A,S,P,P,Q,D,I,T,V,H,N,V,L,G,F,P,Q,L,G,A,L,A,G,L,L,S,R,L,L,C,Q,R,L,Q,-,-,-,-,-,-,-,A,A,A,P,A,L,D,T,L,P,A,P,T,S,L,V,L,T,Q,V,T,S,S,S,V,R,L,S,W,T,P,A,P,Q,L,P,L,K,Y,L,I,V,W,Q,A,S,R,G,G,T,P,R,E,V,V,V,E,G,P,A,A,S,V,E,L,H,N,L,T,S,H,T,Q,Y,L,V,S,V,L,P,V,Y,G,G,G,V,G,E,G,L,R,G,L,V,T,T,A,P,L,P,P,P,R,A,L,T,L,A,A,L,T,P,R,T,V,H,L,T,W,Q,P,S,A,G,A,T,H,Y,L,V,Q,W,L,P,A,S,P,K,G,E,E,E,E,R,E,V,Q,V,G,R,P,E,V,L,L,D,G,L,E,P,G,R,D,Y,E,V,L,V,Q,S,L,R,G,L,E,A,S,E,P,R,G,I,H,V,R,T,P,P,P,G,P,P,R,H,L,G,F,S,D,V,S,H,D,S,V,R,V,F,W,E,R,I,P,R,P,V,R,L,V,R,V,T,Y,T,S,S,E,G,G,H,S,G,Q,T,E,A,P,G,N,A,T,S,A,T,L,G,P,L,S,S,S,T,T,Y,T,V,R,V,T,C,L,Y,P,G,G,G,S,S,T,L,T,S,R,V,T,T,K,K,V,P,S,P,S,Q,L,S,V,T,E,L,P,G,D,E,V,R,L,S,W,V,A,A,A,P,S,G,V,L,V,Y,Q,I,K,W,T,P,L,G,E,G,R,A,R,E,V,S,V,P,G,N,L,G,S,A,V,L,P,G,L,G,R,H,A,E,Y,D,V,T,I,L,A,Y,Y,R,D,G,A,R,S,D,P,V,S,L,R,Y,A,P,S,M,V,S,R,S,P,P,S,N,L,A,L,A,S,D,T,P,D,S,L,Q,V,S,W,T,P,P,R,G,P,V,L,R,Y,Q,L,T,Y,A,P,A,S,G,S,G,P,E,K,S,V,S,V,P,G,P,R,N,H,V,T,L,P,D,L,Q,A,A,T,K,Y,R,V,L,V,S,A,V,Y,T,A,G,K,S,E,A,V,S,A,T,G,Q,T,A,T,C,P,A,L,R,P,D,G,S,L,P,G,F,D,L,M,V,T,F,G,L,V,E,K,V,Y,A,S,I,R,G,V,A,M,E,P,P,A,F,G,A,T,P,T,F,T,L,F,K,D,A,Q,L,T,R,R,V,D,I,H,P,A,P,E,H,T,I,V,F,L,V,R,L,L,P,E,T,P,R,E,A,F,A,L,W,Q,M,T,A,E,D,F,Q,P,V,L,G,V,L,L,D,A,G,R,K,S,L,T,Y,F,H,R,D,P,R,A,A,L,Q,E,A,T,F,D,P,Q,E,V,R,K,I,F,F,G,S,F,H,K,V,H,V,A,V,G,R,S,K,V,R,L,Y,V,D,C,R,K,V,A,E,R,P,L,G,E,V,G,S,P,P,T,A,G,F,I,T,L,G,R,L,A,K,A,R,G,P,R,S,S,S,A,A,F,Q,L,Q,M,L,Q,I,V,C,S,D,T,W,A,D,E,D,R,C,C,E,L,P,A,S,R,D,G,E,T,C,P,A,F,A,S,A,C,T,C,S,S,E,T,P,G,P,P,G,P,E,G,P,P,G,L,P,G,R,N,G,T,P,G,E,Q,G,F,P,G,P,R,G,E,P,G,P,P,G,Q,M,G,P,E,G,P,G,G,Q,Q,G,S,P,G,T,Q,G,R,T,V,Q,G,P,V,G,P,P,G,V,K,G,E,K,G,D,H,G,L,P,G,L,Q,G,H,P,G,H,Q,G,I,P,G,R,V,G,L,Q,G,P,G,M,R,G,L,E,G,T,A,G,L,P,G,P,P,G,P,F,Q,G,M,A,G,A,R,G,T,T,G,D,R,G,P,P,G,A,V,G,P,G,L,P,G,P,K,G,E,R,G,E,K,H,V,S,K,F,D,S,F,H,E,N,T,R,P,P,M,P,I,L,E,Q,K,L,E,P,G,T,A,P,P,G,S,P,G,T,R,R,E,A,L,L,R,G,R,G,G,R,H,L
Sapajus_apella,C,L,C,L,W,L,G,A,T,L,G,R,G,Q,A,S,G,R,L,R,L,A,V,L,P,E,D,Q,L,Q,M,K,W,R,E,S,E,G,S,G,L,G,Y,L,V,Q,V,K,P,M,A,G,D,S,E,Q,E,V,I,L,T,T,K,T,P,K,A,T,V,G,G,L,S,P,S,K,G,Y,T,L,Q,I,F,E,L,M,A,S,G,R,V,L,L,A,R,R,E,F,V,I,E,E,L,K,S,S,S,L,D,R,S,S,Q,R,S,L,S,S,G,A,P,E,P,T,P,S,L,V,G,T,P,G,P,E,Q,A,S,E,P,R,V,A,F,E,P,S,R,D,P,P,T,P,A,A,P,Q,F,H,C,L,P,P,T,P,A,D,M,V,F,L,V,D,G,S,W,S,I,G,H,S,H,F,Q,Q,V,K,D,F,L,A,S,V,I,A,P,F,E,I,G,R,D,K,V,Q,V,G,L,T,Q,Y,S,G,D,A,Q,T,E,W,D,L,N,S,L,G,T,K,E,Q,V,L,A,A,V,H,H,L,H,Y,K,G,G,N,T,F,T,G,L,A,L,T,H,V,L,G,Q,N,L,Q,P,A,A,G,M,R,P,E,A,A,K,V,V,I,L,V,T,D,G,K,S,Q,D,D,V,H,T,A,A,R,A,L,K,D,L,G,V,I,I,F,A,V,G,V,K,N,A,D,E,A,E,L,R,L,L,A,S,P,P,Q,D,I,T,V,H,N,V,L,G,F,P,Q,L,G,M,L,A,G,L,L,S,R,L,I,C,Q,R,L,Q,-,-,-,-,-,-,-,A,A,A,P,A,L,D,T,L,P,A,P,T,S,L,V,L,T,Q,V,T,S,S,S,V,C,L,S,W,T,P,A,P,R,P,P,L,K,Y,L,I,V,W,Q,A,S,R,G,G,T,P,R,E,V,V,V,E,G,P,A,T,S,T,E,L,H,N,L,T,S,R,T,E,Y,L,V,S,V,L,P,V,Y,E,G,G,V,G,E,G,L,Q,G,L,A,T,T,A,P,L,P,P,P,R,A,L,T,L,A,A,L,T,P,R,T,A,H,L,T,W,K,P,S,A,G,A,T,H,Y,L,V,Q,L,S,-,A,S,P,K,G,E,E,E,E,R,K,V,Q,V,G,R,P,E,V,L,L,D,G,L,E,P,G,R,D,Y,E,V,S,V,Q,S,L,R,G,L,E,A,S,E,A,R,G,I,H,V,R,T,P,P,L,A,P,P,R,H,L,G,F,S,D,V,S,H,D,S,V,R,V,F,W,E,R,A,P,R,P,V,R,L,V,R,V,T,Y,I,S,S,E,G,R,H,S,G,Q,T,E,A,P,G,N,A,T,S,A,T,L,G,P,L,S,S,S,T,T,Y,T,V,R,V,T,C,L,Y,P,G,G,D,S,S,T,L,T,S,R,V,T,T,K,K,V,P,S,P,S,Q,L,S,M,T,E,L,P,G,D,E,V,R,L,S,W,V,A,A,A,P,S,G,V,L,M,Y,Q,I,K,W,T,P,L,G,E,G,K,A,H,E,I,S,V,P,G,N,L,G,S,A,V,L,P,G,L,G,R,H,V,E,Y,D,V,T,I,L,A,Y,Y,R,E,G,T,R,S,D,P,V,S,L,R,Y,A,P,S,T,V,N,R,S,P,P,S,N,L,A,L,A,S,E,T,P,D,S,L,Q,V,S,W,T,P,P,R,G,P,V,L,R,Y,Q,L,T,Y,A,P,A,S,G,S,G,P,E,K,S,V,S,V,P,G,P,R,N,H,V,T,L,P,D,L,Q,A,A,T,K,Y,R,V,L,V,S,A,V,Y,T,A,G,K,S,E,A,V,S,A,T,G,Q,T,A,T,C,P,A,L,R,P,D,G,S,L,P,G,F,D,L,M,V,T,F,G,L,V,E,K,A,Y,A,S,I,R,G,V,A,M,E,P,S,A,F,G,G,T,P,T,F,T,L,F,K,D,A,Q,L,T,R,R,V,D,I,H,P,A,P,E,H,T,I,V,F,L,M,R,L,L,P,E,T,P,R,E,A,F,A,L,W,Q,M,T,A,E,D,F,Q,P,V,L,G,V,L,L,D,A,G,R,K,S,L,T,Y,F,H,R,D,P,R,A,A,L,Q,E,A,T,F,D,P,Q,E,V,R,K,I,F,F,G,S,F,H,K,V,H,V,A,V,G,R,S,K,V,R,L,Y,V,D,C,R,K,V,A,E,R,P,L,G,E,V,G,S,P,P,A,A,G,F,I,T,V,G,R,L,A,K,A,R,G,P,R,S,S,S,A,V,F,Q,L,R,M,L,Q,I,V,C,S,D,T,W,A,D,E,D,R,C,C,E,L,P,A,S,R,D,G,E,T,C,P,A,F,V,S,A,C,T,C,S,S,E,T,P,G,P,P,G,P,E,G,P,P,G,L,P,G,R,N,G,T,P,G,E,Q,G,F,P,G,P,R,G,E,P,G,P,P,G,Q,M,G,P,E,G,P,G,G,Q,Q,G,S,P,G,T,Q,G,R,A,V,Q,G,P,V,G,P,P,G,A,K,G,E,K,G,D,H,G,L,P,G,L,Q,G,H,P,G,H,Q,G,I,P,G,R,A,G,L,Q,G,P,G,M,R,G,L,E,G,T,A,G,L,P,G,P,P,G,P,F,Q,G,M,A,G,A,R,G,T,I,G,D,R,G,P,P,G,A,V,G,P,G,L,P,G,P,K,G,E,R,G,E,K,H,V,S,K,F,D,S,S,H,K,N,T,R,P,P,M,P,I,L,E,Q,K,P,E,Q,G,A,E,P,L,G,S,P,G,T,R,S,E,A,L,L,W,G,R,G,G,R,H,L
Suricata_suricatta,C,R,W,L,W,L,A,I,A,M,G,L,G,Q,E,S,G,R,L,R,L,A,V,L,P,E,D,R,L,Q,M,K,W,W,E,S,E,G,S,G,L,G,Y,L,V,Q,V,K,P,M,A,G,D,A,E,Q,D,V,M,L,T,T,K,A,P,K,A,T,V,G,G,L,S,P,S,K,G,Y,T,V,Q,I,F,V,L,T,G,S,G,T,T,L,L,A,R,R,E,F,V,I,E,Q,L,K,S,H,S,V,S,R,S,G,R,R,S,L,G,A,-,A,L,E,P,T,P,A,H,V,G,S,P,A,P,-,-,-,-,E,P,P,V,A,L,S,P,S,Q,D,P,P,T,-,A,S,P,Q,F,R,C,T,P,A,V,P,V,D,M,I,F,L,V,D,G,S,W,S,I,G,H,R,H,F,Q,Q,V,K,D,F,L,A,T,V,I,E,P,F,D,I,G,P,D,K,V,Q,V,G,L,T,Q,Y,S,G,D,P,R,T,E,W,D,L,N,T,F,R,T,K,E,D,V,L,A,A,V,R,S,L,R,Y,K,G,G,N,T,F,T,G,L,A,L,T,H,V,L,E,Q,N,L,K,P,G,A,G,P,R,P,E,V,A,T,V,V,I,L,V,T,D,G,K,S,Q,D,D,A,P,A,A,G,R,V,L,R,D,L,G,V,D,I,F,A,V,G,V,K,N,A,D,E,A,E,L,Q,L,L,A,S,Q,P,L,D,L,T,V,H,N,V,Q,G,F,P,Q,L,G,T,L,A,G,L,L,S,R,L,I,C,Q,K,V,R,G,R,S,A,T,-,T,A,G,G,P,A,P,G,T,L,F,T,P,T,S,L,V,V,T,Q,V,T,S,S,S,I,H,L,S,W,T,P,A,S,Q,L,P,L,K,Y,R,I,V,W,Q,P,S,R,G,G,A,P,R,E,A,V,V,E,G,S,T,S,S,M,E,L,H,N,L,T,A,G,T,E,Y,L,V,S,V,F,P,V,L,E,A,G,V,G,D,G,L,R,R,L,L,T,T,A,A,L,P,P,P,Q,A,L,T,L,G,A,V,T,P,R,T,I,R,L,A,W,Q,P,S,A,G,A,T,Q,Y,L,V,R,C,R,S,A,S,A,K,G,R,E,K,G,R,E,V,R,V,E,Q,P,E,V,L,L,D,G,L,E,P,G,R,D,Y,D,V,W,V,Q,S,L,R,G,P,E,A,S,E,A,R,G,I,R,A,R,T,S,T,L,E,P,P,R,H,L,G,F,S,D,V,S,H,D,S,A,R,V,F,W,E,G,V,S,K,P,V,R,L,F,R,I,S,F,V,S,S,E,G,S,H,S,G,Q,V,E,V,P,G,N,A,T,S,A,T,L,G,P,L,S,S,S,T,A,Y,S,V,R,V,T,C,V,Y,P,G,G,G,S,S,T,L,T,G,R,L,T,T,R,K,V,P,S,P,S,W,L,S,V,T,E,L,P,G,D,K,V,Q,L,E,W,T,A,T,A,A,S,G,V,L,V,Y,Q,I,K,W,T,P,L,G,D,G,E,P,H,E,I,S,V,P,G,T,Q,G,T,A,V,L,P,G,L,H,S,H,L,E,Y,E,I,T,I,L,A,Y,Y,R,D,G,A,R,S,D,P,V,S,V,R,Y,T,R,-,-,S,H,R,S,P,P,S,D,L,A,L,V,P,Q,A,P,D,S,L,R,V,S,W,T,P,P,G,G,H,V,L,H,Y,R,L,T,Y,A,L,A,S,G,S,G,P,E,K,S,I,S,V,P,G,P,S,S,H,V,T,L,P,N,L,L,A,A,S,T,Y,R,V,L,V,S,A,V,Y,G,G,G,E,S,V,A,V,S,A,V,G,S,T,A,A,C,P,A,L,S,P,D,G,P,L,P,G,F,D,L,M,A,A,F,G,L,V,E,K,E,Y,A,S,V,R,G,V,A,M,E,P,S,A,F,G,R,A,R,T,F,T,L,L,R,D,A,Q,L,T,R,R,A,D,I,H,L,A,A,E,H,T,V,V,F,L,L,R,L,L,P,E,T,P,R,E,T,F,A,L,W,Q,M,T,A,E,D,S,R,P,V,L,G,V,L,L,D,A,G,R,K,S,L,T,Y,F,N,H,N,P,R,A,T,L,Q,E,V,T,F,D,Q,P,E,V,R,R,I,F,F,G,S,F,H,K,V,H,V,A,V,G,R,S,K,V,R,L,Y,V,D,C,R,K,V,A,E,S,P,V,E,E,A,G,S,P,P,V,A,G,F,V,T,L,G,R,L,A,K,A,R,G,P,R,S,T,S,A,P,L,Q,L,Q,T,L,Q,I,V,C,S,D,S,W,A,E,E,D,T,C,C,E,L,P,A,S,K,D,A,D,T,C,P,A,F,S,S,S,C,T,C,S,S,R,T,P,G,P,P,G,P,Q,G,P,P,G,L,P,G,R,N,G,L,P,G,D,Q,G,S,P,G,P,R,G,E,P,G,P,P,G,Q,M,G,P,E,G,P,G,G,Q,Q,G,S,P,G,T,Q,G,R,T,V,Q,G,P,V,G,P,P,G,V,K,G,E,K,G,D,H,G,P,P,G,L,Q,G,H,P,G,H,Q,G,P,P,G,K,V,G,L,Q,G,P,G,T,R,G,L,E,G,S,A,G,L,P,G,P,P,G,P,F,Q,G,E,A,G,A,R,G,A,G,G,L,R,G,P,P,G,A,V,G,L,G,L,P,G,P,K,G,E,R,G,E,K,H,V,L,K,F,-,-,-,H,E,S,A,R,P,P,R,P,I,L,Q,A,L,G,H,P,-,-,-,-,-,-,-,-,S,T,P,G,E,A,W,L,G,G,R,D,G,P,H,P
Theropithecus_gelada,-,-,-,-,-,-,-,-,-,-,-,-,-,-,A,S,G,H,L,R,L,T,V,L,P,E,D,R,L,Q,M,K,W,R,E,S,E,G,S,G,L,G,Y,L,V,Q,V,Q,P,M,A,-,-,-,-,-,-,-,-,-,-,-,-,-,-,-,-,-,-,-,-,-,-,-,-,-,-,-,-,-,-,-,-,-,-,-,-,-,-,-,-,-,-,-,-,-,-,-,-,-,-,-,-,-,-,-,-,-,-,-,-,-,-,-,-,-,-,-,-,-,-,-,-,-,-,-,-,-,-,-,-,-,-,-,-,-,-,-,-,-,-,-,-,-,-,-,-,-,-,-,-,-,-,-,-,-,-,-,-,-,-,-,-,-,-,-,-,-,-,-,-,-,-,-,-,-,-,-,-,-,-,-,-,-,-,-,-,-,-,-,-,-,-,-,-,-,-,-,-,-,-,-,-,-,-,-,-,-,-,-,-,-,-,-,-,-,-,-,-,-,-,-,-,-,-,-,-,-,-,-,-,-,-,-,-,-,-,-,-,-,-,-,-,-,-,-,-,-,-,-,-,-,-,-,-,-,-,-,-,-,-,-,-,-,-,-,-,-,-,-,-,-,-,-,-,-,-,-,-,-,-,-,-,-,-,-,-,-,-,-,-,-,-,-,-,-,-,-,-,-,-,-,-,-,-,-,-,-,-,-,-,-,-,-,-,-,-,-,-,-,-,-,-,-,-,-,-,-,-,-,-,-,-,-,-,-,-,-,-,-,-,-,-,-,-,-,-,-,-,-,-,-,-,-,-,-,-,-,-,-,-,-,-,-,-,-,-,-,-,-,-,-,-,-,-,-,-,-,-,-,-,-,-,-,-,-,-,-,-,-,-,-,-,-,-,-,-,-,-,-,-,-,-,-,-,-,-,-,-,-,-,-,-,-,-,-,-,-,-,-,-,-,-,-,-,-,-,-,-,-,-,-,-,-,-,-,-,-,-,-,-,-,-,-,-,-,-,-,-,-,-,-,-,-,-,-,-,-,-,-,-,-,-,-,-,-,-,-,-,-,-,-,-,-,-,-,-,-,-,-,-,-,-,-,-,-,-,-,-,-,-,-,-,-,-,-,-,-,-,-,-,-,-,-,-,-,-,-,-,-,-,-,-,-,-,-,-,-,-,-,-,-,-,-,-,-,-,-,-,-,-,-,-,-,-,-,-,-,-,-,-,-,-,-,-,-,-,-,-,-,-,-,-,-,-,-,-,-,-,-,-,-,-,-,-,-,-,-,-,-,-,-,-,-,-,-,-,-,-,-,-,-,-,-,-,-,-,-,-,-,-,-,-,-,-,-,-,-,-,-,-,-,-,-,-,-,-,-,-,-,-,-,-,-,-,-,-,-,-,-,-,-,-,-,-,-,-,-,-,-,-,-,-,-,-,-,-,-,-,-,-,-,-,-,-,-,-,-,-,-,-,-,-,-,-,-,-,-,-,-,-,-,-,-,-,-,-,-,-,-,-,-,-,-,-,-,-,-,-,-,-,-,-,-,-,-,-,-,-,-,-,-,-,-,-,-,-,-,-,-,-,-,-,-,-,-,-,-,-,-,-,-,-,-,-,-,-,-,-,-,-,-,-,-,-,-,-,-,-,-,-,-,-,-,-,-,-,-,-,-,-,-,-,-,-,-,-,-,-,-,-,-,-,-,-,-,-,-,-,-,-,-,-,-,-,-,-,-,-,-,-,-,-,-,-,-,-,-,-,-,-,-,-,-,-,-,-,-,-,-,-,-,-,-,-,-,-,-,-,-,-,-,-,-,-,-,-,-,-,-,-,-,-,-,-,-,-,-,-,-,-,-,-,-,-,-,-,-,G,F,D,L,M,V,A,F,G,L,V,E,K,A,Y,A,S,I,R,G,V,A,M,E,P,S,A,F,G,G,T,P,T,F,T,L,F,K,D,A,Q,L,T,R,R,V,D,V,H,P,A,P,E,H,T,I,V,F,L,V,R,V,L,P,E,T,P,R,E,A,F,A,L,W,Q,M,T,A,E,D,F,Q,P,V,L,G,V,L,L,D,A,G,R,K,S,L,T,Y,F,H,R,D,P,R,A,A,L,Q,E,A,T,F,D,P,Q,E,V,R,K,I,F,F,G,S,F,H,K,V,H,V,A,V,G,R,S,K,V,R,L,Y,V,D,C,R,K,V,A,E,R,P,L,G,E,V,G,S,A,P,S,A,G,F,I,T,L,G,R,L,A,K,A,R,G,P,R,S,S,S,A,A,F,Q,L,Q,T,L,Q,I,V,C,S,D,T,W,A,D,E,D,R,C,C,E,L,P,A,S,R,D,V,E,T,C,P,A,F,V,S,A,C,S,C,S,S,E,T,P,G,P,P,G,P,Q,G,P,P,G,L,P,G,R,N,G,T,P,G,E,Q,G,F,P,G,P,R,-,-,-,-,-,-,-,-,-,-,-,-,-,-,-,-,-,-,-,-,-,-,-,-,-,-,-,-,-,-,-,-,G,P,P,G,V,K,G,E,K,G,D,H,G,L,P,G,L,Q,G,H,P,G,H,Q,G,I,P,G,R,V,G,L,Q,G,P,G,M,R,G,L,E,G,T,A,G,L,P,G,P,P,G,P,F,Q,G,M,A,G,A,R,G,T,S,G,E,K,G,P,P,G,A,V,G,P,G,L,P,G,P,K,G,E,R,G,E,K,H,V,S,K,F,D,S,F,H,E,N,T,R,P,P,M,P,I,L,E,Q,K,L,E,P,G,T,E,P,L,G,S,P,G,T,H,S,K,A,L,L,W,R,H,G,S,R,H,L
Trachypithecus_francoisi,C,L,W,L,W,L,S,T,T,L,G,R,E,P,A,S,G,H,L,R,L,T,V,L,P,E,D,R,L,Q,M,K,W,R,E,S,E,G,S,G,L,G,Y,L,V,Q,V,Q,P,M,A,G,D,S,E,Q,E,V,I,L,T,T,K,T,P,K,A,T,V,G,G,L,S,P,S,K,G,Y,T,L,Q,I,F,E,L,T,G,S,G,R,F,L,L,A,R,R,E,F,V,I,E,D,L,K,S,S,S,L,D,R,N,N,Q,R,P,L,S,S,G,A,P,E,P,T,P,S,L,M,G,S,P,D,P,E,Q,A,S,E,P,R,V,A,F,A,P,S,R,D,P,P,I,P,G,G,P,Q,F,R,C,L,P,P,V,P,A,D,M,V,F,L,V,D,G,S,W,S,I,G,H,S,H,F,Q,Q,V,K,D,F,L,A,S,V,I,A,P,F,E,I,G,P,D,K,V,Q,V,G,L,T,Q,Y,S,S,D,A,Q,T,E,W,N,L,N,S,F,G,T,K,E,Q,V,L,A,A,V,H,R,L,R,Y,K,G,G,N,T,F,T,G,L,A,L,T,H,V,L,G,Q,N,L,Q,P,A,A,G,L,R,P,E,A,A,K,V,V,I,L,V,T,D,G,K,S,Q,D,D,V,H,T,A,A,R,V,L,K,D,L,G,V,N,I,F,A,V,G,V,K,N,A,D,E,A,E,L,R,L,L,A,S,P,P,R,D,I,T,V,H,N,V,L,D,F,P,Q,L,A,T,L,A,S,L,L,S,R,L,I,C,Q,R,L,Q,D,G,G,P,R,R,-,A,A,A,P,A,L,D,T,L,P,A,P,T,S,L,V,L,S,Q,V,T,S,S,S,I,H,L,S,W,T,P,A,P,R,L,P,L,K,Y,L,I,V,W,R,A,S,R,G,G,T,P,R,E,V,V,V,E,G,P,A,A,S,A,E,L,H,N,L,T,S,R,T,E,Y,L,V,S,V,F,P,I,Y,E,G,G,V,G,E,G,L,R,G,L,A,T,T,A,P,L,S,P,P,R,A,L,T,L,A,A,V,T,P,R,T,I,H,L,T,W,Q,P,S,A,G,A,T,H,Y,L,V,R,C,S,P,A,S,S,K,G,E,E,E,E,R,E,V,Q,V,R,R,P,E,V,L,L,D,G,L,E,P,G,R,D,Y,E,V,S,V,Q,S,L,R,G,P,E,S,S,E,A,R,G,I,R,A,R,T,P,I,L,A,P,P,R,H,L,G,F,S,D,V,S,H,D,A,A,R,V,I,W,E,G,T,P,R,P,V,R,L,V,R,V,T,Y,V,S,S,E,G,G,H,S,G,Q,T,E,A,P,G,N,A,T,S,A,T,L,G,P,L,S,S,S,T,T,Y,T,V,R,V,T,C,L,Y,P,G,G,G,S,S,T,L,T,G,Q,V,T,T,K,K,V,P,S,P,S,Q,L,S,V,M,E,L,P,G,D,A,V,Q,L,A,W,V,A,A,A,P,S,G,V,L,V,Y,Q,I,K,W,T,P,L,G,E,G,K,A,H,E,I,S,V,P,G,N,L,G,T,A,V,L,P,G,L,G,R,H,T,E,Y,D,V,T,I,L,A,Y,Y,R,D,G,A,R,S,D,P,V,S,L,R,Y,T,P,S,T,V,N,R,S,P,P,S,N,L,A,L,A,S,E,T,P,D,S,L,Q,I,S,W,T,P,P,R,G,R,V,L,H,Y,R,L,T,Y,A,P,A,S,G,S,G,P,E,K,S,V,S,V,P,G,P,R,S,H,V,T,L,P,D,L,Q,A,A,T,K,Y,R,V,L,V,S,A,V,Y,A,A,G,R,S,E,A,V,S,A,T,G,Q,T,-,A,C,P,A,L,R,P,D,S,S,L,P,G,F,D,L,M,V,A,F,G,L,V,E,K,A,Y,A,S,I,R,G,V,A,M,E,P,S,A,F,G,G,T,P,T,F,T,L,F,K,D,A,Q,L,T,R,R,V,D,V,H,P,A,P,E,H,T,I,V,F,L,V,R,L,L,P,E,T,P,R,E,A,F,A,L,W,Q,M,T,A,E,D,F,Q,P,V,L,G,I,L,L,D,A,G,R,K,S,L,T,Y,F,H,R,D,P,R,A,A,L,Q,E,A,T,F,D,P,Q,E,V,R,K,I,F,F,G,S,F,H,K,V,H,V,A,V,G,R,S,K,V,R,L,Y,V,D,C,R,K,V,A,E,R,P,L,G,E,V,G,S,A,P,S,A,G,F,I,T,L,G,R,L,A,K,A,R,G,P,R,G,S,S,A,A,F,Q,L,Q,T,L,Q,I,V,C,S,D,T,W,A,D,E,D,R,C,C,E,L,P,A,S,R,D,G,E,T,C,P,A,F,V,S,A,C,S,C,S,S,E,T,P,G,P,P,G,P,Q,G,P,P,G,L,P,G,R,N,G,T,P,G,E,Q,G,F,P,G,P,R,-,-,-,-,-,-,-,-,-,-,-,-,-,-,-,-,-,-,-,-,-,-,-,-,-,-,-,-,-,-,-,-,G,P,P,G,V,K,G,E,K,G,D,H,G,L,P,G,L,Q,G,H,P,G,H,Q,G,I,P,G,R,V,G,L,Q,G,P,G,M,R,G,L,E,G,T,A,G,L,P,G,P,P,G,P,F,H,G,M,A,G,A,R,G,T,S,G,E,R,G,A,P,G,A,V,G,P,G,L,P,G,P,K,G,E,Q,G,E,K,H,V,S,K,F,D,S,F,H,E,N,T,R,P,P,M,P,I,L,E,Q,K,L,E,P,G,T,E,P,L,E,S,S,G,T,R,S,K,A,L,L,W,G,H,G,S,R,R,L
Tupaia_chinensis,W,L,W,L,C,L,G,A,V,L,G,P,G,Q,A,S,A,R,L,R,L,A,V,L,P,E,D,R,L,Q,M,K,W,R,G,L,E,G,S,S,L,G,Y,L,V,Q,V,K,P,M,A,G,D,P,E,Q,E,V,L,L,T,T,K,T,P,K,A,T,V,G,G,L,S,P,S,K,G,Y,S,L,H,V,F,A,L,T,G,S,G,R,V,L,L,V,Q,R,A,F,V,I,R,D,L,K,S,N,-,-,-,-,-,T,Q,R,P,P,G,A,-,A,P,E,P,T,P,S,H,V,G,S,P,D,P,E,Q,T,A,E,P,R,V,T,F,I,P,S,Q,D,P,P,V,P,A,G,P,Q,F,R,C,S,P,P,T,P,A,D,M,V,F,L,V,D,G,S,W,S,I,G,H,S,H,F,Q,L,V,K,D,F,L,A,S,V,I,A,P,F,E,I,G,L,D,K,T,Q,V,G,L,T,Q,Y,S,G,E,P,W,T,E,W,D,L,N,S,W,S,T,K,D,E,V,L,A,A,V,R,S,L,R,Y,Q,G,G,N,T,R,T,G,L,A,L,A,H,V,L,E,K,N,L,R,A,A,A,G,P,R,P,E,G,A,T,V,L,I,L,V,T,D,G,K,S,Q,D,D,V,Q,P,A,A,R,V,L,R,G,L,G,V,D,V,F,A,S,-,-,-,-,A,D,-,-,-,-,R,L,R,A,S,P,P,L,D,I,T,V,H,S,V,P,D,F,S,R,L,G,T,L,A,G,L,L,S,R,L,V,C,Q,R,I,Q,G,-,-,-,-,-,-,-,-,-,-,-,-,-,-,-,-,-,-,-,-,-,-,-,-,-,-,-,-,-,-,-,-,-,-,-,-,-,-,-,-,-,-,-,-,-,-,-,-,W,T,P,R,G,G,G,A,P,R,E,V,V,L,A,G,P,V,P,S,A,E,L,R,D,L,S,P,S,T,E,H,L,-,-,-,-,-,-,-,-,-,-,-,-,-,-,-,-,-,-,-,-,-,A,P,L,P,P,P,R,V,Q,T,L,A,T,V,T,P,R,T,V,R,L,T,W,Q,P,L,A,Q,V,T,Q,Y,L,L,R,C,S,P,-,-,-,-,-,-,-,-,-,-,-,-,-,-,-,-,-,-,-,-,-,-,-,-,-,-,-,-,-,-,-,-,-,V,Q,S,L,R,-,-,-,-,-,-,-,-,-,-,-,-,-,-,-,A,L,A,A,P,R,H,L,G,F,S,D,V,S,H,D,S,A,R,V,S,W,P,G,T,P,R,P,V,R,L,A,R,I,S,Y,V,S,S,K,S,D,H,S,G,Q,T,E,A,P,G,N,A,S,S,A,T,L,G,P,L,C,S,S,T,T,Y,A,V,S,V,T,C,L,Y,P,E,G,G,S,S,T,L,T,G,R,V,T,T,K,R,A,P,S,P,S,Q,L,S,V,T,E,L,P,G,D,E,V,R,L,A,W,V,A,A,T,R,S,G,V,L,A,Y,Q,I,R,W,M,P,L,G,K,G,K,A,Q,E,M,S,V,P,G,D,L,G,T,A,L,L,P,G,L,G,R,H,T,E,Y,K,I,T,I,L,A,S,Y,S,N,G,A,L,S,D,P,V,S,L,R,Y,S,P,S,S,V,S,S,T,P,P,S,S,L,A,L,A,S,E,T,P,D,S,L,Q,V,S,W,T,P,P,S,S,P,A,L,R,Y,Q,L,T,Y,V,P,A,S,G,L,G,P,E,T,T,V,S,V,P,G,P,K,S,H,T,T,L,L,G,L,L,A,A,S,E,Y,R,V,L,V,S,A,V,Y,A,A,G,E,S,V,A,A,S,A,S,G,W,T,-,A,C,P,A,L,H,Q,D,S,A,L,P,G,F,D,L,M,V,A,F,G,L,V,E,K,E,Y,A,S,I,R,G,M,A,M,E,R,S,A,T,G,S,L,Q,T,F,T,L,F,K,D,A,Q,L,T,R,S,A,D,V,H,P,A,V,E,H,T,I,V,F,L,V,R,L,L,P,E,T,P,H,E,A,F,A,L,W,Q,M,T,A,K,D,F,Q,P,V,F,G,V,L,L,D,A,G,R,K,S,L,T,Y,F,N,R,D,L,G,A,A,L,Q,E,V,T,F,D,L,Q,D,V,K,K,I,F,F,G,S,F,H,K,V,H,V,A,V,G,R,S,Q,V,R,L,Y,V,D,C,R,K,V,A,E,Q,P,I,G,E,A,G,S,P,P,T,A,G,F,V,I,L,G,R,L,A,K,A,R,G,P,W,S,S,S,A,T,L,Q,L,Q,M,L,Q,I,L,C,G,D,S,W,A,D,Q,D,H,C,C,E,L,P,A,L,R,G,G,E,T,C,P,A,L,P,T,A,C,T,C,S,S,E,T,P,G,P,P,G,P,Q,G,P,P,G,L,P,G,R,S,G,T,R,G,E,Q,G,F,P,G,P,R,G,E,P,G,P,P,G,Q,K,G,P,E,G,P,G,G,Q,Q,G,S,P,G,M,Q,G,H,T,V,Q,G,P,V,G,P,S,G,I,K,G,E,K,G,D,R,G,P,P,G,L,Q,G,H,P,G,H,-,-,-,-,G,R,V,G,L,Q,G,P,G,T,R,G,L,E,G,T,A,G,L,P,G,P,P,G,P,F,Q,G,V,A,G,A,R,G,A,S,G,E,R,G,P,S,G,M,V,G,P,G,L,P,G,P,K,G,E,R,G,E,K,H,V,L,K,F,D,S,F,C,E,N,T,R,P,P,L,P,I,S,E,K,-,V,E,P,G,R,P,-,L,G,S,P,G,R,H,R,E,A,L,V,R,R,R,S,G,R,R,P
Urocitellus_parryii,C,L,W,L,W,L,G,T,T,L,A,H,G,L,V,S,G,H,L,R,L,T,V,L,P,E,D,R,L,Q,M,K,W,R,E,S,V,G,S,G,L,G,Y,L,V,Q,V,K,P,M,A,G,D,S,E,Q,E,V,M,L,T,T,K,I,P,K,A,T,V,G,G,L,S,P,T,K,G,Y,T,L,Q,I,F,K,L,T,G,S,G,P,V,L,L,V,R,R,E,F,V,I,E,D,L,K,S,N,S,L,G,K,S,S,Q,R,P,P,G,A,-,A,L,E,P,T,P,S,H,R,G,A,P,D,P,E,Q,A,S,D,S,R,V,T,F,T,P,S,Q,D,P,P,I,L,A,G,P,E,F,R,C,T,P,P,T,P,T,D,M,V,F,L,V,D,G,S,W,S,I,G,R,G,H,F,Q,H,V,K,N,F,L,A,S,V,I,S,P,F,E,I,G,P,D,K,V,Q,V,G,L,T,Q,Y,S,G,D,P,Q,T,E,W,D,L,N,S,F,R,S,R,G,E,V,L,A,A,V,R,G,L,R,Y,K,G,G,N,T,F,T,G,L,A,L,T,H,V,L,G,Q,N,L,K,P,S,A,G,L,R,P,E,A,A,K,V,V,I,L,V,T,D,G,K,S,Q,D,D,V,H,T,A,A,R,V,L,K,D,L,D,V,D,V,F,A,V,G,V,K,N,A,D,E,A,E,L,K,V,L,A,S,Q,P,L,D,I,T,V,H,N,V,L,D,F,P,Q,L,A,T,L,A,G,L,L,S,R,L,I,C,Q,K,V,Q,G,R,S,L,S,R,S,E,D,A,P,A,L,E,P,L,P,G,P,S,S,L,V,L,T,Q,I,T,S,S,S,V,H,V,S,W,T,P,A,P,Q,L,P,L,E,Y,L,I,V,W,Q,S,S,R,G,G,T,P,Q,E,L,V,I,G,G,P,A,S,S,V,Q,L,C,N,L,T,S,S,S,E,Y,L,V,S,V,L,P,V,Y,K,D,R,V,G,K,G,L,Q,G,L,V,T,T,A,P,L,P,P,P,R,A,L,T,L,V,T,A,T,P,R,M,L,H,L,A,W,Q,S,S,A,G,A,T,H,Y,L,V,R,C,L,S,A,S,P,G,G,K,E,E,E,K,E,V,Q,V,G,R,P,E,V,L,L,D,G,L,E,P,G,R,D,Y,Q,I,L,V,Q,S,L,R,G,P,E,A,S,E,A,R,S,I,H,I,R,T,P,A,L,A,H,P,R,H,L,G,F,S,D,V,S,H,D,S,A,R,V,S,W,E,G,T,Q,R,P,L,R,L,V,R,V,S,Y,I,S,S,D,G,G,H,S,G,Q,T,E,T,P,G,N,A,T,W,A,A,L,G,P,L,F,S,S,T,T,Y,T,V,R,V,T,C,L,Y,L,G,G,G,S,S,T,L,T,G,R,V,T,T,G,K,A,P,S,P,S,Q,L,S,V,T,E,L,P,G,D,A,V,R,L,V,W,A,A,A,A,S,S,G,V,L,V,Y,Q,I,K,W,T,P,L,G,E,G,Q,A,H,E,I,S,V,P,G,T,L,S,T,A,V,L,P,D,L,G,K,H,T,E,Y,E,I,T,I,L,A,Y,Y,R,D,G,A,H,S,D,P,V,S,L,R,Y,S,P,S,A,A,S,R,S,P,P,S,S,L,A,L,S,S,E,T,P,N,S,L,Q,V,S,W,T,P,P,S,G,H,V,L,H,Y,R,L,T,Y,T,P,A,T,G,S,G,P,E,Q,S,I,S,V,P,G,P,R,S,H,T,V,L,S,D,L,L,A,A,T,K,Y,K,V,L,V,S,A,V,Y,G,A,G,E,S,V,A,V,S,A,M,G,W,T,A,A,C,P,T,L,H,P,D,S,S,L,P,G,F,D,L,M,A,A,F,G,L,V,E,K,E,H,A,S,I,R,G,V,A,M,E,P,S,A,L,G,L,T,P,T,F,T,L,F,K,D,A,Q,L,T,R,R,T,D,I,H,P,V,A,E,H,T,V,V,F,L,V,R,L,L,P,E,T,P,R,E,A,F,A,L,W,Q,M,T,A,E,D,F,R,P,I,L,G,V,L,L,D,A,G,R,R,S,L,T,Y,F,N,H,D,P,R,A,A,L,Q,V,A,T,F,D,L,Q,E,V,K,K,V,F,F,G,S,Y,H,K,V,H,V,A,V,G,H,S,K,V,R,L,Y,V,D,C,Q,K,V,A,E,R,P,I,G,E,A,S,S,-,P,T,S,G,F,V,M,L,G,R,L,A,K,A,R,G,P,R,S,S,S,A,T,F,Q,L,Q,M,L,Q,I,V,C,S,D,T,W,A,D,E,D,R,C,C,E,L,P,A,L,R,D,R,E,T,C,P,A,F,P,S,A,C,T,C,S,S,E,T,P,G,P,P,G,P,Q,G,P,P,G,L,P,G,R,N,G,T,P,G,G,Q,G,L,P,G,P,R,G,E,P,G,P,P,G,Q,T,G,P,E,G,P,G,G,Q,Q,G,S,P,G,T,Q,G,R,T,V,Q,G,P,V,G,P,P,G,S,K,G,E,K,G,D,Q,G,L,P,G,L,Q,G,Y,P,G,Q,P,G,T,P,G,R,V,G,L,Q,G,P,G,M,R,G,L,E,G,P,A,G,Q,P,G,P,P,G,P,F,Q,G,L,V,G,A,R,G,T,N,G,E,R,G,P,P,G,A,V,G,P,G,L,P,G,P,K,G,E,P,G,E,K,H,V,L,R,L,Q,S,S,H,G,S,T,R,P,P,M,P,I,L,V,E,A,V,K,P,G,G,H,P,P,G,S,P,N,T,L,S,K,A,L,L,Q,G,R,G,G,H,H,T
Ursus_americanus,C,L,W,L,W,L,G,V,A,L,G,R,S,Q,A,G,S,H,L,T,L,A,V,L,P,E,D,R,L,Q,M,K,W,R,G,S,E,G,S,S,L,G,Y,L,L,Q,V,K,P,M,A,G,D,A,E,Q,E,V,M,L,T,T,K,T,P,K,A,T,V,G,G,L,S,P,S,K,G,Y,T,V,Q,I,F,E,L,T,S,S,G,N,T,L,L,A,Q,R,E,F,V,I,E,D,L,K,S,H,S,V,S,R,S,S,R,K,P,L,E,A,-,A,V,E,P,T,P,S,H,V,G,S,P,D,P,-,-,-,-,G,P,R,V,A,W,S,P,S,Q,D,L,P,T,L,A,S,P,H,F,C,C,T,P,P,T,P,V,D,M,I,F,L,V,D,G,S,W,S,I,G,H,S,H,F,Q,Q,V,K,D,F,L,A,S,V,I,E,P,F,E,I,G,P,N,K,V,Q,V,G,L,T,Q,Y,S,G,D,P,Q,T,E,W,D,L,N,A,F,R,T,K,E,E,V,L,A,A,V,H,S,L,R,Y,K,G,G,N,T,F,T,G,L,A,L,T,H,V,R,E,Q,N,L,K,P,G,A,G,P,R,P,E,A,A,K,V,V,I,L,V,T,D,G,K,S,Q,D,D,A,R,A,A,G,R,V,L,K,D,L,G,V,A,I,F,A,V,G,V,K,N,A,D,E,A,E,L,Q,L,L,A,S,P,P,L,D,I,T,V,H,N,V,Q,D,F,P,Q,L,G,T,L,A,G,L,L,S,R,L,I,C,Q,K,V,Q,A,G,S,-,-,-,-,A,A,T,P,A,L,D,T,V,F,T,P,T,S,L,V,L,T,Q,V,T,S,S,S,V,H,L,S,W,T,P,A,P,Q,L,P,P,K,Y,L,I,T,W,R,P,S,K,G,G,T,P,R,E,V,L,V,E,G,P,T,S,S,V,E,L,H,N,L,T,A,G,T,E,Y,L,V,S,V,F,P,V,C,E,A,G,V,G,E,S,L,R,G,L,V,T,T,A,P,L,P,A,P,Q,A,L,T,L,A,A,V,T,P,R,T,I,R,L,A,W,R,P,S,A,G,A,T,Y,Y,L,V,R,C,S,P,A,P,P,R,G,Q,E,E,G,R,E,V,R,V,G,Q,P,E,V,L,L,D,G,L,E,P,G,T,D,Y,D,I,W,V,Q,S,L,Q,G,T,E,A,S,E,A,R,G,I,R,A,R,T,A,T,L,V,P,P,R,H,L,G,F,S,D,V,T,H,D,S,A,R,V,F,W,E,G,L,L,R,P,V,S,L,F,R,V,S,F,V,S,R,E,G,G,H,S,G,Q,V,E,A,P,G,N,A,T,A,A,T,L,G,P,L,S,S,S,T,T,Y,S,V,R,V,T,C,L,Y,P,T,G,G,S,S,T,L,T,G,R,L,T,T,R,K,V,P,S,P,S,Q,L,S,V,K,E,L,P,G,D,E,V,Q,L,E,W,A,A,A,A,D,S,G,V,L,V,Y,Q,I,K,W,T,P,L,G,D,G,K,A,R,E,I,S,V,P,G,N,L,G,M,A,V,L,P,G,L,R,S,H,L,E,Y,E,I,T,I,L,A,Y,Y,R,D,G,A,R,S,D,P,V,S,L,R,Y,T,P,-,-,P,H,R,S,P,P,S,N,L,A,L,A,P,E,S,P,S,S,L,R,V,S,W,T,P,P,S,G,H,V,L,H,Y,R,L,T,Y,V,L,A,S,G,S,G,P,E,K,S,I,S,V,P,G,P,R,S,H,V,T,L,P,D,L,L,A,A,T,K,Y,R,V,L,V,S,A,V,Y,G,A,G,E,S,M,A,V,S,A,I,G,R,T,-,A,C,P,A,L,S,P,D,G,P,L,P,G,F,D,L,M,A,A,F,G,L,V,E,K,E,Y,A,S,I,R,G,V,A,M,E,H,S,A,F,G,C,A,R,T,F,T,L,F,K,D,A,Q,L,T,R,R,A,D,L,Q,L,A,A,E,H,T,V,V,F,L,L,R,V,L,P,E,T,P,R,E,T,F,A,L,W,Q,M,T,A,E,D,F,Q,P,V,L,G,V,L,L,D,A,G,R,K,S,L,T,Y,F,N,H,D,P,R,A,T,L,Q,E,V,T,F,D,L,P,E,V,R,R,I,F,F,G,S,F,H,K,V,H,V,A,V,G,R,S,K,V,R,L,Y,V,D,C,Q,K,V,A,E,R,P,V,G,E,A,G,S,P,P,A,T,G,F,V,M,L,G,R,L,A,K,A,R,G,P,R,S,S,S,A,T,F,Q,L,Q,T,L,Q,I,V,C,S,D,S,W,A,E,E,D,V,C,C,E,L,P,A,A,K,D,G,E,T,C,P,A,F,P,S,A,C,T,C,S,S,Q,T,P,G,P,P,G,P,Q,G,P,P,G,L,P,G,R,N,G,A,P,G,E,Q,G,F,P,G,P,R,-,-,-,-,-,-,-,-,-,-,-,-,-,-,-,-,-,-,-,-,-,-,-,-,-,-,-,-,-,-,-,-,G,P,P,G,V,K,G,E,K,G,D,H,G,L,P,G,L,Q,G,H,P,G,Q,Q,G,A,P,G,K,V,G,L,Q,G,P,G,M,R,G,L,E,G,S,T,G,L,P,G,P,P,G,P,F,Q,G,M,A,G,A,R,G,T,S,G,E,R,G,P,P,G,A,V,G,P,G,L,P,G,P,K,G,D,R,G,E,K,H,V,L,K,F,H,S,F,H,E,S,A,R,P,P,R,P,I,L,E,A,P,G,L,P,-,-,-,-,-,-,-,-,S,T,L,S,E,A,R,L,G,G,D,E,G,P,R,P
Ursus_maritimus,C,L,W,L,W,L,G,V,A,L,G,R,G,Q,A,G,S,H,L,T,L,A,V,L,P,E,D,R,L,Q,M,K,W,R,G,S,E,G,S,S,L,G,Y,L,L,Q,V,K,P,M,A,G,D,A,E,Q,E,V,M,L,T,T,K,T,P,K,A,T,V,G,G,L,S,P,S,K,G,Y,T,V,Q,I,F,E,L,T,S,S,G,N,T,L,L,A,Q,R,E,F,V,I,E,D,L,K,S,H,S,V,S,R,S,S,R,K,P,L,E,A,-,A,V,E,P,T,P,S,H,V,G,S,P,D,P,-,-,-,-,G,P,R,V,A,W,S,P,S,Q,D,L,P,T,L,A,S,P,H,F,C,C,T,P,P,T,P,V,D,M,I,F,L,V,D,G,S,W,S,I,G,H,S,H,F,Q,Q,V,K,D,F,L,A,S,V,I,E,P,F,E,I,G,P,N,K,V,Q,V,G,L,T,Q,Y,S,G,D,P,Q,T,E,W,D,L,N,A,F,R,T,K,E,E,V,L,A,A,V,H,S,L,R,Y,K,G,G,N,T,F,T,G,L,A,L,T,H,V,R,E,Q,N,L,K,P,G,A,G,P,R,P,E,A,A,K,V,V,I,L,V,T,D,G,K,S,Q,D,D,A,R,A,A,G,R,V,L,K,D,L,G,V,A,I,F,A,V,G,V,K,N,A,D,E,A,E,L,Q,L,L,A,S,P,P,L,D,I,T,V,H,N,V,Q,D,F,P,Q,L,G,T,L,A,G,L,L,S,R,L,I,C,Q,K,V,Q,A,G,S,-,-,-,-,A,A,T,P,A,L,D,T,V,F,T,P,T,S,L,V,L,T,Q,V,T,S,S,S,V,H,L,S,W,T,P,A,P,Q,L,P,P,K,Y,L,I,T,W,R,P,S,K,G,G,T,P,R,E,V,L,V,E,G,P,T,S,S,V,E,L,H,N,L,T,A,G,T,E,Y,L,V,F,V,F,P,V,C,E,A,G,V,G,E,S,L,R,G,L,V,T,T,A,P,L,P,A,P,Q,A,L,T,L,A,A,V,T,P,R,T,I,R,L,A,W,R,P,S,A,G,A,T,Y,Y,L,V,R,C,S,P,A,P,P,R,G,Q,E,E,G,R,E,V,R,V,G,Q,P,E,V,L,L,D,G,L,E,P,G,T,D,Y,D,I,W,V,Q,S,L,Q,G,T,E,A,S,D,A,R,G,I,R,A,R,T,A,T,L,V,P,P,R,H,L,G,F,S,D,V,T,H,D,S,A,R,V,F,W,E,G,L,L,R,P,V,S,L,F,R,V,S,F,V,S,R,E,G,G,H,S,G,Q,V,E,A,P,G,N,A,T,A,A,T,L,G,P,L,S,S,S,T,T,Y,S,V,R,V,T,C,L,Y,P,T,G,G,S,S,T,L,T,G,R,L,T,T,R,K,V,P,S,P,S,Q,L,S,V,K,E,L,P,G,D,E,V,Q,L,E,W,A,A,A,A,D,S,G,V,L,V,Y,Q,I,K,W,T,P,L,G,D,G,K,A,R,E,I,S,V,P,G,N,L,G,M,A,V,L,P,G,L,R,S,H,L,E,Y,E,I,T,I,L,A,Y,Y,R,D,G,A,R,S,D,P,V,S,L,R,Y,T,P,-,-,P,H,R,S,P,P,S,N,L,A,L,A,P,E,S,P,S,S,L,R,V,S,W,T,P,P,S,G,H,V,L,H,Y,R,L,T,Y,V,L,A,S,G,S,G,P,E,K,S,-,-,-,-,-,-,-,S,H,V,T,L,P,D,L,L,A,A,T,K,Y,R,V,L,V,S,A,V,Y,G,A,G,E,S,M,A,V,S,A,I,G,R,T,-,A,C,P,A,L,S,P,D,G,P,L,P,G,F,D,L,M,A,A,F,G,L,V,E,K,E,Y,A,S,I,R,G,V,A,M,E,H,S,A,F,G,C,A,R,T,F,T,L,F,K,D,A,Q,L,T,R,R,A,D,L,Q,L,A,A,E,H,T,V,V,F,L,L,R,V,L,P,E,T,P,R,E,T,F,A,L,W,Q,M,T,A,E,D,F,Q,P,V,L,G,V,L,L,D,A,G,R,K,S,L,T,Y,F,N,H,D,P,R,A,T,L,Q,E,V,T,F,D,L,P,E,V,R,R,I,F,F,G,S,F,H,K,V,H,V,A,V,G,R,S,K,V,R,L,Y,V,D,C,Q,K,V,A,E,R,P,V,G,E,A,G,S,P,P,A,A,G,F,V,M,L,G,R,L,A,K,A,R,G,P,R,S,S,S,A,T,F,Q,L,Q,T,L,Q,I,V,C,S,D,S,W,A,E,E,D,V,C,C,E,L,P,A,A,K,D,G,E,T,C,P,A,F,P,S,A,C,T,C,S,S,Q,T,P,G,P,P,G,P,Q,G,P,P,G,L,P,G,R,N,G,A,P,G,E,Q,G,F,P,G,P,R,-,-,-,-,-,-,-,-,-,-,-,-,-,-,-,-,-,-,-,-,-,-,-,-,-,-,-,-,-,-,-,-,G,P,P,G,V,K,G,E,K,G,D,H,G,L,P,G,L,Q,G,H,P,G,Q,Q,G,A,P,G,K,V,G,L,Q,G,P,G,M,R,G,L,E,G,S,A,G,L,P,G,P,P,G,P,F,Q,G,M,A,G,A,R,G,T,G,G,E,R,G,P,P,G,A,V,G,P,G,L,P,G,P,K,G,D,R,G,E,K,H,V,L,K,F,H,S,F,H,E,S,A,R,P,P,R,P,I,L,E,A,P,G,L,P,-,-,-,-,-,-,-,-,S,T,L,S,E,A,R,L,G,G,D,E,G,P,R,P
Vicugna_pacos,S,L,W,L,L,L,G,A,A,M,G,L,G,Q,A,S,G,R,L,K,L,V,V,L,P,E,D,R,L,Q,M,T,W,R,E,S,E,G,R,S,L,G,F,L,V,R,V,K,P,M,A,G,D,P,E,Q,E,V,M,L,T,T,K,T,P,K,A,T,V,G,G,L,S,P,S,K,G,Y,S,V,Q,I,F,E,L,T,G,S,G,N,T,L,L,A,R,R,E,F,V,I,E,D,L,K,S,N,S,M,S,R,S,G,R,R,P,A,G,A,-,A,L,E,P,T,P,S,H,V,G,S,L,D,L,-,-,-,-,E,P,W,L,A,L,A,P,S,Q,D,P,P,T,P,A,G,A,R,F,R,C,T,P,P,M,P,A,D,M,I,F,L,V,D,G,S,W,S,I,G,H,S,H,F,Q,Q,V,K,D,F,L,A,S,V,I,E,P,F,E,I,G,L,D,K,V,Q,V,G,L,T,Q,Y,S,G,A,P,W,T,E,W,D,L,N,T,F,G,T,K,E,K,V,L,A,A,V,H,S,L,R,Y,R,G,G,N,T,F,T,G,L,A,L,T,H,V,L,E,Q,N,L,Q,P,A,A,G,L,R,P,E,V,V,K,L,V,I,L,V,T,D,G,K,S,Q,D,D,A,R,T,A,G,H,V,L,K,G,L,G,V,D,V,F,A,V,G,V,K,N,A,D,E,A,E,L,R,L,L,A,S,P,P,L,D,I,T,V,H,N,V,Q,D,F,P,Q,L,G,T,L,A,G,L,L,S,R,L,I,C,Q,K,I,Q,G,R,S,P,R,R,-,A,A,T,L,A,L,D,P,L,S,T,P,T,S,L,V,L,T,Q,V,T,S,S,S,V,H,L,S,W,T,P,A,P,Q,P,P,L,K,Y,L,I,V,W,Q,P,S,K,G,G,T,P,R,E,V,V,V,E,G,P,A,L,S,T,E,L,H,N,L,T,S,S,T,E,Y,L,V,S,V,L,P,V,Y,K,A,G,V,G,E,G,L,Q,G,L,V,T,T,A,P,L,P,P,P,R,A,L,T,L,A,A,V,T,P,R,T,I,R,L,A,W,Q,P,S,A,G,A,A,Q,Y,L,V,R,C,S,P,A,S,P,K,G,E,E,E,A,R,E,V,R,V,G,Q,P,G,V,L,L,D,G,L,D,P,G,R,D,Y,D,I,W,V,Q,S,L,R,G,A,E,T,S,E,A,Q,G,I,R,A,R,T,P,T,L,G,A,P,R,H,L,D,F,S,D,V,S,H,D,S,A,R,V,S,W,E,G,I,Q,R,P,V,R,L,F,R,V,S,Y,V,S,S,K,G,G,H,S,G,Q,T,E,V,P,G,N,A,T,W,A,T,L,G,P,L,S,S,S,T,T,Y,T,V,R,V,T,C,L,Y,P,R,G,S,S,S,T,L,T,G,H,L,T,T,R,K,V,P,S,P,S,Q,L,S,V,T,E,L,P,G,D,K,V,R,L,E,W,A,A,A,A,A,S,G,V,L,V,Y,Q,I,K,W,T,P,L,G,D,G,K,A,H,E,I,S,V,P,G,N,L,A,T,A,V,L,P,G,L,G,R,R,S,E,C,E,I,A,L,L,A,Y,Y,R,D,G,A,R,S,D,P,V,S,L,R,Y,S,P,-,-,L,S,Q,S,P,P,S,D,L,A,L,A,S,E,S,P,N,S,L,R,V,S,W,T,P,P,S,S,H,V,L,H,Y,R,L,T,Y,T,L,A,S,G,S,G,P,E,K,S,V,S,V,P,G,P,R,S,Q,V,T,L,P,D,L,L,A,A,T,K,Y,R,V,L,V,S,A,I,Y,G,A,G,E,S,V,A,V,S,A,V,G,R,T,A,A,C,P,A,L,H,P,D,G,S,L,P,G,F,D,L,M,A,A,F,G,L,V,E,K,E,Y,A,S,I,R,G,L,A,M,E,P,S,A,F,G,P,T,R,T,F,T,L,F,K,D,A,Q,L,T,R,R,A,D,I,H,P,A,A,E,H,T,V,V,F,L,L,R,L,L,P,E,T,P,R,E,A,F,A,L,W,Q,V,A,A,E,D,F,Q,P,V,L,G,V,L,L,D,A,G,R,K,S,L,T,Y,F,N,R,D,P,R,A,T,L,Q,E,V,T,F,D,L,P,E,V,R,R,I,F,F,G,S,F,H,K,V,-,-,-,-,-,-,-,-,V,R,L,Y,V,D,C,R,R,W,A,E,R,P,I,G,E,A,G,S,L,P,A,A,G,F,V,T,L,G,R,L,A,K,P,G,D,P,R,S,S,S,A,S,F,Q,L,Q,L,L,Q,I,V,C,S,D,S,W,A,E,E,D,R,C,C,E,L,P,A,S,K,D,G,E,S,C,P,A,F,P,S,A,C,T,C,S,L,Q,T,P,G,P,P,G,P,Q,G,P,P,G,L,P,G,R,N,G,A,P,G,E,Q,G,F,P,G,P,R,-,-,-,-,-,-,-,-,-,-,-,-,-,-,-,-,-,-,-,-,-,-,-,-,-,-,-,-,-,-,-,-,G,P,P,G,V,K,G,E,K,G,D,H,G,L,P,G,L,Q,G,H,P,G,L,Q,G,T,P,G,K,V,G,I,Q,G,P,G,M,R,G,L,E,G,T,S,G,L,P,G,P,P,G,P,L,P,G,T,A,G,A,R,G,S,G,G,E,R,G,P,P,G,A,V,G,P,G,L,P,G,P,K,G,E,R,G,E,K,-,-,-,-,-,-,-,-,-,-,-,-,-,-,-,-,-,-,-,-,-,-,-,-,-,-,-,-,-,-,-,-,-,-,-,-,-,-,-,-,-,-,-,-,-,-,-,-,-
Artibeus_jamaicensis,-,V,W,L,W,L,G,V,A,L,G,L,S,R,A,S,G,R,L,W,L,A,V,L,P,E,D,R,L,Q,M,K,W,A,E,S,E,R,P,G,L,G,Y,L,V,Q,V,K,P,V,A,G,D,S,E,Q,E,V,M,L,T,T,K,T,P,K,A,T,V,G,G,L,S,P,S,K,G,Y,T,L,Q,I,F,G,L,T,G,S,G,R,V,L,L,A,R,R,A,F,V,I,E,D,L,K,S,H,P,V,G,G,S,S,W,R,P,L,G,A,-,A,A,E,L,S,P,T,L,V,G,S,P,D,L,-,-,-,-,E,P,Q,V,T,A,A,P,S,Q,G,P,P,T,L,A,G,P,R,F,R,C,T,P,P,T,P,V,D,M,I,F,L,V,D,G,S,W,S,V,G,H,S,H,F,Q,Q,V,K,D,F,L,A,S,V,I,E,P,F,E,I,G,P,D,K,V,Q,V,G,L,T,Q,Y,S,G,D,P,Q,T,E,W,D,L,N,T,F,G,T,K,E,E,V,L,A,A,V,R,S,L,H,Y,K,G,G,N,T,F,T,G,L,A,L,T,H,V,L,E,Q,N,L,R,P,G,A,G,P,R,L,E,A,A,T,V,V,V,L,V,T,D,G,K,S,Q,D,D,T,H,A,A,G,R,V,L,K,G,L,D,I,D,I,F,A,V,G,V,K,N,A,D,E,A,E,L,R,L,L,A,S,Q,P,L,D,V,T,V,H,N,V,Q,G,F,P,Q,L,R,T,L,A,G,L,L,S,R,L,I,C,Q,K,V,Q,G,R,S,P,R,K,A,K,P,A,A,A,G,D,P,L,Y,T,P,T,S,L,V,L,T,Q,V,T,S,S,S,V,H,L,S,W,T,P,A,P,Q,P,P,L,K,Y,L,V,V,W,R,P,S,R,G,G,A,P,G,E,V,V,V,A,G,P,S,S,S,A,E,L,H,N,L,T,A,S,T,E,Y,L,L,S,V,H,A,V,S,E,A,G,V,G,E,G,L,R,G,L,V,T,T,G,P,L,P,P,P,Q,A,L,A,L,A,S,V,T,P,R,T,I,R,L,T,W,Q,P,S,A,G,A,T,Q,Y,L,V,R,C,A,S,A,T,P,K,G,E,E,E,A,R,E,V,Q,V,G,Q,P,Q,V,L,L,R,G,L,E,P,G,R,E,Y,D,V,Q,V,R,S,L,Q,G,A,Q,A,S,E,A,R,G,I,R,V,R,T,P,P,L,A,A,P,R,H,L,S,F,S,D,V,T,H,D,S,A,R,V,S,W,E,G,P,L,R,P,V,R,L,F,R,V,S,F,V,S,T,E,G,S,H,S,G,Q,T,E,A,P,G,N,A,T,S,V,T,L,G,P,L,S,S,S,T,T,Y,T,V,R,V,A,C,L,F,P,G,G,S,S,S,T,M,T,G,H,L,T,T,R,K,V,P,S,P,S,R,L,S,V,T,E,L,P,G,D,E,V,R,L,T,W,A,A,A,A,T,S,G,V,L,V,Y,Q,I,K,W,M,P,L,G,D,G,K,A,H,E,V,S,V,P,G,N,R,G,E,A,I,L,P,G,L,G,R,R,S,E,H,E,I,T,V,L,A,Y,Y,R,D,G,A,R,S,D,P,V,S,L,H,Y,A,P,-,-,R,S,R,S,P,P,S,N,L,A,L,V,P,E,S,P,N,S,L,R,V,S,W,T,P,P,T,G,H,V,L,H,Y,R,L,T,C,A,L,A,S,G,S,G,P,E,T,S,V,S,I,P,G,S,R,S,H,V,T,L,P,D,L,R,A,A,T,K,Y,R,V,L,V,S,A,V,Y,E,T,G,D,S,A,A,V,A,A,M,G,W,T,A,A,C,P,A,L,H,P,N,G,T,L,A,G,F,D,L,M,A,A,F,G,L,V,E,K,E,Y,A,S,L,R,G,I,A,M,E,P,S,A,L,G,P,A,R,T,F,T,L,L,R,D,A,Q,L,T,R,R,A,D,V,H,P,A,P,E,H,T,V,A,F,L,L,R,L,L,P,Q,T,P,R,E,A,F,A,L,W,Q,M,T,A,E,D,F,Q,P,V,L,G,V,L,L,D,A,G,R,K,S,L,T,Y,F,C,H,D,P,S,A,A,L,Q,E,V,T,F,D,L,P,E,V,K,R,I,F,F,G,S,F,H,K,V,H,V,A,V,G,H,S,K,V,R,L,Y,V,D,C,R,K,V,A,E,R,P,I,G,P,A,G,S,P,P,V,S,G,F,V,T,L,G,R,L,A,K,A,R,G,P,R,G,G,S,A,A,L,Q,L,Q,M,L,R,L,V,C,S,D,T,W,A,E,E,D,R,C,C,E,L,P,A,L,K,D,G,A,A,C,P,A,S,P,S,A,C,A,C,S,S,E,I,S,G,P,P,G,P,Q,G,P,P,G,L,P,G,R,D,G,A,P,G,Q,Q,G,V,P,G,P,R,G,E,P,G,P,P,G,Q,T,G,P,E,G,P,G,G,Q,Q,G,S,P,G,T,Q,G,R,T,V,Q,G,P,V,G,P,P,G,V,K,G,E,K,G,D,H,G,P,P,G,L,Q,G,Y,P,G,H,Q,G,A,P,G,K,V,G,L,Q,G,P,G,M,R,G,L,E,G,T,A,G,L,P,G,P,P,G,P,F,Q,G,A,A,G,A,R,G,A,G,G,E,R,G,P,P,G,A,V,G,P,G,L,P,G,P,K,G,E,R,G,E,K,H,M,L,K,F,H,S,F,H,E,S,S,R,P,P,L,P,V,S,E,-,-,-,-,-,-,-,-,-,-,-,-,-,-,-,-,-,-,-,-,-,-,-,-,-,-,-,-,-
Desmodus_rotundus,-,-,W,L,W,L,G,V,A,L,G,L,S,W,A,S,G,H,L,W,L,A,V,L,P,E,D,R,L,Q,M,K,W,A,E,S,E,G,P,G,L,G,Y,L,V,Q,V,K,P,M,A,G,D,S,E,Q,E,V,M,L,T,T,K,T,P,K,A,T,V,G,G,L,S,P,S,K,G,Y,I,L,Q,I,F,E,L,T,G,S,G,R,V,M,L,A,Q,R,E,F,V,I,E,D,L,K,S,H,P,V,S,G,S,S,R,Q,T,L,G,E,-,S,V,E,P,M,P,T,L,E,G,S,P,D,P,-,-,-,-,E,L,Q,V,T,S,A,S,S,Q,G,P,P,A,L,A,G,S,Q,F,R,C,T,P,P,T,P,A,D,M,I,F,L,V,D,G,S,W,S,I,G,H,S,H,F,Q,Q,V,K,D,F,L,A,R,V,I,E,P,F,E,I,G,P,D,K,V,Q,V,G,L,T,Q,Y,S,G,D,P,Q,T,E,W,D,L,N,T,F,G,T,K,E,E,V,L,A,A,V,R,S,L,H,Y,R,G,G,N,T,F,T,G,L,A,L,T,H,V,L,E,Q,N,L,R,P,G,A,G,P,R,P,E,A,A,T,V,V,V,L,V,T,D,G,K,S,Q,D,D,A,R,T,V,G,Q,V,L,K,G,L,G,V,D,V,F,T,V,G,V,K,N,A,D,E,A,E,L,R,L,L,A,S,Q,P,L,D,V,T,V,H,N,V,Q,D,F,P,Q,L,S,T,L,A,G,L,L,S,R,L,I,C,Q,K,V,Q,S,K,T,P,R,Q,A,K,P,A,A,A,G,D,P,L,S,T,P,T,S,L,V,L,T,Q,V,T,S,S,S,V,H,L,S,W,T,P,A,P,Q,P,P,L,K,Y,L,V,V,W,R,P,S,R,G,G,T,P,W,E,V,V,V,S,G,T,S,S,S,A,E,L,H,D,L,T,A,G,T,E,Y,L,L,S,V,H,A,V,S,E,A,G,V,G,E,G,L,R,T,L,V,T,T,A,P,L,P,P,P,Q,A,L,A,L,A,A,V,T,P,R,T,I,R,L,T,W,Q,P,S,A,G,A,T,Q,Y,L,V,Q,C,V,S,A,A,P,K,G,E,E,E,A,R,E,V,Q,V,G,R,P,Q,V,L,L,G,G,L,E,P,G,R,D,Y,D,V,L,V,R,S,L,Q,G,A,Q,A,S,E,A,R,G,I,R,V,R,T,P,P,L,A,A,P,R,H,L,S,F,L,D,V,M,H,D,S,A,R,V,S,W,E,G,P,P,R,P,V,R,L,F,R,V,S,Y,M,S,S,D,G,S,H,S,G,Q,A,E,A,P,G,N,A,T,S,V,T,L,G,P,L,S,S,S,T,T,Y,N,V,R,V,T,C,L,F,P,G,G,S,S,S,T,M,T,G,R,L,T,T,R,K,V,P,S,P,R,R,L,S,V,T,E,L,P,G,D,E,V,R,L,T,W,A,A,A,A,T,S,S,V,L,A,Y,Q,I,K,W,T,P,L,G,-,G,K,A,H,E,I,S,V,P,G,N,Q,G,T,A,I,L,P,G,L,G,R,R,S,E,H,E,I,T,I,M,A,Y,Y,R,D,G,A,R,S,D,P,V,S,L,R,Y,A,P,-,-,V,S,W,S,P,P,S,N,L,A,L,A,S,E,S,P,N,S,L,Q,V,S,W,T,P,P,T,G,H,V,L,H,Y,Q,L,T,Y,A,L,A,S,G,S,G,P,E,K,S,V,S,I,P,G,S,R,S,Q,V,T,L,P,D,L,L,A,A,T,K,Y,R,V,L,V,S,A,V,Y,G,A,G,E,S,V,A,V,A,T,T,G,R,T,A,A,C,P,A,L,R,P,N,S,S,L,A,G,F,D,L,M,A,A,F,G,L,V,E,K,D,Y,A,S,I,R,G,V,A,M,E,P,S,V,L,G,P,A,R,T,F,T,L,L,R,D,A,Q,L,T,R,R,A,N,I,S,P,V,P,E,Y,T,V,V,F,L,L,R,L,L,P,E,T,P,R,E,A,F,A,L,W,Q,M,T,A,E,D,F,Q,P,V,L,G,V,L,L,D,A,G,R,K,S,L,T,Y,F,S,H,D,P,R,A,A,L,Q,E,V,T,F,D,L,P,E,V,K,R,I,F,F,G,S,F,H,K,V,H,V,A,V,G,L,S,K,V,R,L,Y,V,D,C,K,K,V,A,E,R,P,I,R,A,A,G,S,P,P,A,S,G,F,V,T,L,G,R,L,A,K,A,R,G,P,R,G,G,S,A,T,L,Q,L,Q,T,L,Q,L,L,C,S,D,T,W,A,E,G,D,R,C,C,E,L,P,A,S,K,D,G,E,A,C,P,A,S,L,S,A,C,T,C,S,S,E,T,S,G,P,P,G,P,Q,G,P,P,G,L,P,G,R,D,G,A,P,G,H,Q,G,V,P,G,P,R,G,E,P,G,P,P,G,Q,T,G,P,E,G,P,G,G,Q,Q,G,S,P,G,T,Q,G,R,T,V,Q,G,P,M,G,P,P,G,V,K,G,E,K,G,D,H,G,S,P,G,L,Q,G,Y,P,G,H,Q,G,A,P,G,K,V,G,L,Q,G,P,G,M,R,G,L,E,G,T,T,G,L,P,G,P,P,G,P,F,Q,G,M,A,G,A,R,G,A,S,G,E,R,G,L,P,G,A,V,G,P,G,L,P,G,P,K,G,E,R,G,E,K,H,V,L,K,F,D,S,F,H,E,S,S,R,P,P,L,P,-,-,-,-,-,-,-,-,-,-,-,-,-,-,-,-,-,-,-,-,-,-,-,-,-,-,-,-,-,-,-,-
Eptesicus_fuscus,C,L,W,L,W,L,G,V,T,L,G,L,G,P,A,N,G,H,L,Q,L,A,V,L,P,E,D,Q,L,Q,I,K,W,T,E,S,Q,G,R,G,L,G,Y,L,V,Q,V,K,P,V,A,G,D,V,E,Q,E,V,M,L,T,T,K,T,P,K,A,T,V,G,G,L,S,P,S,K,G,Y,T,L,Q,I,F,E,L,T,G,S,G,N,V,L,L,A,Q,R,E,F,V,I,E,D,L,R,S,H,S,V,S,R,S,S,W,R,P,L,G,A,-,A,L,E,P,T,P,S,H,T,G,S,P,D,P,-,-,-,-,D,P,P,V,I,L,A,P,S,Q,D,P,P,T,L,A,G,L,Q,F,H,C,M,P,P,T,P,A,D,M,I,F,L,V,D,G,S,W,S,I,G,H,S,H,F,Q,Q,V,K,D,F,L,A,S,I,I,E,P,F,E,I,G,P,D,K,V,Q,V,G,L,T,Q,Y,S,G,D,P,K,T,E,W,D,L,N,T,F,S,T,K,E,E,V,L,A,A,V,H,S,L,H,Y,R,G,G,N,T,F,T,G,L,A,L,T,H,V,L,E,Q,N,L,K,P,A,A,G,P,R,P,E,A,A,K,V,V,I,L,V,T,D,G,K,S,Q,D,D,A,R,A,A,G,R,I,L,K,S,L,D,V,D,I,F,A,V,G,V,K,N,A,D,E,A,E,L,R,L,L,A,S,P,P,L,D,I,T,V,H,S,V,Q,D,F,P,Q,L,S,T,L,A,G,L,L,S,R,L,V,C,Q,Q,V,Q,S,R,S,P,R,P,A,A,A,T,P,A,L,D,P,L,S,A,P,T,S,L,V,L,T,Q,V,T,S,S,S,V,H,L,S,W,T,P,A,L,Q,R,P,L,K,Y,L,V,V,W,R,P,S,R,G,G,A,R,R,E,V,E,V,D,G,P,S,T,S,M,E,L,H,G,L,T,S,G,T,E,Y,L,L,S,V,F,P,M,Y,E,A,G,V,G,E,G,L,R,G,L,V,T,T,V,P,L,P,P,P,Q,A,L,A,L,A,T,V,T,P,R,T,I,R,L,T,W,Q,P,S,A,G,A,T,Q,Y,L,V,R,Y,S,L,A,S,P,Q,G,K,E,E,G,R,E,V,R,V,G,Q,P,E,V,L,L,G,S,L,E,P,G,R,D,Y,D,I,W,V,Q,S,L,Q,G,A,Q,A,S,E,A,R,G,I,H,A,R,T,P,P,L,A,P,P,R,P,L,I,F,S,D,V,S,H,D,S,A,R,V,S,W,K,G,T,L,R,P,V,Q,L,F,R,V,S,Y,L,S,S,K,G,S,H,S,G,Q,M,E,A,P,G,N,A,T,S,V,T,L,G,P,L,S,S,S,T,T,Y,T,I,R,V,T,R,L,Y,P,G,G,G,S,S,T,T,T,G,R,L,T,T,R,K,V,P,S,P,S,Q,L,S,V,T,E,L,P,G,G,E,V,Q,L,A,W,A,A,A,A,A,S,G,V,L,V,Y,Q,I,K,W,T,P,L,G,D,G,K,A,H,E,I,S,V,P,G,S,L,R,T,A,V,L,P,G,L,G,A,H,L,E,H,E,I,T,I,L,A,Y,F,R,D,G,A,H,S,D,P,V,S,F,H,Y,S,P,-,-,-,S,R,S,P,P,S,N,L,T,L,T,S,E,S,P,N,S,L,L,V,S,W,T,P,P,T,G,H,V,L,H,Y,R,L,T,Y,T,L,A,L,G,S,G,P,E,K,S,V,S,V,P,G,P,R,S,H,V,M,L,P,G,L,L,A,A,T,K,Y,R,V,L,V,S,A,V,Y,G,A,G,E,S,M,A,V,T,A,T,G,R,T,A,A,C,P,A,L,R,P,D,G,S,L,A,G,F,D,L,M,A,A,F,G,L,V,E,R,E,Y,A,S,I,R,G,V,A,M,E,P,S,A,F,G,S,T,R,T,F,T,L,F,R,D,A,Q,L,T,R,R,A,D,I,H,L,A,A,E,H,T,V,V,F,L,L,R,L,L,P,D,T,P,R,E,A,F,A,L,W,Q,M,T,T,E,D,F,Q,P,A,L,G,V,L,L,D,A,G,R,K,S,L,T,Y,F,S,H,D,P,R,A,A,L,Q,E,V,T,F,D,L,P,E,V,R,R,I,F,F,G,S,F,H,K,V,H,V,A,V,G,H,S,K,V,R,L,Y,V,D,C,R,K,V,A,E,R,P,I,G,E,A,G,S,P,P,A,A,G,F,I,T,L,G,R,L,A,K,A,R,G,P,R,S,S,S,A,A,L,Q,L,Q,M,L,Q,I,L,C,S,D,T,W,A,E,E,D,R,C,C,E,L,P,A,L,K,D,G,E,T,C,P,A,F,P,P,A,C,T,C,S,S,Q,T,P,G,P,P,G,P,R,G,P,P,G,L,P,G,R,N,G,A,S,G,Q,Q,G,F,P,G,P,R,G,E,P,G,P,P,G,Q,T,G,P,K,G,P,G,G,Q,Q,G,S,P,G,T,Q,G,R,T,V,Q,G,P,V,G,P,P,G,V,K,G,E,K,G,D,H,G,L,P,G,L,Q,G,Y,P,G,H,Q,G,D,P,G,E,A,G,L,Q,G,P,G,M,R,G,L,E,G,T,A,G,L,P,G,P,P,G,P,Y,P,G,M,V,G,A,R,G,T,S,G,E,R,G,P,P,G,T,V,G,P,G,L,P,G,P,K,G,E,R,G,E,K,H,V,L,K,F,D,S,F,H,K,S,T,R,P,P,M,P,I,L,E,A,P,G,P,L,-,-,-,-,-,-,-,-,V,T,P,S,E,A,R,L,G,G,N,G,G,F,H,P
Hipposideros_armiger,C,L,W,L,W,L,G,V,T,L,G,R,G,Q,A,S,G,R,L,R,L,A,V,L,P,E,D,R,L,Q,M,K,W,K,E,S,D,G,S,G,L,G,Y,L,V,Q,V,K,P,M,A,G,D,S,E,Q,E,V,M,L,T,T,K,T,P,K,A,T,V,G,G,L,S,P,S,K,E,Y,T,V,Q,I,F,E,L,T,G,S,G,N,V,L,L,A,H,R,E,F,V,I,E,D,L,K,S,N,S,M,S,R,S,S,R,R,T,L,G,T,-,A,L,G,P,M,P,S,H,V,G,S,P,D,P,-,-,-,-,E,P,Q,V,T,L,A,P,S,Q,D,P,P,S,L,A,G,P,Q,F,R,C,M,P,P,T,P,A,D,M,I,F,L,V,D,G,S,W,S,I,G,H,S,H,F,Q,Q,V,K,D,F,L,A,S,V,I,E,P,F,E,I,G,P,D,K,V,Q,V,G,L,T,Q,Y,S,G,D,P,Q,T,E,W,D,L,N,A,F,G,T,K,E,E,V,L,A,A,V,R,N,L,H,Y,K,G,G,N,T,F,T,G,L,A,L,T,H,V,L,Q,E,N,L,K,P,T,A,G,P,R,P,E,A,A,K,V,V,I,L,V,T,D,G,K,S,Q,D,D,V,H,A,A,G,R,V,L,K,D,L,D,V,D,V,F,A,V,G,V,K,N,A,D,E,T,E,L,R,L,L,A,S,R,P,L,D,I,T,V,H,N,V,Q,D,F,P,Q,L,G,T,L,A,G,L,L,S,R,L,I,C,Q,Q,V,Q,G,R,S,P,H,G,-,A,A,A,P,A,L,D,P,L,S,T,P,A,S,L,V,L,S,Q,L,T,S,S,S,V,R,L,S,W,T,P,A,P,R,P,P,L,K,Y,L,V,V,W,R,P,S,R,G,G,V,P,R,E,V,V,V,E,G,P,S,S,S,T,E,L,L,N,L,T,S,G,T,E,Y,L,V,S,V,F,P,I,Y,K,A,G,A,G,E,G,L,R,G,L,V,T,T,A,P,L,P,P,P,Q,A,L,A,L,A,T,V,T,P,R,T,V,R,L,T,W,Q,P,S,A,G,A,T,Q,Y,L,V,R,C,A,P,A,S,P,K,G,E,E,E,G,R,E,V,Q,V,R,L,P,E,V,L,L,D,G,L,E,P,A,R,D,Y,D,I,W,V,Q,S,L,R,G,A,E,A,S,E,A,R,G,I,R,A,R,T,S,P,P,A,P,P,R,H,L,A,F,S,D,V,S,H,D,S,A,R,V,S,W,E,G,T,P,K,P,V,R,L,F,R,V,S,Y,V,S,S,E,G,G,H,S,G,Q,T,E,A,P,G,N,A,T,S,A,T,L,G,P,L,S,S,S,T,T,Y,T,V,R,V,T,C,L,Y,P,G,G,G,S,S,T,V,T,G,R,L,T,T,R,K,V,P,S,P,S,Q,L,S,V,T,E,L,P,G,D,E,V,R,L,E,W,A,A,A,A,A,S,G,V,L,V,Y,Q,I,K,W,T,P,L,G,D,G,K,A,H,E,I,S,V,P,G,N,L,G,T,A,I,L,P,G,L,G,K,H,S,E,Y,E,I,T,I,L,A,Y,Y,R,D,G,A,R,S,D,P,V,S,L,H,Y,T,P,-,-,I,S,R,N,P,P,S,N,L,A,L,A,S,E,S,P,S,S,L,R,V,S,W,T,P,P,S,G,R,V,L,H,Y,R,L,T,Y,A,L,A,S,G,S,G,P,E,K,L,V,T,V,P,G,P,T,S,H,V,T,L,P,N,L,M,A,A,T,K,Y,R,V,L,V,S,A,V,Y,G,A,G,E,S,T,A,V,S,A,T,G,R,T,A,A,C,P,A,L,H,L,D,G,S,L,T,G,F,D,L,M,A,A,F,G,L,V,Q,T,E,Y,A,S,I,R,G,V,A,M,E,P,S,A,F,G,P,T,R,T,F,T,L,L,K,D,A,Q,L,T,R,R,A,D,I,H,P,A,A,E,H,T,V,V,F,L,L,R,L,L,P,E,T,P,R,E,A,F,A,L,W,Q,M,T,A,E,D,F,R,P,V,L,G,V,L,L,D,A,G,R,K,S,L,T,Y,F,S,H,D,P,R,A,A,L,Q,E,V,T,F,D,L,P,E,V,R,R,I,F,F,G,S,F,H,K,V,H,V,A,V,G,R,S,K,V,Q,L,Y,V,D,C,R,K,V,A,E,R,P,I,G,E,A,S,S,P,P,A,T,G,F,V,T,L,G,R,L,A,K,A,R,G,P,R,S,S,S,A,A,F,Q,L,Q,V,L,Q,I,V,C,S,D,T,W,A,E,E,D,R,C,C,E,L,P,G,S,K,D,G,D,T,C,P,A,L,P,S,A,C,P,C,S,W,Q,T,P,G,P,P,G,P,Q,G,P,P,G,L,P,G,R,N,G,A,P,G,Q,Q,G,F,P,G,P,R,G,E,P,G,P,P,G,Q,T,G,P,E,G,P,G,G,Q,Q,G,S,P,G,T,Q,G,R,T,V,Q,G,P,V,G,P,P,G,V,K,G,E,K,G,D,H,G,L,P,G,L,Q,G,H,P,G,H,Q,G,A,P,G,K,V,G,L,Q,G,P,G,M,R,G,L,E,G,T,A,G,L,P,G,P,P,G,P,F,Q,G,M,A,G,A,R,G,T,S,G,A,R,G,P,P,G,A,V,G,P,G,L,P,G,P,K,G,E,R,G,E,K,H,M,L,K,F,D,S,F,H,E,S,T,R,P,P,M,P,I,L,E,A,A,R,L,P,-,-,-,-,-,-,-,-,G,M,R,S,E,T,R,L,R,G,H,G,D,P,R,P
Miniopterus_natalensis,C,L,W,L,W,L,C,V,T,L,G,R,G,Q,A,S,R,R,L,K,L,T,V,L,P,E,D,R,L,Q,M,K,W,T,E,S,E,G,R,G,L,G,Y,L,V,Q,V,K,P,M,A,G,D,S,E,Q,E,V,M,L,T,T,K,T,P,K,A,T,V,G,G,L,S,P,S,K,G,Y,T,L,Q,I,F,E,L,T,S,S,G,N,V,L,L,A,R,R,E,F,V,I,E,D,L,K,S,H,S,M,S,R,S,S,R,R,P,L,G,A,-,A,L,E,P,S,P,S,H,V,G,S,P,D,P,-,-,-,-,D,P,R,V,T,L,A,P,S,Q,D,S,P,T,L,A,G,P,Q,F,R,C,M,A,P,V,P,V,D,M,I,F,L,V,D,G,S,W,S,I,G,H,S,H,F,Q,Q,V,K,D,F,L,A,S,V,I,E,P,F,E,I,G,P,D,K,V,Q,V,G,L,T,Q,Y,S,G,D,P,Q,T,E,W,D,L,N,T,F,S,T,K,E,E,V,L,A,A,T,R,S,L,Q,Y,K,G,G,N,T,F,T,G,L,A,L,T,H,V,L,E,K,N,L,K,P,T,V,G,L,R,P,Q,S,A,K,V,V,V,L,V,T,D,G,K,S,Q,D,D,A,H,A,A,G,R,I,L,R,S,L,D,V,D,V,F,A,V,G,V,K,N,A,H,E,A,E,L,R,L,L,A,S,Q,P,L,D,I,T,V,H,N,V,Q,D,F,P,Q,L,S,T,L,A,G,L,L,S,R,L,V,C,Q,Q,V,Q,G,R,S,L,S,Q,A,A,A,T,P,A,L,D,P,L,S,T,P,T,S,L,V,L,T,K,V,T,S,S,S,V,H,L,S,W,T,P,A,L,Q,P,P,L,K,Y,L,V,V,W,R,P,S,R,G,G,A,P,R,E,V,L,V,E,G,P,S,S,S,V,E,L,H,N,L,T,S,G,A,E,Y,L,L,S,V,F,P,V,Y,E,A,G,V,G,E,G,L,R,G,L,V,T,T,A,P,L,P,P,P,Q,A,L,A,L,A,T,V,T,P,R,T,V,R,L,T,W,Q,P,S,A,G,A,T,Q,Y,R,V,R,C,S,P,A,S,V,K,G,E,E,E,G,R,E,V,Q,V,E,W,P,E,V,V,L,G,S,L,E,P,D,T,D,Y,N,I,W,V,Q,S,L,Q,G,T,Q,A,S,K,A,R,G,I,R,A,R,T,P,P,L,A,P,P,R,H,L,G,F,S,D,V,S,H,D,S,A,R,V,S,W,E,G,T,L,R,P,V,R,L,F,R,V,S,Y,V,S,S,E,G,S,H,S,G,Q,T,E,A,P,G,N,A,T,S,V,T,L,G,P,L,S,S,S,T,T,Y,T,V,R,V,T,C,L,Y,S,G,G,S,S,S,T,L,T,G,R,L,T,T,R,K,V,P,S,P,S,Q,L,S,V,T,E,L,P,G,D,K,V,R,L,E,W,A,A,A,V,A,S,G,V,L,V,Y,Q,I,K,W,T,P,L,G,D,G,K,A,H,E,I,S,V,P,G,N,L,G,M,A,I,L,P,G,L,G,R,H,S,E,Y,E,I,T,I,L,A,Y,Y,R,D,G,T,R,S,D,P,V,S,L,R,Y,S,P,-,-,R,S,L,S,P,P,S,N,L,V,L,A,S,E,S,P,N,S,L,W,V,S,W,T,P,P,T,G,H,V,L,H,Y,R,L,T,Y,T,V,A,S,G,S,G,P,E,K,L,V,S,V,P,G,P,R,S,N,V,T,L,P,D,L,L,A,A,T,K,Y,R,V,L,V,S,A,V,Y,G,A,G,E,S,I,A,V,S,A,T,G,Q,T,A,A,C,P,A,L,H,P,D,G,S,L,A,G,F,D,L,M,A,T,F,G,L,V,E,K,E,Y,A,S,I,R,G,V,A,M,E,P,A,V,F,G,S,T,R,T,F,T,L,F,K,D,A,Q,L,T,R,R,T,N,I,H,L,A,T,E,H,T,V,V,F,L,L,R,L,L,P,E,T,P,R,E,P,F,A,L,W,Q,M,T,A,E,D,F,Q,P,V,L,G,I,L,L,D,A,G,R,K,S,L,T,Y,F,S,Y,D,P,K,A,V,L,Q,E,V,T,F,D,L,P,E,V,R,R,I,F,F,G,S,F,H,K,V,H,V,A,V,G,H,S,K,V,R,L,Y,V,D,C,R,K,V,A,E,R,P,I,G,E,A,G,S,P,P,A,T,G,F,I,M,L,G,R,L,A,K,A,R,G,P,R,S,S,S,A,A,L,Q,L,Q,M,L,Q,I,V,C,S,D,T,W,A,E,E,D,R,C,C,E,L,P,A,S,K,D,K,E,N,C,P,A,F,P,S,A,C,T,C,S,S,Q,T,P,G,P,P,G,P,Q,G,P,P,G,L,P,G,R,N,G,A,P,G,Q,Q,G,F,P,G,P,R,G,E,P,G,P,P,G,Q,T,G,P,E,G,P,G,G,Q,Q,G,S,P,G,T,Q,G,R,T,V,Q,G,P,V,G,P,P,G,V,K,G,E,K,G,D,H,G,L,P,G,L,Q,G,Y,P,G,H,Q,G,V,P,G,K,V,G,L,Q,G,P,G,M,R,G,L,E,G,T,A,G,L,P,G,P,P,G,P,F,Q,G,I,V,G,A,R,G,T,S,G,E,R,G,P,P,G,A,V,G,P,G,L,P,G,P,K,G,E,R,G,E,K,H,M,L,K,F,D,S,F,H,E,S,T,R,P,P,M,P,I,L,E,A,P,G,P,P,-,-,-,-,-,-,-,-,V,T,R,S,E,A,R,L,G,G,H,G,G,P,H,A
Molossus_molossus,C,L,W,L,W,L,G,V,T,L,G,L,S,Q,A,S,G,R,L,K,L,V,V,L,P,E,D,R,L,Q,M,K,W,T,E,S,E,G,R,S,L,G,Y,L,V,Q,V,K,P,M,A,G,D,S,E,Q,E,V,M,L,T,T,K,T,P,K,A,T,V,G,G,L,S,P,S,K,G,Y,T,L,Q,I,F,T,L,T,G,S,G,N,A,L,L,V,R,R,D,F,V,I,E,E,L,K,G,H,P,V,S,R,S,S,Q,R,P,P,G,T,-,A,L,E,P,T,P,S,H,V,G,S,S,E,P,-,-,-,-,E,P,R,V,T,L,D,P,S,R,D,P,C,R,P,A,G,P,Q,F,R,C,M,P,P,T,P,T,D,M,I,F,L,V,D,G,S,W,S,I,G,H,S,H,F,Q,Q,V,K,D,F,L,A,S,V,I,E,P,F,E,I,G,P,D,R,V,Q,V,G,L,T,Q,Y,S,G,D,P,Q,T,E,W,D,L,N,A,F,S,T,K,E,E,V,L,A,A,V,R,S,L,R,Y,R,G,G,N,T,F,T,G,L,A,L,T,H,V,L,E,Q,N,L,K,P,A,A,G,P,R,P,E,A,A,K,V,V,V,L,V,T,D,G,K,S,Q,D,D,A,R,A,A,G,R,V,L,K,S,L,D,V,E,V,F,A,V,G,V,K,N,A,D,E,A,E,L,R,L,L,A,S,Q,P,L,D,I,T,V,H,N,V,Q,D,F,P,Q,L,S,T,L,A,G,L,L,S,R,L,I,C,Q,Q,V,Q,G,R,A,P,R,S,-,A,A,A,P,A,L,D,P,F,S,A,P,T,G,L,V,L,T,Q,V,T,P,S,S,V,H,L,S,W,T,P,A,R,Q,P,P,L,K,Y,L,V,V,W,R,P,S,G,G,G,A,P,R,E,V,V,V,E,G,P,S,W,S,T,E,L,H,N,L,T,A,G,T,E,Y,L,L,S,V,F,P,V,S,E,A,G,V,G,E,G,L,R,G,L,V,T,T,A,P,L,P,P,P,Q,A,L,A,L,A,M,V,T,P,R,T,V,R,L,T,W,Q,P,A,A,G,A,T,Q,Y,L,V,R,C,S,P,A,S,P,K,G,E,G,Q,D,R,E,V,R,V,G,R,P,E,V,L,L,G,S,L,E,P,G,T,D,Y,S,I,W,V,W,S,L,Q,G,T,Q,A,S,E,A,R,T,I,R,A,R,T,P,P,L,D,P,P,R,H,L,G,F,S,D,V,S,H,D,S,A,R,V,S,W,E,G,P,P,R,P,V,R,L,F,R,V,S,Y,V,S,S,E,G,T,H,S,G,Q,T,E,A,P,G,N,A,T,S,A,T,L,G,P,L,S,S,S,S,T,Y,T,V,H,V,T,C,L,Y,P,G,G,S,S,S,T,M,T,G,R,L,T,T,R,K,A,P,S,P,S,Q,L,S,V,T,E,L,P,G,D,Q,V,Q,L,G,W,A,A,A,-,-,S,G,V,L,V,Y,Q,I,K,W,T,P,L,G,D,G,K,A,H,E,V,S,V,P,G,S,Q,G,A,A,V,L,P,G,L,G,R,H,A,E,Y,E,I,T,I,L,A,Y,Y,R,D,G,A,R,S,D,P,V,S,V,R,Y,A,P,-,-,R,N,R,S,P,P,S,N,L,A,L,A,S,E,S,P,N,S,L,R,V,S,W,T,P,P,T,G,P,V,L,H,Y,R,L,T,Y,A,L,A,S,G,S,G,P,E,K,S,V,S,V,P,G,P,S,S,Q,V,T,L,H,D,L,L,A,A,T,K,Y,R,V,L,V,S,A,V,Y,G,V,G,E,S,T,A,V,S,A,T,G,R,T,-,A,C,P,A,L,H,P,D,G,S,L,T,G,F,D,L,M,A,A,F,G,L,V,E,K,E,Y,A,S,L,R,G,V,A,M,E,P,S,A,F,G,S,A,R,T,F,T,L,F,R,D,A,Q,L,T,R,R,A,D,T,L,P,A,T,E,H,T,V,L,F,L,L,R,L,L,P,D,T,P,R,E,A,F,A,L,W,Q,M,T,A,E,D,S,T,P,V,L,G,V,L,L,D,A,G,R,K,S,L,T,Y,F,S,H,D,P,R,A,A,L,Q,E,V,T,F,D,L,P,E,V,K,R,I,F,F,G,S,F,H,K,V,H,V,A,V,G,H,H,R,V,R,L,Y,V,D,C,R,K,V,A,E,R,P,I,G,Q,A,G,S,P,P,A,A,S,F,I,T,L,G,R,L,A,K,A,R,G,P,R,G,S,S,A,T,L,Q,L,Q,A,L,Q,I,V,C,G,D,T,W,A,E,A,D,R,C,C,E,L,P,A,L,K,G,G,E,T,C,P,A,F,R,P,A,C,T,C,S,L,Q,T,P,G,P,P,G,P,Q,G,P,P,G,L,P,G,R,K,G,A,P,G,Q,Q,G,F,P,G,P,R,-,-,-,-,-,-,-,-,-,-,-,-,-,-,-,-,-,-,-,-,-,-,-,-,-,-,-,-,-,-,-,-,G,P,P,G,V,K,G,E,K,G,D,H,G,L,P,G,V,Q,G,S,P,G,H,Q,G,V,P,G,K,V,G,L,Q,G,P,G,M,R,G,L,E,G,A,A,G,L,P,G,P,P,G,P,S,Q,G,L,A,G,A,R,G,T,S,G,E,R,G,P,P,G,A,V,G,P,G,L,P,G,P,K,G,D,R,G,E,K,H,V,L,K,F,D,S,F,H,E,T,T,R,P,P,M,P,I,L,E,A,P,G,P,P,-,-,-,-,-,-,-,-,I,T,L,S,E,A,Q,L,G,G,R,G,G,P,H,P
Myotis_brandtii,C,L,W,L,W,L,G,V,T,L,G,L,G,Q,A,N,G,R,L,K,L,A,V,L,P,E,D,Q,L,Q,I,K,W,T,E,S,E,G,G,G,L,G,Y,L,V,Q,V,K,P,M,A,G,D,V,E,Q,E,V,M,L,T,T,K,T,P,K,A,T,V,G,G,L,S,P,S,K,G,Y,T,L,Q,I,F,E,L,T,G,S,G,N,V,L,L,A,Q,R,E,F,V,I,E,D,L,R,S,H,S,A,S,R,S,S,W,R,P,L,G,A,-,A,L,E,P,T,P,S,H,M,G,S,P,D,P,-,-,-,-,D,P,R,V,I,L,A,P,S,Q,D,P,P,A,L,A,G,L,Q,F,H,C,M,P,P,T,P,T,D,M,I,F,L,V,D,G,S,W,S,I,G,H,S,H,F,Q,Q,V,K,D,F,L,A,S,I,I,E,P,F,E,I,G,P,D,K,V,Q,V,G,L,T,Q,Y,S,G,D,P,Q,T,E,W,E,L,N,T,F,S,T,K,E,E,V,L,A,A,V,H,S,L,H,Y,R,G,G,N,T,F,T,G,L,A,L,T,H,V,L,E,Q,N,L,R,P,A,A,G,P,R,P,E,A,A,K,V,V,I,L,V,T,D,G,K,S,Q,D,D,A,C,A,A,G,R,I,L,K,S,L,D,V,D,I,F,A,V,G,V,K,N,A,D,E,A,E,L,R,L,L,A,S,P,P,L,D,I,T,V,H,H,V,Q,D,F,P,Q,L,S,T,L,A,G,L,L,S,R,L,V,C,Q,Q,V,Q,G,R,S,P,R,P,A,A,A,P,P,T,L,D,P,L,S,A,P,T,S,L,V,L,T,Q,V,T,S,S,S,V,H,L,S,W,T,P,A,L,Q,P,P,L,K,Y,L,V,V,W,R,P,S,R,G,G,A,P,Q,E,V,E,V,D,G,H,S,T,S,T,E,L,H,G,L,A,S,G,T,E,Y,L,L,S,V,F,P,V,Y,E,A,G,V,G,E,G,L,R,G,L,V,T,T,V,P,L,P,P,P,Q,A,L,A,L,A,T,V,T,P,R,T,I,H,L,T,W,Q,P,S,A,G,A,T,Q,Y,L,V,R,Y,S,L,A,S,P,K,G,E,E,E,G,R,E,V,Q,V,G,Q,P,E,V,L,L,G,S,L,E,P,G,R,D,Y,D,I,W,V,Q,S,L,Q,G,A,Q,A,S,E,A,R,G,I,H,A,R,T,P,P,L,A,P,P,T,P,L,I,F,S,D,V,S,H,D,S,A,R,V,S,W,E,G,T,L,R,P,V,Q,L,F,R,V,S,Y,L,S,S,K,G,S,H,S,G,Q,I,E,A,P,G,N,A,T,S,V,T,L,G,P,L,S,S,S,T,T,Y,T,V,R,I,T,R,L,Y,P,G,G,G,S,S,T,T,T,G,R,L,T,T,R,K,V,P,G,P,S,Q,L,S,V,T,E,L,P,G,D,A,V,R,L,A,W,A,A,A,A,A,S,G,V,L,A,Y,Q,I,K,W,T,P,L,G,D,G,K,A,H,E,I,S,V,P,G,S,L,C,T,A,V,L,P,G,L,G,G,P,L,E,H,E,I,T,I,L,A,S,Y,R,D,G,A,H,S,D,P,V,S,F,H,Y,S,P,R,-,V,S,R,S,P,P,S,N,L,T,L,A,S,E,S,P,N,S,L,R,V,S,W,T,P,P,T,G,H,V,L,H,Y,R,L,T,Y,M,L,A,S,G,S,G,P,E,K,S,V,S,V,P,G,P,R,S,H,A,M,L,P,D,L,L,A,A,T,T,Y,R,V,L,V,S,A,V,Y,G,A,G,E,S,V,A,V,T,A,T,G,Q,T,A,A,C,P,A,L,H,P,D,G,S,L,A,G,F,D,L,M,A,A,F,G,L,V,E,R,E,Y,A,S,I,R,G,V,A,M,E,P,S,A,F,G,S,T,R,T,F,T,L,F,R,D,A,Q,L,T,R,R,A,D,I,H,P,A,A,E,H,T,V,V,F,L,L,R,L,L,P,E,T,P,R,E,A,F,A,L,W,Q,M,T,A,E,D,F,R,P,V,L,G,V,L,L,D,A,G,R,K,S,L,T,Y,F,S,H,D,P,R,A,A,L,Q,E,V,T,F,D,L,P,E,V,R,R,I,F,F,G,S,F,H,K,V,H,V,A,V,G,H,S,K,V,Q,L,Y,V,D,C,R,K,V,A,E,R,P,I,G,E,A,G,S,P,P,A,T,G,F,I,T,L,G,K,L,A,K,A,R,G,P,R,S,S,S,A,A,L,Q,L,Q,M,L,Q,I,V,C,S,D,T,W,A,E,E,D,R,C,C,E,L,P,A,S,K,N,R,E,T,C,P,A,F,P,P,A,C,T,C,S,S,Q,I,P,G,P,P,G,P,Q,G,P,P,G,L,P,G,R,N,G,A,S,G,Q,Q,G,F,P,G,P,R,G,E,P,G,P,P,G,Q,T,G,P,R,G,P,G,G,H,Q,G,S,P,G,T,Q,G,R,T,V,Q,G,P,V,G,P,P,G,V,K,G,E,K,G,D,H,G,L,P,G,L,Q,G,D,P,G,H,Q,G,D,P,G,E,A,G,L,Q,G,P,G,M,R,G,L,E,G,T,A,G,L,P,G,P,P,G,P,Y,P,G,M,A,G,A,R,G,T,S,G,E,R,G,P,P,G,T,V,G,P,G,L,P,G,P,K,G,E,R,G,E,K,H,V,R,K,L,D,S,F,H,K,S,A,R,P,P,M,P,I,L,E,-,-,-,-,-,-,-,-,-,-,-,-,-,-,-,-,-,-,-,-,-,-,-,-,-,-,-,-,-
Myotis_davidii,C,L,W,L,W,L,G,V,T,L,G,L,G,Q,A,N,G,R,L,Q,L,A,V,L,P,E,D,Q,L,Q,I,K,W,T,E,S,E,G,G,G,L,G,Y,L,V,Q,L,K,P,M,A,G,D,V,E,Q,E,V,M,L,T,T,K,T,P,K,A,T,V,G,G,L,S,P,S,K,G,Y,V,L,Q,I,F,E,L,T,G,S,G,N,V,L,L,A,Q,R,E,F,V,I,E,D,L,R,S,H,S,A,S,R,S,G,R,R,P,L,G,A,-,A,L,E,P,T,P,S,H,M,E,S,L,D,P,-,-,-,-,D,P,R,V,I,L,A,P,S,Q,D,P,S,T,L,A,G,L,Q,F,H,C,M,P,P,T,P,A,D,M,I,F,L,V,D,G,S,W,S,I,G,H,S,H,F,Q,Q,V,K,D,F,L,A,S,I,V,E,P,F,E,I,G,P,D,K,V,Q,V,G,L,T,Q,Y,S,G,D,P,Q,T,E,W,D,L,N,T,F,S,T,K,E,E,V,L,A,A,V,H,S,L,H,Y,R,G,G,N,T,F,T,G,L,A,L,T,H,V,L,E,Q,N,L,R,P,A,A,G,P,R,P,E,A,A,K,V,V,I,L,V,T,D,G,K,S,Q,D,D,A,C,A,A,G,R,I,L,K,S,L,D,V,D,I,F,A,V,G,V,K,N,A,D,E,A,E,L,R,L,L,A,T,P,P,L,D,I,T,V,H,H,V,Q,D,F,P,Q,L,S,T,L,A,G,L,L,S,R,L,V,C,Q,Q,V,Q,G,R,S,P,R,P,A,A,A,P,P,T,L,D,P,L,S,A,P,T,S,L,V,L,T,Q,V,T,S,S,T,V,H,L,S,W,T,P,A,L,Q,L,P,L,K,Y,L,V,V,W,R,P,S,R,G,G,A,P,Q,E,V,E,V,D,G,P,R,T,S,T,E,L,H,G,L,A,S,G,T,E,Y,L,L,A,V,F,P,V,Y,E,A,G,V,G,E,G,L,R,G,L,V,T,T,V,P,L,P,P,P,Q,A,L,A,L,A,T,V,T,P,S,T,I,H,L,T,W,Q,P,S,A,G,A,T,Q,Y,L,V,R,Y,S,L,A,S,P,K,G,K,E,-,G,R,E,V,Q,V,G,Q,P,E,V,L,L,G,N,L,E,P,G,R,D,Y,D,I,W,V,Q,S,L,Q,G,A,Q,A,S,E,A,R,G,I,H,A,R,T,P,P,L,D,P,P,T,P,L,I,F,S,D,V,S,H,D,S,A,R,V,S,W,E,G,T,L,R,P,V,Q,L,F,R,V,S,Y,L,S,S,K,G,S,H,S,G,Q,I,E,A,P,G,N,A,T,S,V,T,L,G,P,L,S,S,S,T,T,Y,T,V,R,V,T,R,L,Y,P,G,G,G,S,S,T,T,T,G,R,L,T,T,R,K,V,P,S,P,S,Q,L,S,V,T,E,L,P,G,D,A,V,R,L,A,W,V,A,A,A,A,S,G,V,L,V,Y,Q,I,K,W,T,P,L,G,D,G,E,A,H,E,I,S,I,P,G,S,L,C,T,A,V,L,P,G,L,G,G,S,L,E,H,E,I,T,I,L,A,S,Y,R,D,G,A,H,S,D,P,V,S,F,H,Y,S,P,R,-,V,S,R,S,P,P,S,N,L,T,L,A,S,E,S,P,N,S,L,R,V,S,W,T,P,P,A,G,H,V,L,Y,Y,R,L,T,Y,T,L,A,S,G,S,G,P,E,K,S,V,S,V,P,G,P,R,S,H,A,M,L,P,D,L,L,A,A,T,K,Y,R,V,L,A,S,A,V,Y,G,A,G,E,S,V,A,V,T,A,T,G,Q,T,A,A,C,P,A,L,H,P,D,G,S,L,A,G,F,D,L,M,A,A,F,G,L,V,E,R,E,Y,A,S,I,R,G,V,A,M,E,P,S,A,F,G,S,T,R,T,F,T,L,F,R,D,A,Q,L,T,R,R,A,D,I,H,P,A,A,E,H,T,V,V,F,L,L,R,L,L,P,E,T,P,R,E,A,F,A,L,W,Q,M,T,A,E,D,F,R,P,V,L,G,V,L,L,D,A,G,R,K,S,L,T,Y,F,S,H,N,P,R,A,A,L,Q,E,V,T,F,D,L,P,E,V,R,R,I,F,F,G,S,F,H,K,V,H,V,A,V,G,H,S,K,V,Q,L,Y,V,D,C,R,K,V,A,-,-,-,-,-,-,-,-,-,-,-,-,-,-,-,-,-,-,-,-,-,-,-,-,-,-,-,-,-,-,-,-,-,-,Q,L,Q,M,L,Q,I,V,C,S,D,T,W,A,E,E,D,R,C,C,E,L,P,A,S,K,N,G,E,T,C,P,A,F,P,P,A,C,T,C,S,S,Q,I,P,G,P,P,G,P,Q,G,P,P,G,L,P,G,R,N,G,A,S,G,Q,Q,G,F,P,G,P,R,G,E,P,G,P,P,G,K,T,G,P,R,G,P,G,G,H,Q,G,S,P,G,T,Q,G,R,T,V,Q,G,P,V,G,P,P,G,V,K,G,E,K,G,D,H,G,L,P,G,L,Q,G,D,P,G,H,Q,G,E,P,G,E,A,G,L,Q,G,P,G,M,R,G,L,E,G,T,A,G,L,P,G,P,P,G,P,Y,P,G,M,A,G,A,R,G,T,S,G,E,R,G,P,P,G,T,V,G,P,G,L,P,G,P,K,G,E,R,G,E,K,H,V,R,K,L,D,S,F,H,K,S,A,R,L,P,M,P,I,L,E,A,P,G,P,-,-,-,-,-,-,-,-,-,-,-,-,-,-,-,-,-,G,G,N,G,G,S,R,P
Myotis_lucifugus,C,L,W,L,W,L,G,V,T,L,G,L,G,Q,A,N,G,R,L,K,L,A,V,L,P,E,D,Q,L,Q,I,K,W,T,E,S,E,G,G,G,L,G,Y,L,V,Q,V,K,P,M,A,G,D,V,E,Q,E,V,M,L,T,T,K,T,P,K,A,T,V,G,G,L,S,P,S,K,G,Y,T,L,Q,I,F,E,L,T,G,S,G,N,V,L,L,A,Q,R,E,F,V,I,E,D,L,R,S,H,S,A,S,R,S,S,W,R,P,L,G,A,-,A,L,E,P,T,P,S,H,M,G,S,Q,D,P,-,-,-,-,D,P,R,V,I,L,A,P,S,Q,D,P,P,A,L,A,G,L,Q,F,H,C,M,P,P,T,P,A,D,M,I,F,L,V,D,G,S,W,S,I,G,H,S,H,F,Q,Q,V,K,D,F,L,A,S,I,I,E,P,F,E,I,G,P,D,K,V,Q,V,G,L,T,Q,Y,S,G,D,P,Q,T,E,W,D,L,N,T,F,S,T,K,E,E,V,L,A,A,V,H,S,L,H,Y,R,G,G,N,T,F,T,G,L,A,L,T,H,V,L,E,Q,N,L,R,P,A,A,G,P,R,P,E,A,A,K,V,V,I,L,V,T,D,G,K,S,Q,D,D,A,C,A,A,G,R,I,L,K,S,L,D,V,D,I,F,A,V,G,V,K,N,A,D,E,A,E,L,R,L,L,A,S,P,P,L,D,I,T,V,H,H,V,Q,D,F,P,Q,L,S,T,L,A,G,L,L,S,R,L,V,C,Q,Q,V,Q,G,R,S,P,R,P,-,A,A,P,P,T,L,D,P,L,S,A,P,T,S,L,V,L,T,Q,V,T,S,S,S,V,H,L,S,W,T,P,A,L,Q,P,P,L,K,Y,L,L,V,W,R,P,S,R,G,G,A,P,Q,E,V,E,V,D,G,P,S,T,S,T,E,L,H,G,L,A,S,G,T,E,Y,L,L,S,V,F,P,V,Y,E,A,G,V,G,E,G,L,R,G,L,V,T,T,V,P,L,P,P,P,Q,A,L,A,L,A,T,V,T,P,R,T,I,H,L,T,W,Q,P,S,A,G,A,T,Q,Y,L,V,R,Y,S,L,A,S,P,K,G,E,E,E,G,R,E,V,Q,V,G,Q,P,E,V,L,L,G,S,L,E,P,G,R,D,Y,D,I,W,V,Q,S,L,Q,G,A,Q,A,S,E,A,R,G,I,H,A,R,T,P,P,L,A,P,P,T,P,L,I,F,S,D,V,S,H,D,S,A,R,V,S,W,E,G,T,L,R,P,V,Q,L,F,R,V,S,Y,L,S,S,K,G,S,H,S,G,Q,I,E,A,P,G,N,A,T,S,V,T,L,G,P,L,S,S,S,T,T,Y,T,V,R,V,T,R,L,Y,P,G,G,G,S,S,T,T,T,G,R,L,T,T,R,K,V,P,G,P,S,Q,L,S,V,T,E,L,P,G,D,A,V,R,L,A,W,A,A,A,A,A,S,G,V,L,A,Y,Q,I,K,W,T,P,L,G,D,R,K,A,H,E,I,S,V,P,G,S,L,C,T,A,V,L,P,G,L,G,G,P,L,E,H,E,I,T,I,L,A,S,Y,R,D,G,A,H,S,D,P,V,S,F,H,Y,S,P,R,-,V,S,R,S,P,P,S,N,L,T,L,A,S,E,S,P,N,S,L,R,V,S,W,T,P,P,T,G,H,V,L,H,Y,R,L,T,Y,M,L,A,S,G,S,G,P,E,K,S,V,S,V,P,G,P,R,S,H,A,M,L,P,D,L,L,A,A,T,T,Y,R,V,L,V,S,A,V,Y,G,A,G,E,S,V,A,V,T,A,T,G,Q,T,-,A,C,P,A,L,H,P,D,G,S,L,A,G,F,D,L,M,A,A,F,G,L,V,E,R,E,Y,A,S,I,R,G,V,A,M,E,P,S,A,F,G,S,T,R,T,F,T,L,F,R,D,A,Q,L,T,R,R,A,D,I,H,P,A,A,E,H,T,V,V,F,L,L,R,L,L,P,E,T,P,R,E,A,F,A,L,W,Q,M,T,A,E,D,F,R,P,V,L,G,V,L,L,D,A,G,R,K,S,L,T,Y,F,S,H,D,P,R,A,A,L,Q,E,V,T,F,D,L,P,E,V,R,R,I,F,F,G,S,F,H,K,V,H,V,A,V,G,H,S,K,V,Q,L,Y,V,D,C,R,K,V,A,E,R,P,I,G,E,A,G,S,P,P,A,T,G,F,I,T,L,G,R,L,A,K,A,R,G,P,R,S,S,S,A,A,L,Q,L,Q,M,L,Q,I,V,C,S,D,T,W,A,E,E,D,R,C,C,E,L,P,A,S,K,N,G,E,T,C,P,A,F,P,P,A,C,T,C,S,S,Q,I,P,G,P,P,G,P,Q,G,P,P,G,L,P,G,R,N,G,A,S,G,Q,Q,G,F,P,G,P,R,-,-,-,-,-,-,-,-,-,-,-,-,-,-,-,-,-,-,-,-,-,-,-,-,-,-,-,-,-,-,-,-,G,P,P,G,V,K,G,E,K,G,D,H,G,L,P,G,L,Q,G,D,P,G,H,Q,G,D,P,G,E,A,G,L,Q,G,P,G,M,R,G,L,E,G,T,A,G,L,P,G,P,P,G,P,Y,P,G,M,A,G,A,R,G,T,S,G,E,R,G,P,P,G,T,V,G,P,-,-,-,-,-,-,-,-,-,-,-,-,H,V,R,K,L,D,S,F,H,K,S,A,R,P,P,M,P,I,L,E,-,-,-,-,-,-,-,-,-,-,-,-,-,-,-,-,-,-,-,-,-,-,-,-,-,-,-,-,-
Myotis_myotis,C,L,W,L,W,L,G,V,T,L,G,L,G,Q,A,N,G,R,L,K,L,A,V,L,P,E,D,Q,L,Q,I,K,W,T,E,S,E,G,G,G,L,G,Y,L,V,Q,V,K,P,M,A,G,D,V,E,Q,E,V,M,L,T,T,K,T,P,K,A,T,V,G,G,L,S,P,S,K,G,Y,T,L,Q,I,F,E,L,T,G,S,G,N,V,L,L,A,Q,R,E,F,V,I,E,D,L,R,S,H,S,V,S,R,S,S,W,R,P,L,G,A,-,A,L,E,P,T,P,S,H,M,E,S,L,D,P,-,-,-,-,D,P,R,V,I,L,A,P,S,Q,D,P,P,T,L,V,G,L,Q,F,H,C,M,P,P,T,P,A,D,M,I,F,L,V,D,G,S,W,S,I,G,H,S,H,F,Q,Q,V,K,D,F,L,A,S,I,I,E,P,F,E,I,G,P,D,K,I,Q,V,G,L,T,Q,Y,S,G,D,P,Q,T,E,W,D,L,N,T,F,S,T,K,E,E,V,L,A,A,V,H,S,L,H,Y,R,G,G,N,T,F,T,G,L,A,L,T,H,V,L,E,Q,N,L,R,P,A,A,G,P,R,P,E,A,A,K,V,V,I,L,V,T,D,G,K,S,Q,D,D,A,C,A,A,G,R,T,L,K,S,L,D,V,G,I,F,A,V,G,V,K,N,A,D,E,A,E,L,R,L,L,A,S,P,P,L,D,I,T,V,H,H,V,Q,D,F,P,Q,L,S,T,L,A,G,L,L,S,R,L,V,C,Q,Q,V,Q,G,W,S,P,R,P,A,A,A,P,P,T,L,D,P,L,S,A,P,T,S,L,V,L,T,Q,V,T,S,S,S,V,H,L,S,W,T,P,A,L,Q,P,P,L,K,Y,L,V,V,W,R,P,S,R,G,G,A,P,Q,E,V,E,V,D,G,P,S,T,S,T,E,L,H,G,L,A,S,G,T,E,Y,L,L,A,V,F,P,V,Y,E,A,G,V,G,E,G,L,R,G,L,V,T,T,V,P,L,P,P,P,Q,A,L,A,L,A,T,V,T,P,R,T,I,H,L,T,W,Q,P,S,A,G,A,T,Q,Y,L,V,R,Y,S,L,A,S,P,K,G,E,E,E,G,R,E,V,Q,V,G,Q,P,E,V,L,L,G,S,L,E,P,G,R,D,Y,D,I,W,V,Q,S,L,Q,G,A,Q,A,S,E,A,R,G,I,H,A,R,T,P,P,L,V,P,P,T,P,L,I,F,S,D,V,S,H,D,S,A,R,V,S,W,E,G,T,L,R,P,V,Q,L,F,R,V,S,Y,L,S,S,K,G,S,H,S,G,Q,I,E,A,P,G,N,A,T,S,V,T,L,G,P,L,S,S,S,T,T,Y,T,V,R,V,T,R,L,Y,P,G,G,G,S,S,T,T,T,G,R,L,T,T,R,K,V,P,S,P,S,Q,L,S,V,T,E,L,P,G,G,A,V,R,L,A,W,A,A,A,A,A,S,G,V,L,V,Y,Q,I,K,W,T,P,L,G,D,G,K,A,H,E,I,S,V,P,G,S,L,C,T,A,V,L,P,G,L,G,G,P,L,E,H,E,I,T,I,L,A,S,Y,K,D,G,A,H,S,D,P,V,S,F,H,Y,S,P,R,-,V,S,R,S,P,P,S,N,L,T,L,A,S,E,S,P,N,S,L,R,V,S,W,T,P,P,T,G,H,V,L,Y,Y,R,L,T,Y,M,L,A,S,G,S,G,P,E,K,S,V,S,V,P,G,P,R,S,H,A,M,L,P,D,L,L,A,A,T,K,Y,R,V,L,A,S,A,V,Y,G,A,G,E,S,V,A,V,T,A,T,G,Q,T,A,A,C,P,A,L,H,P,D,G,S,L,A,G,F,D,L,M,A,A,F,G,L,V,E,R,E,Y,A,S,I,R,G,V,A,M,E,P,S,A,F,G,V,T,R,T,F,T,L,F,R,D,A,Q,L,T,R,R,A,D,I,H,P,A,A,E,H,T,V,V,F,L,L,R,L,L,P,E,T,P,R,E,A,F,A,L,W,Q,M,T,A,E,D,F,R,P,V,L,G,V,L,L,D,A,G,R,K,S,L,T,Y,F,S,H,D,P,R,A,A,L,Q,E,V,T,F,D,L,P,E,V,R,R,I,F,F,G,S,F,H,K,V,H,V,A,V,G,H,S,K,V,Q,L,Y,V,D,C,R,K,V,A,E,R,P,I,G,E,A,G,S,P,P,A,T,G,F,I,T,L,G,R,L,V,K,A,R,G,P,R,S,S,S,A,V,L,Q,L,Q,M,L,Q,I,V,C,S,D,T,W,A,E,E,D,R,C,C,E,L,P,A,S,K,N,G,E,T,C,P,A,F,P,P,A,C,T,C,S,S,Q,I,P,G,P,P,G,P,Q,G,P,P,G,L,P,G,R,N,G,A,S,G,Q,Q,G,F,P,G,P,R,-,-,-,-,-,-,-,-,-,-,-,-,-,-,-,-,-,-,-,-,-,-,-,-,-,-,-,-,-,-,-,-,G,P,P,G,V,K,G,E,K,G,D,H,G,L,P,G,L,Q,G,D,P,G,H,Q,G,D,P,G,E,A,G,L,Q,G,P,G,M,R,G,L,E,G,T,A,G,L,P,G,P,P,G,P,Y,P,G,M,A,G,A,R,G,T,S,G,E,R,G,P,P,G,T,V,G,P,G,L,P,G,P,K,G,E,R,G,E,K,H,V,Q,K,L,D,S,F,H,K,S,A,R,L,P,M,P,I,L,E,-,-,-,-,-,-,-,-,-,-,-,-,-,-,-,-,-,-,-,-,-,G,G,N,G,G,S,R,P
Phyllostomus_discolor,-,V,W,L,W,L,G,A,A,L,G,L,S,R,A,S,G,R,L,W,L,A,V,L,P,E,D,R,L,Q,M,K,W,A,E,S,E,R,P,G,L,G,Y,L,V,Q,V,K,P,M,A,G,D,S,E,Q,E,V,M,L,T,T,K,T,P,K,A,T,V,G,G,L,S,P,S,K,G,Y,T,L,Q,I,F,E,L,T,G,S,R,R,A,L,L,A,R,R,E,F,V,I,K,D,L,K,S,H,P,V,V,G,S,S,R,Q,P,L,G,A,-,A,V,E,P,S,S,P,L,V,G,S,P,D,P,-,-,-,-,E,P,H,V,S,S,A,P,S,Q,G,P,P,T,-,A,G,P,Q,F,R,C,T,P,P,T,P,A,D,M,V,F,L,V,D,G,S,W,S,I,G,H,S,H,F,Q,Q,V,K,D,F,L,A,S,V,I,E,P,F,E,I,G,P,D,K,V,Q,V,G,L,T,Q,Y,S,G,D,P,Q,T,E,W,D,L,N,A,F,G,T,K,E,E,V,L,A,A,V,R,S,L,R,Y,K,G,G,N,T,F,T,G,L,A,L,T,H,V,L,E,Q,N,L,R,P,G,A,G,P,R,P,G,A,A,T,V,V,V,L,V,T,D,G,K,S,Q,D,D,A,R,E,A,G,H,V,L,K,G,R,D,V,D,V,F,A,V,G,V,K,N,A,D,E,A,E,L,R,L,L,A,S,Q,P,L,D,V,T,V,H,N,V,Q,D,F,P,Q,L,R,T,L,A,G,L,L,S,R,L,I,C,Q,K,V,Q,G,R,S,L,R,R,A,K,T,A,A,A,G,D,P,L,A,T,P,T,S,L,V,L,T,Q,V,T,S,S,S,V,H,L,S,W,T,P,A,P,Q,P,P,L,K,Y,L,V,V,W,R,P,S,R,G,G,A,P,R,E,V,V,V,A,G,P,S,S,S,A,E,L,H,N,L,T,A,G,T,E,Y,L,L,S,V,H,A,V,S,E,A,G,V,G,E,G,L,R,G,L,V,T,T,A,P,L,P,P,P,Q,A,L,A,L,A,A,V,T,P,R,T,I,R,L,T,W,Q,P,S,A,G,A,T,R,Y,L,V,R,C,A,S,A,T,P,K,G,E,E,E,A,R,E,V,Q,V,E,Q,P,Q,V,L,L,G,G,L,E,P,G,R,D,Y,D,V,Q,V,L,S,L,Q,G,A,Q,A,S,E,A,R,G,I,H,I,R,T,P,P,L,A,A,P,R,H,L,S,F,S,D,V,T,H,D,S,A,R,V,S,W,E,G,P,P,R,P,V,R,L,F,R,V,S,F,E,S,T,E,G,S,H,S,G,Q,T,E,A,P,G,N,A,T,S,V,S,L,G,P,L,S,S,S,T,T,Y,T,V,R,V,T,C,L,F,P,G,G,S,S,S,T,M,T,G,R,L,T,T,R,K,V,P,S,P,S,R,L,S,V,T,E,L,P,G,D,Q,V,R,L,T,W,A,A,A,A,T,S,G,V,L,V,Y,Q,I,K,W,T,P,L,G,D,G,K,A,H,E,I,S,V,P,G,N,L,V,E,A,V,L,P,G,L,G,R,R,S,E,H,D,I,T,V,L,A,Y,Y,R,D,G,A,R,S,D,P,V,S,L,R,Y,A,P,-,-,V,S,R,S,P,P,S,N,L,A,L,V,S,E,S,P,N,S,L,R,V,G,W,T,P,P,A,G,H,V,L,H,Y,R,L,T,Y,A,L,A,S,G,S,G,A,E,K,S,V,S,V,P,G,S,R,S,H,T,T,L,P,D,L,L,A,A,T,K,Y,R,V,L,V,S,A,V,Y,G,A,G,E,S,A,A,V,A,T,T,G,W,T,A,A,C,P,A,L,H,P,N,G,S,L,A,G,F,D,L,M,A,A,F,G,L,V,A,E,G,Y,A,S,L,R,G,V,A,M,E,P,S,A,L,G,A,A,R,T,F,T,L,L,R,D,A,Q,L,T,R,R,A,D,I,H,P,A,A,E,H,T,V,V,F,L,L,R,L,L,P,E,T,P,R,E,A,F,A,L,W,Q,M,T,A,G,D,F,Q,P,V,L,G,V,L,L,D,A,G,R,K,S,L,T,Y,F,S,H,D,P,R,G,A,L,Q,E,V,T,F,D,L,P,E,V,K,R,I,F,F,G,S,F,H,K,V,H,V,A,V,G,R,S,R,V,R,L,Y,V,D,C,R,K,V,A,E,R,P,I,G,A,A,G,S,S,P,A,S,G,F,V,T,L,G,R,L,A,K,A,R,G,P,R,G,G,S,A,T,L,Q,L,Q,T,L,W,L,V,C,S,D,T,W,A,E,A,D,R,C,C,E,L,P,A,S,K,D,G,A,A,C,P,A,S,P,P,A,C,T,C,S,S,E,T,S,G,P,P,G,P,Q,G,P,P,G,R,P,G,R,D,G,A,Q,G,Q,Q,G,V,P,G,P,R,G,E,P,G,P,P,G,Q,T,G,P,E,G,P,G,G,Q,Q,G,S,P,G,T,Q,G,R,T,V,Q,G,P,V,G,P,P,G,V,K,G,E,K,G,D,H,G,P,P,G,L,Q,G,H,P,G,H,Q,G,A,P,G,K,A,G,L,Q,G,P,G,M,R,G,L,E,G,T,A,G,L,P,G,P,P,G,P,F,Q,G,V,A,G,T,R,G,A,G,G,E,R,G,P,P,G,A,V,G,P,G,L,P,G,P,K,G,E,R,G,E,K,H,V,L,K,F,D,S,F,H,E,S,G,R,P,P,L,P,V,S,E,A,S,G,P,P,-,-,-,-,-,-,-,-,I,A,R,S,A,A,H,L,G,G,R,A,G,P,L,P
Phyllostomus_hastatus,-,-,W,L,W,L,G,A,V,L,G,L,S,R,A,S,G,R,L,W,L,A,V,L,P,E,D,R,L,Q,M,K,W,A,E,S,E,R,P,G,L,G,Y,L,V,Q,V,K,P,M,A,G,D,S,E,Q,E,V,M,L,T,T,K,T,P,K,A,T,V,G,G,L,S,P,S,K,G,Y,T,L,Q,I,F,E,L,T,G,S,G,R,V,L,L,A,R,R,E,F,V,I,E,D,L,K,S,H,P,V,G,G,S,S,R,Q,P,L,G,A,-,A,V,E,P,S,S,P,L,V,G,S,P,D,P,-,-,-,-,G,P,H,V,T,S,A,P,S,Q,G,P,P,T,P,A,G,P,Q,F,R,C,T,P,P,T,P,A,D,M,I,F,L,V,D,G,S,W,S,I,G,H,S,H,F,Q,Q,V,K,D,F,L,A,S,V,I,E,P,F,D,I,G,P,D,K,V,Q,V,G,L,T,Q,Y,S,G,D,P,Q,T,E,W,D,L,N,A,F,G,T,K,E,E,V,L,A,A,V,R,S,L,R,Y,K,G,G,N,T,F,T,G,L,A,L,T,H,V,L,E,Q,N,L,R,P,G,A,G,P,R,P,E,A,A,T,V,V,V,L,V,T,D,G,K,S,Q,D,D,A,R,E,A,G,H,V,L,K,G,R,D,V,D,V,F,A,V,G,V,K,N,A,D,E,A,E,L,R,L,L,A,S,Q,P,L,D,V,T,V,H,N,V,Q,D,F,P,Q,L,R,T,L,A,G,L,L,S,R,L,I,C,Q,K,V,Q,G,R,S,L,R,R,-,-,-,A,A,A,G,D,P,L,S,T,P,T,S,L,V,L,T,Q,V,T,S,S,S,V,H,L,S,W,T,P,A,P,Q,L,P,L,K,Y,L,V,V,W,R,P,S,R,G,G,A,P,R,E,V,V,V,A,G,P,S,S,S,A,E,L,H,N,L,T,A,G,T,E,Y,L,L,S,V,H,A,V,S,E,A,G,V,G,E,G,L,R,G,L,V,T,T,A,P,L,P,P,P,Q,A,L,A,L,A,A,V,T,P,R,T,I,R,L,T,W,Q,P,S,A,G,A,T,R,Y,L,V,R,C,A,S,A,T,P,K,G,E,E,E,A,R,E,V,Q,V,E,Q,P,Q,V,L,L,G,G,L,E,P,G,R,D,Y,D,V,Q,V,L,S,L,Q,G,A,Q,A,S,E,A,R,G,I,R,V,R,T,P,P,L,A,A,P,R,H,L,S,F,S,D,V,T,H,D,S,A,R,V,S,W,E,G,P,P,R,P,V,R,L,F,R,V,S,F,V,S,T,E,G,S,H,S,G,Q,A,E,A,P,G,N,A,T,S,V,S,L,G,P,L,S,S,S,T,T,Y,T,V,R,V,T,C,L,F,P,G,G,S,S,S,T,M,T,G,R,L,T,T,R,K,V,P,S,P,S,R,L,S,V,T,E,L,P,G,D,Q,V,R,L,T,W,A,A,A,A,T,S,G,V,L,V,Y,Q,I,K,W,T,P,L,G,D,G,K,A,H,E,I,S,V,P,G,N,L,G,E,A,V,L,P,G,L,G,R,R,S,E,Y,D,I,T,V,L,A,Y,Y,R,D,G,A,R,S,D,P,V,S,L,R,Y,A,P,-,-,V,S,R,S,P,P,S,N,L,A,L,V,S,E,S,P,N,S,L,R,V,G,W,T,P,P,A,G,H,V,L,H,Y,R,L,T,Y,A,L,A,S,G,S,G,P,E,K,S,V,S,V,P,G,S,R,S,H,A,T,L,P,D,L,L,A,A,T,K,Y,R,V,L,V,S,A,V,Y,G,A,G,E,S,A,A,V,A,A,T,G,W,T,A,A,C,P,A,L,H,P,N,G,S,L,A,G,F,D,L,M,A,A,F,G,L,V,A,E,E,Y,A,S,L,R,G,V,A,M,E,P,S,A,L,G,P,A,R,T,F,T,L,L,R,D,A,Q,L,T,R,R,A,D,I,H,P,A,A,E,H,T,V,V,F,L,L,R,L,L,P,E,T,P,R,E,A,F,A,L,W,Q,M,T,A,E,D,F,Q,P,V,L,G,V,L,L,D,A,G,R,K,S,L,T,Y,F,S,H,D,P,S,G,A,L,Q,E,V,T,F,D,L,P,E,V,K,R,I,F,F,G,S,F,H,K,V,H,V,A,V,G,R,S,R,V,R,L,Y,V,D,C,R,K,V,A,E,R,P,I,G,A,A,G,S,P,P,A,S,G,F,V,T,L,G,R,L,A,K,A,R,G,P,R,G,G,S,A,T,L,Q,L,Q,T,L,W,L,M,C,S,D,T,W,A,E,V,D,R,C,C,E,L,P,A,S,-,D,G,A,A,C,P,A,S,P,P,V,C,T,C,S,S,E,I,S,G,P,P,G,P,Q,G,P,P,G,L,P,G,R,D,G,A,R,G,Q,Q,G,V,P,G,P,R,-,-,-,-,-,-,-,-,-,-,-,-,-,-,-,-,-,-,-,-,-,-,-,-,-,-,-,-,-,-,-,-,G,P,P,G,V,K,G,E,K,G,D,H,G,P,P,G,L,Q,G,H,P,G,H,Q,G,A,P,G,K,V,G,L,Q,G,P,G,M,R,G,L,E,G,T,A,G,L,P,G,P,P,G,P,F,Q,G,V,A,G,A,R,G,A,G,G,E,R,G,P,P,G,A,V,G,P,G,L,P,G,P,K,G,E,R,G,E,K,H,V,L,K,L,D,S,F,H,E,S,G,R,P,P,L,P,V,S,E,-,-,-,-,-,-,-,-,-,-,-,-,-,-,-,-,-,-,-,-,-,G,G,R,A,G,P,L,P
Pipistrellus_kuhlii,C,L,W,L,W,L,G,V,P,L,G,L,G,P,A,N,G,H,L,Q,L,A,V,L,P,E,D,Q,L,Q,I,Q,W,A,E,S,E,G,H,G,L,G,Y,L,V,Q,V,K,P,V,A,G,D,V,E,Q,E,V,M,L,T,T,K,T,P,K,A,T,V,G,G,L,S,P,S,K,R,Y,T,L,Q,I,F,E,L,I,S,S,G,N,V,L,L,A,Q,R,E,F,V,I,K,D,L,R,S,H,S,V,S,G,S,S,W,R,P,L,G,A,-,A,L,E,P,T,P,T,H,I,G,S,L,D,P,-,-,-,-,D,P,R,V,I,L,A,P,S,Q,D,P,P,T,L,A,G,L,Q,F,H,C,T,P,P,T,P,A,D,M,I,F,L,V,D,G,S,W,S,I,G,H,S,H,F,Q,Q,V,K,D,F,L,A,S,I,I,E,P,F,E,I,G,P,D,K,V,Q,V,G,L,T,Q,Y,S,G,D,P,K,T,E,W,D,L,N,T,F,S,T,K,E,E,V,L,A,A,V,H,S,L,H,Y,R,G,G,N,T,F,T,G,L,A,L,T,H,V,L,E,Q,N,L,K,P,A,A,G,P,R,P,E,A,A,K,V,V,I,L,V,T,D,G,K,S,Q,D,D,A,P,A,A,G,R,T,L,R,S,L,D,V,D,I,F,A,V,G,V,K,N,A,D,E,A,E,L,R,L,L,A,S,P,P,L,D,I,T,V,H,S,V,Q,D,F,P,Q,L,S,T,L,A,G,L,L,S,R,L,V,C,Q,Q,V,Q,G,R,S,P,R,P,A,A,A,T,P,A,L,D,P,L,S,A,P,T,S,L,V,L,T,Q,V,T,S,S,S,A,H,L,S,W,T,P,A,L,Q,P,P,L,K,Y,L,V,V,W,R,P,S,R,G,G,P,P,R,E,V,E,V,D,G,P,R,T,S,V,E,L,H,G,L,T,S,G,T,E,Y,L,L,S,V,L,P,V,Y,E,A,G,A,G,A,G,L,Q,G,L,V,T,T,V,P,L,P,P,P,Q,A,L,A,L,A,T,V,T,P,R,T,I,R,L,T,W,Q,P,S,A,G,A,T,Q,Y,L,V,R,Y,S,L,V,S,P,K,G,E,E,K,G,R,E,V,R,V,V,Q,P,E,V,L,L,G,G,L,E,P,G,R,D,Y,D,I,R,V,Q,S,L,Q,G,A,Q,A,S,E,A,R,G,I,H,A,R,T,P,P,L,A,P,P,R,P,L,T,F,S,D,V,S,H,D,S,A,R,V,S,W,R,G,T,L,R,P,V,Q,L,F,R,V,S,Y,L,S,S,K,G,G,H,S,G,Q,M,E,A,P,G,N,A,T,S,V,T,L,G,P,L,S,S,S,T,T,Y,T,V,R,V,T,R,L,S,P,G,G,G,S,T,T,M,A,G,R,L,T,T,R,K,V,P,S,P,G,R,L,A,V,T,Q,L,P,G,G,E,V,Q,L,A,W,A,A,A,A,A,S,G,V,L,R,Y,Q,I,K,W,T,P,L,G,D,G,K,A,H,E,V,S,V,P,G,S,L,R,T,A,V,L,P,G,L,G,G,H,L,E,H,E,I,T,L,L,A,Y,Y,R,D,G,A,R,S,D,P,V,S,V,H,Y,S,P,-,-,L,S,W,S,P,P,S,N,L,T,L,T,S,E,S,P,N,S,L,L,V,S,W,T,P,P,T,G,H,V,L,H,Y,R,L,T,Y,T,L,A,S,G,S,G,P,E,K,S,V,S,V,P,G,P,R,S,H,V,T,L,P,D,L,L,A,A,T,E,Y,R,V,L,V,S,A,V,Y,G,A,G,E,S,V,A,V,T,A,T,G,R,T,-,A,C,P,A,L,H,P,D,G,S,L,A,G,F,D,L,M,V,A,F,G,L,V,E,R,E,Y,A,S,I,R,G,V,A,M,E,P,S,A,F,G,S,T,R,T,F,T,L,F,R,D,A,Q,L,T,R,R,A,D,I,H,P,A,-,E,H,T,V,V,F,L,L,R,L,L,P,D,T,P,R,E,A,F,A,L,W,Q,M,T,A,E,D,F,R,P,V,L,G,V,L,L,D,A,G,R,K,S,L,T,Y,F,S,H,D,P,G,A,A,L,Q,E,V,T,F,D,L,P,E,V,R,R,I,F,F,G,S,F,H,K,V,H,V,A,V,G,R,S,R,V,R,L,Y,V,D,C,R,K,V,A,E,R,P,I,G,A,V,G,S,P,P,A,A,G,F,V,T,L,G,R,L,A,L,A,R,G,P,R,S,S,S,A,A,L,Q,L,Q,L,L,Q,I,V,C,G,D,T,W,A,E,E,D,R,C,C,E,L,P,A,L,K,D,G,E,A,C,P,A,F,P,P,A,C,S,C,S,S,Q,T,P,G,P,P,G,P,Q,G,P,P,G,P,P,G,R,N,G,A,S,G,Q,Q,G,F,P,G,P,R,G,E,P,G,P,P,G,Q,T,G,P,E,G,P,G,G,Q,Q,G,S,P,G,T,Q,G,R,T,V,Q,G,P,V,G,P,P,G,V,K,G,E,K,G,D,R,G,L,P,G,L,Q,G,H,P,G,R,Q,G,D,P,G,E,A,G,L,Q,G,P,G,M,R,G,L,E,G,T,A,G,L,P,G,P,P,G,P,Y,P,G,M,A,G,A,R,G,T,S,G,E,R,G,A,P,G,T,V,G,P,G,L,P,G,P,K,G,E,R,G,E,K,G,V,R,G,-,-,-,-,-,-,-,-,-,-,-,-,-,-,-,-,-,-,-,-,-,-,-,-,-,-,-,-,-,-,-,-,-,-,-,-,-,-,-,-,-,-,-,-,-
Rhinolophus_ferrumequinum,-,-,-,-,-,-,-,-,-,-,-,-,-,-,A,S,G,R,L,R,L,T,V,L,P,E,D,R,L,Q,M,K,W,R,E,S,D,G,S,G,L,G,Y,L,V,Q,V,K,P,M,A,G,D,S,E,Q,E,V,M,L,T,T,K,S,P,K,A,T,V,G,G,L,S,P,S,K,G,Y,T,L,Q,I,F,Q,L,T,G,S,G,N,V,L,L,A,R,R,E,F,V,I,E,D,L,K,S,N,S,V,S,R,S,S,R,R,P,L,G,A,-,A,L,G,P,T,P,S,H,V,G,S,P,D,P,-,-,-,-,E,P,P,V,T,V,V,P,S,Q,D,P,P,-,-,-,-,P,Q,F,R,C,M,P,P,T,P,A,D,M,I,F,L,V,D,G,S,W,S,I,G,H,S,H,F,Q,Q,I,K,A,F,L,A,S,V,I,E,P,F,E,I,G,P,D,K,V,Q,V,G,L,T,Q,Y,S,G,H,P,Q,T,E,W,D,L,N,A,F,G,T,K,E,E,V,L,G,A,V,Q,H,L,H,Y,K,G,G,N,T,F,T,G,L,A,L,T,H,V,L,Q,E,N,L,K,P,T,A,G,P,R,P,E,A,A,K,V,V,I,L,V,T,D,G,K,S,Q,D,D,V,H,T,A,G,C,V,L,K,D,L,N,I,D,V,F,A,V,G,V,K,N,A,D,E,A,E,L,R,L,L,A,S,Q,P,L,D,I,T,V,H,N,V,Q,D,F,P,Q,L,S,T,L,A,G,L,L,S,R,L,I,C,Q,K,V,Q,G,R,R,L,H,G,A,S,A,A,P,A,L,D,P,L,S,T,P,T,S,L,V,L,S,Q,V,T,S,S,S,V,H,L,S,W,T,P,A,P,Q,P,P,L,K,Y,L,V,V,W,R,P,S,R,G,G,I,P,R,E,V,V,V,E,G,P,S,S,S,T,E,L,H,N,L,T,S,S,T,E,Y,L,V,S,V,F,P,V,Y,E,A,G,A,A,E,G,L,R,G,L,V,T,T,A,P,L,P,P,P,Q,A,L,T,L,A,T,V,T,P,R,T,V,R,L,T,W,Q,P,S,S,G,A,T,Q,Y,L,V,R,C,A,P,A,A,P,K,G,E,E,E,G,R,E,V,R,V,R,L,P,E,V,V,L,D,G,L,E,P,A,R,D,Y,D,L,W,V,Q,S,L,R,G,A,E,A,S,E,A,R,G,I,R,A,R,T,P,P,P,A,P,P,R,H,L,A,F,S,D,V,S,H,D,S,A,R,V,S,W,E,G,T,P,R,P,V,R,L,F,R,V,S,Y,V,S,S,E,G,G,H,S,G,Q,T,E,A,P,G,N,A,T,S,A,I,L,G,P,L,S,S,S,T,T,Y,T,V,R,V,T,C,L,Y,P,G,G,S,S,S,T,M,T,G,R,L,T,T,R,K,V,P,S,P,S,Q,L,S,V,T,E,L,P,G,D,E,V,R,L,E,W,A,A,A,A,A,S,G,V,L,V,Y,Q,I,K,W,T,P,L,G,D,G,K,A,H,E,I,S,I,P,G,N,L,G,T,A,V,L,P,-,V,G,R,H,S,E,Y,E,I,T,I,L,A,Y,Y,R,D,G,A,R,S,D,P,V,S,L,R,Y,T,P,-,-,L,S,R,S,P,P,S,N,L,A,L,A,S,K,S,P,S,S,L,Q,V,S,W,T,P,P,S,G,R,V,L,H,Y,R,L,T,Y,A,L,A,S,G,S,G,P,E,K,S,V,T,V,P,G,P,T,S,H,V,T,L,P,D,L,M,A,A,T,K,Y,R,V,L,V,S,A,V,Y,G,A,G,E,S,T,A,V,S,A,T,G,R,T,A,A,C,P,A,L,H,P,D,G,S,L,A,G,F,D,L,M,A,A,F,G,L,V,Q,E,E,Y,A,S,I,R,G,V,A,M,E,P,S,A,F,G,P,T,R,T,F,T,L,F,K,D,A,Q,L,T,R,R,T,D,I,H,P,A,A,E,H,T,V,G,F,L,V,R,L,L,P,D,T,P,R,E,A,F,A,L,W,Q,M,T,A,E,D,L,R,P,V,L,G,V,L,L,D,A,S,R,K,S,L,T,Y,F,S,H,D,P,R,A,A,L,Q,E,V,T,F,D,L,P,E,V,R,K,I,F,F,G,S,F,H,K,V,H,V,A,V,G,R,S,K,V,Q,L,Y,V,D,C,R,K,V,A,E,R,S,I,G,E,T,G,S,P,P,S,T,G,F,V,T,L,G,R,L,A,K,A,R,G,P,R,S,S,S,A,T,F,Q,L,Q,M,L,Q,I,I,C,S,D,T,W,A,E,E,D,R,C,C,E,L,P,G,A,K,E,G,E,T,C,P,A,L,P,S,A,C,P,C,S,W,Q,T,P,G,P,P,G,P,Q,G,P,P,G,L,P,G,R,N,G,A,P,G,Q,Q,G,F,P,G,P,R,G,E,P,G,P,P,G,Q,T,G,P,E,G,P,G,G,Q,Q,G,S,P,G,T,Q,G,R,A,V,Q,G,P,V,G,P,P,G,I,K,G,E,K,G,D,H,G,L,P,G,L,Q,G,H,P,G,H,Q,G,A,P,G,K,V,G,L,Q,G,P,G,M,R,G,L,E,G,T,A,G,L,P,G,P,P,G,P,F,Q,G,M,A,G,A,R,G,T,S,G,E,Q,G,P,P,G,A,V,G,P,G,L,P,G,P,K,G,E,R,G,E,K,H,M,L,K,F,D,S,F,H,E,S,T,R,P,P,M,P,I,L,E,A,P,R,P,P,-,-,-,-,-,-,-,-,G,V,S,S,D,I,Q,L,G,G,H,G,G,P,R,P
Sorex_araneus,-,-,-,-,-,-,-,-,-,-,-,-,-,-,-,-,-,-,-,-,-,-,-,-,-,-,-,-,-,-,-,-,-,-,-,-,-,-,-,-,-,-,-,-,-,-,-,-,-,-,-,-,-,-,-,-,-,-,-,-,-,-,-,-,-,-,-,-,-,-,-,-,-,-,-,-,-,-,-,-,-,-,-,-,-,-,-,-,-,-,-,-,-,-,-,-,-,-,-,-,-,-,-,-,-,-,-,-,-,-,-,-,-,-,-,-,-,-,-,-,-,-,-,-,-,-,-,-,-,-,-,-,-,-,-,-,-,-,-,-,-,-,-,-,-,-,-,-,-,-,-,-,-,-,-,-,-,-,-,-,-,-,-,-,-,-,-,-,-,-,-,-,-,-,-,-,-,-,-,-,-,-,-,-,-,-,-,-,-,-,-,-,-,-,-,-,-,-,-,-,-,-,-,-,-,-,-,-,-,-,-,-,-,-,-,-,-,-,-,-,-,-,-,-,-,-,-,-,-,-,-,-,-,-,-,-,-,-,-,-,-,-,-,-,-,-,-,-,-,-,-,-,-,-,-,-,-,-,-,-,-,-,-,-,-,-,-,-,-,-,-,-,-,-,-,-,-,-,-,-,-,-,-,-,-,-,-,-,-,-,-,-,-,-,-,-,-,-,-,-,-,-,-,-,-,-,-,-,-,-,-,-,-,-,-,-,-,-,-,-,-,-,-,-,-,-,-,-,-,-,-,-,-,-,-,-,-,-,-,-,-,-,-,-,-,-,-,-,-,-,-,-,-,-,-,-,-,-,-,-,-,-,-,-,-,-,-,-,-,-,-,-,-,-,-,-,-,-,-,-,-,-,-,-,-,-,-,-,-,-,-,-,-,-,-,-,-,-,-,-,-,-,-,-,-,-,-,-,-,-,-,-,-,-,-,-,-,-,-,-,-,-,-,-,-,-,-,-,-,-,-,-,-,-,-,-,-,-,-,-,-,-,-,-,-,-,-,-,-,-,-,-,-,-,-,-,-,-,-,-,-,-,-,-,-,-,-,-,-,-,-,-,-,-,-,-,-,-,-,-,-,-,-,-,-,-,-,-,-,-,-,-,-,-,-,-,-,-,-,-,-,-,-,-,-,-,-,-,-,-,-,-,-,-,-,-,-,-,-,-,-,-,-,-,-,-,-,-,-,-,-,-,-,-,-,-,-,-,-,-,-,-,-,-,-,-,-,-,-,-,-,-,-,-,-,-,-,-,-,-,-,-,-,-,-,-,-,-,-,-,-,-,-,-,-,-,-,-,-,-,-,-,-,-,-,-,-,-,-,-,-,-,-,-,-,-,-,-,-,-,-,-,-,-,-,-,-,-,-,-,-,-,-,-,-,-,-,-,-,-,-,-,-,-,-,-,-,-,-,-,-,-,-,-,-,-,-,-,-,-,-,-,-,-,-,-,-,-,-,-,-,-,-,-,-,-,-,-,-,-,-,-,-,-,-,-,-,-,-,-,-,-,-,-,-,-,-,-,-,-,-,-,-,-,-,-,-,-,-,-,-,-,-,-,-,-,-,-,-,-,-,-,-,-,-,-,-,-,-,-,-,-,-,-,-,-,-,-,-,-,-,-,-,-,-,-,-,-,-,-,-,-,-,-,-,-,-,-,-,-,-,-,-,-,-,-,-,-,-,-,-,-,-,-,-,-,-,-,-,-,-,-,-,-,-,-,-,-,-,-,-,-,-,-,-,-,-,-,-,-,-,-,-,-,-,-,-,-,-,-,-,-,-,-,-,-,-,-,-,-,-,-,-,-,-,-,-,-,-,-,-,-,-,-,-,-,-,-,-,-,-,-,-,-,-,-,-,-,-,-,-,-,-,-,-,-,-,-,-,-,-,-,-,-,-,-,-,-,-,-,-,-,-,-,-,-,-,-,-,-,-,-,-,-,-,-,-,-,-,-,-,-,-,-,-,-,-,-,-,-,-,-,-,-,-,-,-,-,-,-,-,-,-,-,-,-,-,-,-,-,-,-,-,-,-,-,-,-,-,-,-,-,-,-,-,-,-,-,-,-,-,-,-,-,-,-,-,-,-,-,-,-,-,-,-,-,-,-,-,-,-,-,-,-,-,-,-,-,-,-,-,-,-,-,-,-,-,-,-,-,-,-,-,-,-,-,-,-,-,-,-,-,-,-,-,-,-,-,-,-,-,-,-,-,-,-,-,-,-,-,-,-,-,-,-,-,-,-,-,-,-,-,-,-,-,-,-,-,-,-,-,-,-,-,-,-,-,-,-,-,-,-,-,-,-,-,-,-,-,-,-,-,-,-,-,-,-,-,-,-,-,-,-,-,-,-,-,-,-,-,-,-,-,-,-,-,-,-,-,-,-,-,-,-,-,-,-,-,-,-,-,-,-,-,-,-,-,-,-,-,-,-,-,-,-,-,-,-,-,-,-,-,-,-,-,-,-,-,-,-,-,-,-,-,-,-,-,-,-,-,-,-,-,-,-,-,-,-,-,-,-,-,-,-,-,-,-,-,-,-,-,-,-,-,-,-,-,-,-,-,-,-,-,-,-,-,-,-,-,-,-,-,-,-,-,-,-,-,-,-,-,-,-,-,-,-,-,-,-,-,-,-,-,-,-,-,-,-,-,-,-,-,-,-,-,-,-,-,-,-,-,-,-,-,-,-,-,-,-,-,-,-,-,-,-,-,-,-,-,-,-,-,-,-,-,-,-,-,-,-,-,-,-,-,-,-,-,-,-,-,-,-,-,-,-,-,-,-,-,-,-,-,-,-,-,-,-,-
Sturnira_hondurensis,-,V,W,L,W,L,G,I,A,L,G,L,S,R,A,G,G,R,L,W,L,A,V,L,P,E,D,R,L,Q,M,K,W,A,E,S,E,R,P,G,L,G,Y,L,V,Q,V,K,P,V,A,G,D,S,E,Q,E,V,M,L,T,T,K,T,P,K,A,T,V,G,G,L,S,P,S,K,G,Y,T,L,Q,I,F,E,L,T,G,S,R,R,V,L,L,A,R,R,A,F,V,I,E,D,L,K,S,H,P,M,G,G,S,S,W,R,P,L,G,A,-,A,V,E,P,S,P,T,L,V,G,S,P,D,L,-,-,-,-,E,S,Q,V,T,A,A,P,S,Q,G,P,P,T,-,A,G,P,Q,F,R,C,T,P,P,T,P,V,D,M,I,F,L,V,D,G,S,W,S,I,G,H,S,H,F,Q,Q,V,K,D,F,L,A,S,V,I,E,P,F,E,I,G,P,D,K,V,Q,V,G,L,T,Q,Y,S,G,D,P,Q,T,E,W,D,L,N,T,F,G,T,K,E,E,V,L,A,A,V,R,S,L,R,Y,K,G,G,N,T,F,T,G,L,A,L,T,H,V,L,E,Q,N,L,R,P,G,A,G,P,R,P,E,A,A,R,V,V,V,L,V,T,D,G,K,S,Q,D,D,A,H,A,A,G,R,I,L,K,G,L,D,V,D,I,F,A,V,G,V,K,N,A,D,E,A,E,L,R,L,L,A,S,Q,P,L,D,V,T,V,H,N,V,Q,G,F,P,Q,L,R,T,L,A,G,L,L,S,R,L,I,C,Q,K,V,Q,G,R,S,-,-,-,-,-,-,-,-,-,-,D,P,L,S,T,P,T,S,L,V,L,T,Q,V,T,S,S,S,V,H,L,S,W,T,P,A,P,Q,P,P,L,K,Y,L,V,V,W,R,P,S,R,G,G,V,P,R,E,V,V,V,A,G,P,S,S,S,T,E,L,H,N,L,T,A,G,T,E,Y,L,L,S,V,H,A,V,S,E,A,G,V,G,E,G,L,L,G,L,V,T,T,A,P,L,P,P,P,Q,A,L,T,L,A,A,L,T,P,R,T,I,H,L,T,W,Q,P,S,A,G,A,T,Q,Y,L,V,R,C,T,S,A,T,P,K,G,E,E,E,A,R,E,V,Q,V,G,Q,P,Q,V,L,L,G,G,L,E,P,G,R,D,Y,D,V,R,V,R,S,L,Q,G,A,Q,A,S,E,A,R,G,I,R,V,R,T,P,T,L,A,A,P,R,H,L,S,F,S,D,V,T,H,D,S,A,R,V,S,W,E,G,P,L,R,P,V,R,L,F,R,V,S,F,V,S,T,K,G,S,H,S,G,Q,T,E,A,P,G,N,A,T,S,V,T,L,G,P,L,S,S,S,T,T,Y,T,V,R,V,T,C,L,F,P,G,G,S,S,S,T,I,T,G,H,L,T,T,R,R,V,P,S,P,S,R,L,S,V,T,E,L,P,G,D,E,V,R,L,T,W,V,A,A,A,T,S,G,V,L,V,Y,Q,I,K,W,M,P,L,G,D,G,K,A,H,E,V,S,V,P,G,N,L,G,E,A,V,L,T,G,L,G,R,R,S,E,H,E,I,T,V,L,A,Y,Y,R,D,G,A,R,S,D,P,V,S,L,R,Y,A,P,-,-,L,S,R,R,P,P,S,N,L,A,L,V,S,E,S,P,N,S,L,R,V,S,W,T,P,P,T,G,H,V,L,H,Y,R,L,T,Y,A,L,A,L,G,S,G,P,E,K,L,V,S,V,P,G,S,R,S,H,V,T,L,P,D,L,L,A,A,M,K,Y,R,V,L,V,S,A,V,Y,E,A,G,E,S,A,A,V,A,T,T,G,W,T,A,A,C,P,A,L,H,P,N,G,S,L,A,G,F,D,L,M,A,A,F,G,L,V,E,K,E,Y,A,S,L,R,G,I,A,M,E,P,S,A,L,G,P,A,R,T,F,T,L,L,R,D,A,Q,L,T,R,R,A,D,I,H,P,G,P,E,H,T,V,A,F,L,L,R,L,L,P,E,T,P,R,E,T,F,A,L,W,Q,M,T,A,E,D,F,Q,P,V,L,G,V,L,L,D,A,G,R,K,S,L,T,Y,F,C,R,D,P,S,S,A,L,Q,E,V,T,F,D,L,P,E,V,K,R,I,F,F,G,S,F,H,K,V,H,V,A,V,G,H,S,K,V,R,L,Y,V,D,C,R,K,V,A,E,R,P,I,G,V,A,G,S,P,P,A,S,G,F,V,T,L,G,R,L,A,K,A,R,G,P,R,G,G,S,A,T,L,Q,L,Q,M,L,R,L,L,C,S,D,T,W,A,E,E,D,R,C,C,E,L,P,A,L,K,D,G,A,A,C,P,A,S,P,S,A,C,T,C,S,S,E,T,S,G,P,P,G,P,Q,G,P,P,G,L,P,G,R,D,G,A,P,G,Q,Q,G,V,P,G,P,R,G,E,P,G,P,P,G,Q,T,G,P,E,G,P,G,G,Q,Q,G,S,P,G,A,Q,G,Q,T,V,Q,G,P,V,G,P,P,G,V,K,G,E,K,G,D,H,G,P,P,G,L,Q,G,Y,P,G,H,Q,G,A,P,G,K,V,G,L,Q,G,P,G,M,R,G,L,E,G,T,T,G,L,P,G,P,P,G,P,F,Q,G,M,A,G,A,R,G,A,G,G,E,R,G,P,P,G,A,V,G,P,G,L,P,G,P,K,G,E,R,G,E,K,H,M,L,K,F,D,S,F,H,E,S,S,R,P,P,L,P,V,S,E,A,S,G,P,P,-,-,-,-,-,-,-,-,-,-,-,-,-,-,-,-,-,-,-,-,-,-,-,-
Pteropus_alecto,-,-,-,-,-,-,-,-,-,-,-,-,-,-,-,-,-,-,-,-,-,-,-,-,-,-,-,-,-,-,-,-,-,-,-,-,-,-,-,-,-,-,-,-,-,-,-,-,-,-,-,-,-,-,-,-,-,-,M,-,-,-,-,-,-,-,-,-,-,-,-,-,-,-,-,-,-,-,-,-,-,-,-,-,-,-,-,-,-,-,-,-,-,-,-,-,-,-,-,-,-,-,-,-,-,-,-,-,-,-,-,-,-,-,-,-,-,-,-,-,-,-,-,-,-,-,-,-,-,-,-,-,-,-,-,-,-,-,-,-,-,-,-,-,-,-,-,-,-,-,-,-,A,G,P,Q,F,R,C,T,P,P,T,P,V,D,L,I,F,L,V,D,G,S,W,S,I,G,H,S,H,F,R,Q,V,K,D,F,L,A,S,I,I,K,P,F,E,I,G,P,D,K,V,Q,V,G,L,T,Q,Y,S,G,D,P,Q,T,E,W,D,L,N,T,F,H,T,K,E,E,V,L,A,A,V,H,S,L,R,Y,K,G,G,N,T,F,T,G,L,A,L,T,H,V,L,R,Q,S,L,R,P,A,A,G,P,R,P,E,A,A,K,V,V,I,L,V,T,D,G,K,S,Q,D,D,A,H,A,A,G,R,V,L,K,D,L,D,V,D,V,F,A,V,G,V,K,N,A,D,E,A,E,L,R,L,L,A,S,Q,P,L,D,V,T,V,H,S,V,P,D,F,P,Q,L,G,M,L,A,G,L,L,S,R,L,I,C,Q,K,V,Q,G,R,S,Q,R,R,A,A,A,A,P,A,L,D,P,L,S,A,P,T,S,L,V,L,T,Q,V,T,F,S,S,V,R,L,S,W,T,P,A,P,Q,L,P,L,K,Y,L,V,T,W,R,P,S,R,G,G,A,P,R,E,V,V,V,E,G,P,S,A,S,A,E,L,H,N,L,T,S,S,T,E,Y,L,V,S,V,A,P,V,Y,E,A,G,V,G,E,G,L,R,G,L,V,T,T,G,P,L,P,P,P,Q,G,L,T,L,A,T,V,T,P,R,T,I,R,L,T,W,Q,P,S,A,G,A,T,Q,Y,L,V,R,C,S,P,A,S,P,K,G,E,E,D,G,M,E,V,R,V,G,L,P,E,V,L,L,D,G,L,E,P,G,R,D,Y,S,V,W,V,R,S,L,R,G,S,E,A,S,E,A,R,G,I,R,A,K,T,-,-,-,-,P,P,K,H,L,G,F,S,D,V,S,H,D,S,A,R,V,F,W,E,G,T,P,R,P,V,R,P,C,R,V,S,Y,V,S,G,E,G,G,H,S,G,Q,T,E,A,P,G,N,A,T,S,A,I,L,G,P,L,A,S,S,T,T,Y,T,V,H,V,T,C,L,H,P,G,G,R,S,S,R,M,T,G,R,L,T,T,R,K,V,P,S,P,S,Q,L,S,V,T,E,L,P,G,D,K,V,R,L,E,W,A,A,A,A,A,S,G,V,L,V,Y,Q,I,K,W,L,P,L,G,D,G,K,A,H,E,I,S,V,P,G,N,L,G,T,A,V,L,P,G,L,G,R,H,S,E,Y,E,I,T,I,L,A,Y,Y,G,D,G,A,R,S,E,P,V,S,L,R,Y,T,P,-,-,L,R,W,S,P,P,S,G,L,A,L,D,S,E,S,P,N,S,L,R,V,S,W,T,P,P,S,G,H,V,L,Y,Y,R,V,T,Y,V,L,A,S,G,S,G,P,E,K,S,V,S,I,P,G,P,R,S,Q,A,T,L,L,D,L,L,A,A,T,K,Y,R,V,L,V,S,A,V,Y,E,A,G,E,S,V,A,V,S,A,T,G,R,T,A,A,C,P,A,L,H,P,N,S,S,V,A,G,F,D,L,M,A,A,F,G,L,A,Q,K,E,Y,A,S,I,R,G,V,A,M,E,P,S,A,L,G,P,A,M,T,F,T,L,F,K,D,A,Q,L,T,R,R,A,D,I,H,L,A,A,E,H,T,V,V,F,L,L,R,L,L,P,E,T,P,R,E,A,F,A,L,W,Q,M,T,A,E,D,F,Q,P,V,L,G,V,L,L,D,A,S,R,R,S,L,T,Y,F,S,H,H,P,R,A,A,L,Q,E,V,T,F,D,L,P,E,V,R,R,I,F,Y,G,S,F,H,K,V,H,V,A,V,G,H,S,K,V,R,L,Y,V,D,C,Q,K,V,A,E,R,P,I,G,E,A,G,S,P,P,A,T,G,F,V,T,L,G,R,L,A,K,A,R,G,P,R,S,S,S,A,A,L,Q,L,Q,M,L,Q,I,V,C,S,D,T,W,A,E,E,D,R,C,C,E,L,P,A,L,M,D,G,E,A,C,P,T,P,P,S,A,C,T,C,P,P,Q,A,P,G,P,P,G,P,Q,G,P,P,G,L,P,G,R,G,G,A,P,G,Q,Q,G,F,P,G,P,R,G,E,P,G,P,P,G,Q,M,G,P,E,G,P,G,G,Q,Q,G,S,P,G,T,Q,G,R,T,V,Q,G,P,M,G,P,P,G,V,K,G,Q,K,G,D,H,G,L,P,G,L,Q,-,-,-,-,-,Q,G,T,P,G,R,V,G,L,Q,G,P,G,M,R,G,L,E,G,A,A,G,L,P,G,P,P,G,P,F,Q,G,V,A,G,A,R,G,T,G,G,E,R,G,P,A,G,A,V,G,P,G,L,P,G,P,K,G,E,R,G,E,K,-,-,-,-,-,-,-,-,-,-,S,T,R,P,P,R,P,I,L,E,A,P,A,P,P,-,-,-,-,-,-,-,-,S,M,H,S,E,A,G,L,-,-,-,-,-,-,-,-
Pteropus_giganteus,C,L,W,L,W,L,S,V,T,L,R,H,G,L,A,S,G,R,L,R,L,A,V,L,P,E,D,R,L,Q,M,K,W,R,E,S,G,A,R,G,L,G,Y,L,V,Q,V,K,P,M,A,G,D,S,E,Q,E,V,M,L,S,T,K,T,P,K,A,T,V,G,G,L,S,P,S,K,G,Y,T,V,Q,I,F,E,L,T,G,S,G,N,V,L,L,A,R,R,E,F,V,I,E,D,L,K,S,D,S,G,S,R,S,S,R,R,P,P,G,-,-,-,-,A,P,T,P,S,H,L,G,S,P,D,P,-,-,-,-,Y,S,H,V,T,S,A,P,S,P,G,P,P,T,L,A,G,P,Q,F,R,C,T,P,P,T,P,V,D,L,I,F,L,V,D,G,S,W,S,I,G,H,S,H,F,R,Q,V,K,D,F,L,A,S,I,I,K,P,F,E,I,G,P,D,K,V,Q,V,G,L,T,Q,Y,S,G,D,P,Q,T,E,W,D,L,N,T,F,H,T,K,E,E,V,L,A,A,V,H,S,L,R,Y,K,G,G,N,T,F,T,G,L,A,L,T,H,V,L,R,Q,S,L,R,P,A,A,G,P,R,P,E,A,A,K,V,V,I,L,V,T,D,G,K,S,Q,D,D,A,H,A,A,G,R,V,L,K,D,L,D,V,D,V,F,A,V,G,V,K,N,A,D,E,A,E,L,R,L,L,A,S,Q,P,L,D,V,T,V,H,S,V,P,D,F,P,Q,L,G,M,L,A,G,L,L,S,R,L,I,C,Q,K,V,Q,G,R,S,Q,R,R,A,A,A,A,P,A,L,D,P,L,S,A,P,T,S,L,V,L,T,Q,V,T,S,S,S,V,R,L,S,W,T,P,A,P,Q,L,P,L,K,Y,L,V,T,W,R,P,S,R,G,G,A,P,R,E,V,V,V,E,G,P,S,A,S,A,E,L,H,N,L,T,S,S,T,E,Y,L,V,S,V,A,P,V,Y,E,A,G,V,G,E,G,L,R,G,L,V,T,T,G,P,L,P,P,P,Q,G,L,T,L,A,T,V,T,P,R,T,I,R,L,T,W,Q,P,S,A,G,A,T,Q,Y,L,V,R,C,S,P,A,S,P,K,G,E,E,D,G,M,E,V,R,V,G,L,P,E,V,L,L,D,G,L,E,P,G,R,D,Y,S,V,W,V,Q,S,L,R,G,S,E,A,S,E,A,R,G,I,R,A,K,T,-,-,-,-,P,P,K,H,L,G,F,S,D,V,S,H,D,S,A,R,V,F,W,E,G,T,P,R,P,V,R,P,C,R,V,S,Y,V,S,G,E,G,G,H,S,G,Q,M,E,A,P,G,N,A,T,S,A,I,L,G,P,L,A,S,S,T,T,Y,S,V,H,V,T,C,L,H,P,G,G,R,S,S,R,M,T,G,R,L,T,T,R,K,V,P,S,P,S,Q,L,S,V,T,E,L,P,G,D,E,V,R,L,E,W,A,A,A,A,A,S,G,V,L,V,Y,Q,I,K,W,L,P,L,G,D,G,K,A,H,E,I,S,V,P,G,N,L,G,A,A,V,L,P,G,L,G,R,R,S,E,Y,E,I,T,I,L,A,Y,Y,G,D,G,A,R,S,E,P,V,S,L,R,Y,T,P,-,-,L,R,W,S,P,P,S,G,L,A,L,G,S,E,S,P,N,S,L,R,V,S,W,T,P,P,S,G,H,V,L,Y,Y,R,V,T,Y,V,L,A,S,G,S,G,P,E,K,S,V,S,I,P,G,P,R,S,Q,A,T,L,L,D,L,L,A,A,T,K,Y,R,V,L,V,S,A,V,Y,E,A,G,E,S,V,A,V,S,A,T,G,R,T,A,A,C,P,A,L,H,P,N,G,S,L,A,G,F,D,L,M,A,A,F,G,L,A,Q,K,E,Y,A,S,I,R,G,V,A,M,E,P,S,A,L,G,P,A,M,T,F,T,L,F,K,D,A,Q,L,T,R,R,A,D,I,H,L,A,A,E,H,T,V,V,F,L,L,R,L,L,P,E,T,P,R,E,A,F,A,L,W,Q,M,T,A,E,D,F,Q,P,V,L,G,V,L,L,D,A,S,R,R,S,L,T,Y,F,S,H,H,P,R,A,A,L,Q,E,V,T,F,D,L,P,E,V,R,R,I,F,Y,G,S,F,H,K,V,H,V,A,V,G,H,S,K,V,R,L,Y,V,D,C,R,K,V,A,E,R,P,I,G,E,A,G,S,P,P,A,T,G,F,V,T,L,G,R,L,A,K,A,R,G,P,R,S,S,S,A,A,L,Q,L,Q,M,L,Q,I,V,C,S,D,A,W,A,E,E,D,R,C,C,E,L,P,A,L,M,D,G,E,A,C,P,A,P,P,S,A,C,T,C,P,T,Q,T,P,G,P,P,G,P,Q,G,P,P,G,L,P,G,R,G,G,A,P,G,Q,Q,G,F,P,G,P,R,G,E,P,G,P,P,G,Q,M,G,P,E,G,P,G,G,Q,Q,G,S,P,G,T,Q,G,R,T,V,Q,G,P,M,G,P,P,G,V,K,G,Q,K,G,D,H,G,L,P,G,L,Q,-,-,-,-,-,Q,G,T,P,G,R,V,G,L,Q,G,P,G,M,R,G,L,E,G,A,A,G,L,P,G,P,P,G,P,F,Q,G,V,A,G,A,R,G,A,G,G,E,R,G,P,A,G,A,V,G,P,G,L,P,G,P,K,G,E,R,G,E,K,-,-,-,-,-,-,-,-,-,-,S,T,R,P,P,R,P,I,L,E,A,P,A,P,P,-,-,-,-,-,-,-,-,S,T,R,S,E,A,G,L,-,-,-,-,-,-,-,-
Pteropus_vampyrus,C,L,W,L,W,L,S,V,T,L,R,H,G,L,A,S,G,R,L,R,L,A,V,L,P,E,D,R,L,Q,M,K,W,R,E,S,G,A,R,G,L,G,Y,L,V,Q,V,K,P,M,A,G,D,S,E,Q,E,V,M,L,S,T,K,T,P,K,A,T,V,G,G,L,S,P,S,K,G,Y,T,V,Q,I,F,E,L,T,G,S,G,N,V,L,L,A,R,R,E,F,V,I,E,D,L,K,S,D,S,G,S,R,S,S,R,R,P,P,G,-,-,-,-,A,P,T,P,S,H,L,G,S,P,D,P,-,-,-,-,Y,S,H,V,T,S,A,P,S,P,G,P,P,T,L,G,S,P,-,-,-,-,-,-,-,-,-,-,-,-,-,-,-,-,-,-,-,-,-,-,G,R,G,H,-,-,-,-,-,-,-,-,-,-,-,-,-,-,-,-,L,G,P,-,-,-,-,-,-,-,-,-,-,-,-,-,-,-,-,-,-,-,-,-,-,-,-,-,-,-,-,-,-,-,-,-,-,-,-,-,-,-,-,-,-,-,-,P,G,L,A,L,T,H,V,L,R,Q,S,L,R,P,A,A,G,P,R,P,E,A,A,K,V,V,I,L,V,T,D,G,K,S,Q,D,D,A,H,A,A,G,R,V,L,K,D,L,D,V,D,V,F,A,V,G,V,K,N,A,D,E,A,E,L,R,L,L,A,S,Q,P,L,D,V,T,V,H,S,V,P,D,F,P,Q,L,G,M,L,A,G,L,L,S,R,L,I,C,Q,K,V,Q,G,R,S,Q,R,R,A,A,A,A,P,A,L,D,P,L,S,A,P,T,S,L,V,L,T,Q,V,T,S,S,S,V,R,L,S,W,T,P,A,P,Q,L,P,L,K,Y,L,V,T,W,R,P,S,R,G,G,A,P,R,E,V,V,V,E,G,P,S,A,S,A,E,L,H,N,L,T,S,S,T,E,Y,L,V,S,V,A,P,V,Y,E,A,G,V,G,E,G,L,R,G,L,V,T,T,G,P,L,P,P,P,Q,G,L,A,L,A,T,V,T,P,R,T,I,R,L,T,W,Q,P,S,A,G,A,T,Q,Y,L,V,R,C,S,P,A,S,P,K,G,E,E,D,G,M,E,V,R,V,G,L,P,E,V,L,L,D,G,L,E,P,G,R,D,Y,S,V,W,V,Q,S,L,R,G,S,E,A,S,E,A,R,G,I,R,A,K,T,-,-,-,-,P,P,K,H,L,G,F,S,D,V,S,H,D,S,A,R,V,F,W,E,G,T,P,R,P,V,R,P,C,R,V,S,Y,V,S,G,E,G,G,H,S,G,Q,M,E,A,P,G,N,A,T,S,A,I,L,G,P,L,A,S,S,T,T,Y,T,V,H,V,T,C,L,H,P,G,G,R,S,S,R,M,T,G,R,L,T,T,R,K,V,P,S,P,S,Q,L,S,V,T,E,L,P,G,D,K,V,R,L,E,W,A,A,A,A,A,S,G,V,L,V,Y,Q,I,K,W,L,P,L,G,D,G,K,A,H,E,I,S,V,P,G,N,L,G,A,A,V,L,P,G,L,G,R,R,S,E,Y,E,I,T,I,L,A,Y,Y,G,D,G,A,R,S,E,P,V,S,L,R,Y,T,P,-,-,L,R,W,S,P,P,S,G,L,A,L,G,S,E,S,P,N,S,L,R,V,S,W,T,P,P,S,G,H,V,L,Y,Y,R,V,T,Y,V,L,A,S,G,S,G,P,E,K,S,V,S,I,P,G,P,R,S,Q,A,T,L,L,D,L,L,A,A,T,K,Y,R,V,L,V,S,A,V,Y,E,A,G,E,S,V,A,V,S,A,T,G,W,T,A,A,C,P,A,L,H,P,N,G,S,L,A,G,F,D,L,M,A,A,F,G,L,A,Q,K,E,Y,A,S,I,R,G,V,A,M,E,P,S,A,W,G,P,A,M,T,F,T,L,F,K,D,A,Q,L,T,R,R,A,D,I,H,L,A,A,E,H,T,V,V,F,L,L,R,L,L,P,E,T,P,R,E,A,F,A,L,W,Q,M,T,A,E,D,F,Q,P,V,L,G,V,L,L,D,A,S,R,R,S,L,T,Y,F,S,H,H,P,R,V,A,L,Q,E,V,T,F,D,L,P,E,V,R,R,I,F,Y,G,S,F,H,K,V,H,V,A,V,G,H,S,K,V,R,L,Y,V,D,C,R,K,V,A,E,R,P,I,G,E,A,G,S,P,P,A,T,G,F,V,T,L,G,R,L,A,K,A,R,G,P,R,S,S,S,A,A,L,Q,L,Q,M,L,Q,I,I,C,S,D,T,W,A,E,E,D,R,C,C,E,L,P,A,L,M,D,G,E,A,C,P,A,P,P,S,A,C,T,C,P,T,Q,T,P,G,P,P,G,P,Q,G,P,P,G,L,P,G,R,G,G,A,P,G,Q,Q,G,F,P,G,P,R,G,E,P,G,P,P,G,Q,M,G,P,E,G,P,G,G,Q,Q,G,S,P,G,T,Q,G,R,T,V,Q,G,P,M,G,P,P,G,V,K,G,Q,K,G,D,H,G,L,P,G,L,Q,-,-,-,-,-,Q,G,T,P,G,R,V,G,L,Q,G,P,G,L,-,G,M,E,G,G,G,G,L,-,-,-,-,-,-,-,-,-,-,-,-,-,-,-,-,-,-,-,-,-,-,-,-,-,-,-,P,G,L,P,G,P,K,G,E,R,G,E,K,-,-,-,-,-,-,-,-,-,-,S,T,R,P,P,R,P,I,L,E,A,P,A,P,P,-,-,-,-,-,-,-,-,S,T,R,S,E,A,G,L,-,-,-,-,-,-,-,-
Rousettus_aegyptiacus,C,L,W,L,W,L,G,V,T,L,R,R,G,L,V,S,G,R,L,K,L,A,V,L,P,E,D,R,L,Q,M,E,W,T,E,S,G,A,R,G,L,G,Y,L,V,Q,V,K,P,M,A,G,D,S,E,Q,E,V,M,L,S,T,K,T,P,K,A,T,V,G,G,L,S,P,S,K,G,Y,T,L,Q,I,F,E,L,T,G,S,G,N,V,L,L,A,R,R,E,F,V,I,E,D,L,K,S,D,L,G,S,R,S,S,R,R,P,P,G,-,-,-,-,E,P,T,P,S,V,L,G,S,P,D,P,-,-,-,-,D,S,R,V,T,S,A,P,N,P,D,L,P,T,P,A,G,P,Q,F,R,C,T,P,S,T,P,A,D,L,I,F,L,V,D,G,S,W,S,I,G,H,S,H,F,R,Q,V,K,G,F,L,A,S,I,I,E,P,F,E,I,G,P,D,K,V,Q,V,G,L,T,Q,Y,S,G,E,P,Q,T,E,W,D,L,N,T,F,H,T,K,E,E,V,L,A,A,V,H,S,L,R,Y,K,G,G,S,T,F,T,G,L,A,L,T,H,V,L,Q,Q,N,L,K,P,A,A,G,P,R,P,E,A,A,K,V,V,I,L,V,T,N,G,K,S,Q,D,D,A,H,A,A,G,R,V,L,K,D,L,D,V,D,V,F,A,V,G,V,K,N,A,D,E,A,E,L,R,L,L,A,S,K,P,L,D,V,T,V,H,D,V,P,D,F,P,Q,L,G,T,L,A,G,L,L,S,R,L,I,C,Q,K,V,Q,G,K,S,R,Q,R,-,-,-,-,-,-,-,-,-,-,-,-,-,-,-,-,-,-,-,-,-,-,-,-,-,-,-,-,-,-,-,-,-,-,-,-,-,-,-,-,-,-,-,-,-,-,-,-,-,-,-,-,-,-,-,-,-,-,-,-,-,-,-,-,-,-,-,-,-,-,-,-,-,-,-,-,-,-,-,-,-,-,-,-,-,-,-,-,-,-,-,-,-,-,-,-,-,A,P,L,P,P,P,R,G,L,T,L,A,T,V,T,P,R,T,F,R,L,T,W,Q,P,S,A,G,A,T,Q,Y,L,V,R,C,S,P,A,S,P,K,G,-,E,D,G,M,E,V,W,V,G,L,P,E,V,L,L,D,G,L,E,P,G,R,D,Y,S,V,W,V,Q,S,L,R,G,S,E,A,S,E,A,R,G,I,R,A,R,T,R,P,L,A,P,H,K,R,L,N,F,S,D,V,S,H,D,S,A,R,V,S,W,E,G,P,P,R,P,V,R,P,C,R,V,S,Y,V,S,G,E,G,G,H,S,G,Q,T,E,A,P,G,N,A,T,S,A,V,L,G,P,L,A,S,S,T,T,Y,T,V,R,V,T,C,L,Q,P,G,G,H,S,S,T,M,T,G,R,L,T,T,R,K,V,P,S,P,S,Q,L,S,V,T,E,L,P,G,D,K,V,R,L,E,W,A,A,A,A,A,S,G,V,L,V,Y,Q,I,K,W,L,P,L,G,D,G,K,A,H,E,I,S,V,P,G,N,L,G,A,A,V,L,P,G,L,G,R,H,S,E,Y,E,I,T,I,L,A,Y,Y,G,D,G,A,R,S,E,P,V,T,L,R,Y,M,P,-,-,L,R,W,S,P,P,S,S,L,A,L,D,S,E,S,P,N,S,L,R,V,S,W,T,P,P,S,G,R,V,L,H,Y,R,V,T,Y,V,L,A,S,G,S,G,P,E,K,S,V,S,I,P,G,P,R,S,Q,V,T,L,P,D,L,L,A,A,T,K,Y,R,V,L,V,S,A,V,Y,E,A,G,E,S,V,A,A,S,A,T,A,R,T,-,A,C,P,A,L,H,P,N,G,S,L,T,G,F,D,L,M,A,A,F,G,L,V,Q,K,E,Y,A,S,I,R,G,V,A,M,E,P,S,A,L,G,P,A,M,T,F,T,L,F,K,D,A,Q,L,T,R,R,A,D,I,H,L,G,A,Q,H,T,V,V,F,L,L,R,L,L,P,D,T,P,R,E,A,F,A,L,W,Q,M,T,A,E,D,F,Q,P,V,L,G,V,L,L,D,A,G,R,K,S,L,T,Y,F,S,H,H,P,R,A,A,L,Q,E,V,T,F,D,L,P,E,V,R,R,I,F,Y,G,S,F,H,K,V,H,V,A,V,G,R,S,K,V,R,L,Y,V,D,C,R,K,V,A,E,R,P,I,G,E,A,G,S,P,P,G,T,G,F,V,T,L,G,R,L,A,K,A,R,G,P,R,S,S,S,A,A,L,Q,L,Q,L,L,Q,V,V,C,S,D,T,W,A,E,E,D,R,C,C,E,L,P,A,L,M,D,G,E,A,C,P,A,L,P,S,A,C,T,C,-,-,-,-,P,G,P,P,G,P,Q,G,P,P,G,L,P,G,R,G,G,A,P,G,P,Q,G,F,P,G,P,R,-,-,-,-,-,-,-,-,-,-,-,-,-,-,-,-,-,-,-,-,-,-,-,-,-,-,-,-,-,-,-,-,G,L,P,G,V,K,G,E,K,G,D,H,G,R,P,G,P,Q,G,S,G,G,A,Q,G,T,P,G,K,V,G,L,Q,G,P,G,V,R,G,L,E,G,A,A,G,L,P,G,P,P,G,P,F,Q,G,M,A,G,A,R,G,A,G,G,E,R,G,L,P,G,A,V,G,P,G,L,P,G,P,K,G,E,R,G,E,K,H,L,R,K,S,S,P,F,H,A,S,S,R,P,P,R,P,I,L,E,A,P,V,P,P,-,-,-,-,-,-,-,-,S,M,R,S,E,A,G,L,-,-,-,-,-,-,-,-
Ailuropoda_melanoleuca,C,L,W,L,W,L,G,V,A,L,G,R,G,Q,A,G,S,H,L,R,L,A,V,L,P,E,D,R,L,Q,M,K,W,S,G,S,E,G,S,S,L,G,Y,L,L,Q,V,K,P,M,A,G,D,T,E,Q,E,V,M,L,T,T,K,T,P,K,A,T,V,G,G,L,S,P,F,K,G,Y,T,V,Q,I,F,E,L,T,R,S,G,N,S,L,L,A,Q,R,E,F,V,I,A,D,L,K,S,H,S,V,S,R,S,S,R,K,P,L,E,A,-,G,M,Q,P,T,P,S,H,G,G,S,P,D,P,-,-,-,-,G,P,Q,V,A,W,S,P,S,Q,D,L,P,T,L,A,S,P,H,F,R,C,T,P,P,T,P,V,D,M,I,F,L,V,D,G,S,W,S,I,G,H,S,H,F,Q,Q,V,K,D,F,L,A,S,V,I,E,P,F,E,I,G,P,N,K,V,Q,V,G,L,T,Q,Y,S,G,D,P,Q,T,E,W,D,L,N,A,F,R,T,K,E,V,V,L,A,A,V,Y,S,L,R,Y,K,G,G,N,T,F,T,G,L,A,L,T,H,V,R,E,Q,N,L,K,P,G,A,G,P,R,P,E,A,A,K,V,V,I,L,V,T,D,G,K,S,Q,D,D,A,R,A,A,G,R,I,L,K,D,L,G,V,A,V,F,A,V,G,-,-,-,-,-,-,-,-,-,-,-,-,-,-,-,-,-,-,-,-,-,-,-,-,-,-,-,-,-,-,-,-,-,-,-,-,-,-,-,-,-,-,-,-,-,-,-,-,-,-,-,-,-,-,-,-,-,-,-,-,-,-,-,-,-,-,-,-,-,-,-,-,-,-,-,-,-,-,-,-,-,-,-,-,-,-,-,-,-,-,-,-,-,-,-,-,-,-,-,-,-,-,-,-,-,-,-,-,-,-,-,-,-,-,-,-,-,-,-,-,-,-,-,-,-,-,-,-,-,-,-,-,-,-,-,-,-,-,-,-,-,-,-,-,-,-,-,-,-,-,-,-,-,-,-,-,-,-,-,-,-,-,-,-,-,-,-,-,-,-,-,-,-,-,-,-,-,-,-,-,-,-,-,-,-,-,-,-,-,-,-,-,-,-,-,-,-,-,-,-,-,-,-,-,-,-,-,-,-,-,-,-,-,-,-,-,-,-,-,-,-,-,-,-,-,-,-,-,-,-,-,-,-,-,-,-,-,-,-,-,-,-,-,-,-,-,-,-,-,-,-,-,-,-,-,-,-,-,-,-,-,-,-,-,-,-,-,-,-,-,-,-,-,-,-,-,-,-,-,-,-,-,-,-,-,-,-,-,-,-,-,-,-,-,-,-,-,-,-,-,-,-,-,-,-,-,-,-,-,-,-,-,-,-,-,-,-,-,-,-,-,-,-,-,-,-,-,-,-,-,-,-,-,-,-,-,-,-,-,-,-,-,-,-,-,-,-,-,-,-,-,-,-,-,-,-,-,-,-,-,-,-,-,-,-,-,-,-,-,-,-,-,-,-,-,-,-,-,-,-,-,-,-,-,-,-,-,-,-,-,-,-,-,-,-,-,-,-,-,-,-,-,-,-,-,-,-,-,-,-,-,-,-,-,-,-,-,-,-,-,-,-,-,-,-,R,S,P,P,S,D,L,A,L,A,P,E,S,P,S,S,L,R,V,S,W,T,P,P,S,G,H,V,L,H,Y,R,L,T,Y,M,L,A,S,G,S,G,P,E,K,S,I,S,V,P,G,P,R,S,H,V,T,L,P,D,L,L,A,A,T,K,Y,R,V,L,V,S,A,V,Y,G,A,G,E,S,M,A,V,F,A,I,G,R,T,-,A,C,P,T,L,S,P,D,G,P,L,S,G,F,D,L,M,A,A,F,G,L,V,E,K,E,Y,A,S,I,R,G,V,A,M,E,R,S,A,F,G,C,A,R,T,F,T,L,F,K,D,A,Q,L,T,R,R,A,D,L,Q,L,A,A,E,H,T,V,V,F,L,L,R,V,L,P,E,T,P,R,E,T,F,A,L,W,Q,M,T,A,E,D,F,Q,P,V,L,G,V,P,L,D,A,G,R,K,S,L,T,Y,F,N,H,D,P,R,A,T,L,Q,E,V,T,F,D,L,P,E,V,R,R,I,F,F,G,S,F,H,K,V,H,V,A,V,G,L,S,K,V,R,L,Y,V,D,C,W,K,V,A,E,R,P,I,G,E,A,G,S,P,P,A,A,G,F,V,M,L,G,R,L,A,K,A,R,G,P,R,S,S,S,A,T,F,Q,L,Q,T,L,Q,I,V,C,S,D,S,W,A,E,E,D,M,C,C,E,L,P,V,A,K,D,G,E,T,R,P,A,F,P,S,A,C,T,C,S,S,Q,T,P,G,P,P,G,P,Q,G,P,P,G,L,P,G,R,N,G,A,P,G,E,Q,G,F,P,G,P,R,-,-,-,-,-,-,-,-,-,-,-,-,-,-,-,-,-,-,-,-,-,-,-,-,-,-,-,-,-,-,-,-,G,P,P,G,V,K,G,E,K,G,D,H,G,L,P,G,L,Q,G,Y,P,G,Q,Q,G,A,P,G,K,V,G,L,Q,G,P,G,M,R,G,L,E,G,S,A,G,L,P,G,P,P,G,P,F,Q,G,M,A,G,A,R,G,T,S,G,E,R,G,P,P,G,A,V,G,P,-,-,-,-,-,-,-,-,-,-,-,-,-,-,-,-,-,-,-,-,-,-,-,-,-,-,-,-,-,-,-,-,-,-,-,-,-,-,-,-,-,-,-,-,-,-,-,-,-,-,-,-,-,-,-,-,-,-,-,-,-
Antechinus_flavipes,-,-,-,-,-,-,-,-,-,-,-,-,-,-,-,-,-,R,L,R,L,T,V,L,S,E,D,R,L,Q,M,K,W,K,E,S,E,G,N,T,N,G,Y,K,V,Q,V,K,P,M,A,G,D,S,E,Q,E,V,M,L,T,T,K,T,P,K,V,T,V,V,G,L,S,P,T,K,E,Y,T,L,Q,I,F,A,L,S,G,S,R,D,T,L,L,A,R,R,R,F,V,I,E,D,L,K,S,I,S,L,G,R,N,S,R,K,Q,S,G,E,-,T,L,E,S,I,S,S,S,V,-,-,-,-,-,-,-,-,-,-,-,-,-,-,-,-,-,-,-,-,-,-,-,-,G,G,P,Q,F,H,C,D,T,S,I,P,V,D,I,V,F,L,V,D,G,S,W,S,I,G,R,S,N,F,R,L,I,R,E,F,L,A,N,I,I,S,P,F,H,I,A,Q,D,K,V,R,I,G,L,S,Q,Y,S,G,D,P,R,T,E,W,D,L,N,S,F,N,T,K,D,E,V,L,E,A,V,R,N,L,R,Y,K,G,G,N,T,F,T,G,L,A,L,T,H,V,L,E,Q,N,L,K,L,E,A,G,S,R,S,E,A,V,K,V,V,I,L,L,T,D,G,K,S,Q,D,D,A,R,L,A,A,Q,V,L,K,D,L,G,M,D,I,F,A,I,G,V,K,N,A,D,E,S,E,L,M,H,L,A,S,L,P,L,D,V,T,V,H,N,V,Q,D,F,P,L,L,G,N,L,T,N,R,L,I,R,L,L,C,W,K,I,Q,E,R,S,R,S,-,-,-,-,-,-,-,-,-,-,-,-,-,-,-,-,-,-,-,-,-,-,-,-,-,-,-,R,L,A,W,T,P,-,-,-,-,-,-,-,-,-,I,V,Y,H,P,S,R,G,G,T,P,R,E,V,T,V,E,G,A,T,S,S,A,Q,L,L,N,L,T,S,N,T,E,Y,L,V,T,V,F,P,I,Y,K,D,G,V,G,E,G,L,Q,D,I,V,T,T,L,P,L,S,P,P,S,S,L,T,I,F,S,V,T,P,G,S,I,H,L,T,W,K,P,T,N,K,A,T,Q,Y,L,V,H,C,-,-,-,-,-,-,-,-,-,-,-,-,E,V,R,V,R,D,P,E,V,L,L,E,G,L,A,P,G,T,E,Y,I,I,A,V,Y,A,L,F,G,E,E,V,S,E,P,Q,S,I,R,V,K,T,L,S,L,D,L,P,K,R,L,S,F,S,D,V,S,H,S,S,V,R,V,H,W,E,A,S,S,R,G,I,R,L,Y,H,V,S,Y,V,S,L,E,G,N,Q,A,G,E,I,D,V,S,R,N,A,S,S,V,K,L,A,P,L,S,S,S,T,S,Y,I,V,S,V,T,T,I,Y,R,E,G,D,S,S,T,L,T,G,R,V,T,T,R,K,V,P,A,P,S,H,L,K,V,T,E,L,P,G,D,D,V,R,L,E,W,A,A,A,A,A,V,G,V,V,V,Y,Q,I,K,W,M,P,L,G,E,G,K,A,Y,E,I,S,V,P,G,N,L,G,T,A,T,L,P,G,L,G,K,H,A,E,Y,E,I,S,I,L,A,Y,Y,R,D,G,A,R,S,D,T,V,S,L,R,Y,T,P,-,-,M,S,R,N,P,P,L,N,L,V,L,A,S,E,T,P,S,S,L,R,I,L,W,T,P,P,N,D,N,V,L,H,Y,R,L,T,Y,A,L,A,S,G,S,G,P,E,K,T,I,I,I,P,G,L,E,N,H,V,T,L,P,L,L,L,P,G,T,K,Y,K,V,M,V,S,A,V,Y,S,L,G,E,S,N,V,V,S,A,I,G,R,T,A,A,C,P,G,L,H,A,N,S,S,L,P,G,F,D,M,M,E,A,F,G,L,V,E,K,E,Y,A,S,I,K,G,V,S,M,E,P,S,I,F,S,G,I,R,T,Y,T,L,F,R,D,V,Q,L,M,R,R,A,E,I,H,P,A,A,E,H,T,I,S,F,L,L,R,V,L,P,E,T,P,R,E,P,F,A,L,W,Q,I,T,D,E,T,F,E,P,L,L,G,V,T,L,D,A,G,R,K,S,L,T,Y,F,N,R,D,H,K,A,E,L,Q,E,V,T,F,D,L,Q,E,V,K,K,I,F,Y,G,S,F,H,K,V,H,V,A,V,S,R,T,K,V,K,L,Y,V,D,C,R,K,I,T,E,R,L,I,N,E,A,G,S,P,S,T,A,G,F,V,I,L,G,K,L,T,K,T,R,G,P,R,S,G,S,A,T,F,Q,L,Q,A,L,Q,I,V,C,S,D,T,W,A,E,E,D,R,C,C,E,V,P,A,L,R,D,A,E,T,C,P,A,L,P,S,A,C,T,C,S,L,D,Q,P,G,P,P,G,P,P,G,P,P,G,T,P,G,R,R,G,I,Q,G,E,Q,G,T,P,G,P,R,G,E,P,G,P,P,G,Q,T,G,P,E,G,P,G,G,Q,Q,G,S,P,G,T,Q,G,L,T,I,Q,G,P,V,G,P,P,G,V,K,G,E,K,G,D,I,G,H,P,G,L,Q,G,H,P,G,H,Q,G,P,P,G,R,H,G,L,Q,G,P,G,M,R,G,F,E,G,T,A,G,F,P,G,P,P,G,P,F,Q,G,I,A,G,A,R,G,I,N,G,E,K,G,P,P,G,D,V,G,P,G,L,P,G,P,K,G,E,R,G,E,K,H,V,L,K,F,D,P,F,H,E,N,T,R,P,P,V,P,V,W,E,E,P,G,R,E,G,Y,P,-,-,-,-,-,-,-,-,-,-,-,-,-,-,-,-,-,-,-,-,-
Aotus_nancymaae,C,L,W,L,W,L,G,A,T,L,G,R,E,Q,A,S,G,R,L,R,L,A,V,L,P,E,D,Q,L,Q,M,K,W,R,E,S,E,G,S,G,L,G,Y,L,V,Q,V,K,P,M,A,G,D,S,E,Q,E,V,I,L,T,T,K,A,P,K,A,T,V,G,G,L,S,P,S,K,G,Y,T,L,Q,I,F,E,L,T,G,S,G,R,I,L,L,A,R,R,E,F,V,I,E,E,L,K,S,S,S,L,D,R,S,S,W,R,S,L,S,S,G,A,P,E,P,T,P,S,L,V,G,S,P,D,P,E,Q,A,P,E,P,R,V,A,F,E,P,S,R,D,P,P,T,P,A,V,P,Q,F,R,C,L,P,P,T,P,A,D,M,V,F,L,V,D,G,S,W,S,I,G,H,S,H,F,Q,Q,V,K,D,F,L,A,S,I,I,A,P,F,E,I,G,P,D,K,V,Q,V,G,L,T,Q,Y,S,G,D,A,Q,T,E,W,D,L,N,S,L,G,T,K,E,Q,V,L,A,A,V,R,H,L,R,Y,K,G,G,N,T,F,T,G,L,A,L,T,H,V,L,G,Q,N,L,Q,P,A,A,G,V,R,P,E,A,A,K,V,V,I,L,V,T,D,G,K,S,Q,D,D,V,H,T,A,A,R,V,L,K,D,L,G,V,I,V,F,A,V,G,V,K,N,A,D,E,A,E,L,R,L,L,A,S,P,P,Q,D,I,T,V,H,N,V,L,G,F,P,Q,L,G,A,L,A,G,L,L,S,R,L,I,C,Q,R,L,Q,-,-,-,-,-,-,-,A,A,A,P,A,L,D,T,L,P,A,P,T,S,L,V,L,T,Q,V,T,S,S,S,V,R,L,S,W,T,P,A,P,R,L,P,L,K,Y,L,I,V,W,Q,A,S,R,G,G,T,P,R,E,M,V,V,E,G,P,A,T,S,A,E,L,H,N,L,T,S,H,T,E,Y,L,I,S,V,L,P,L,Y,D,A,G,V,G,E,G,L,R,G,L,A,T,T,A,P,L,P,P,P,R,A,L,T,L,A,T,L,T,P,R,T,I,H,L,T,W,Q,P,S,A,G,A,T,H,Y,L,V,Q,L,L,P,A,S,P,K,G,E,E,E,E,R,E,V,E,V,G,R,P,E,V,L,L,D,G,L,E,P,G,R,D,Y,E,V,S,V,Q,S,L,R,D,L,E,A,S,E,A,R,G,I,H,V,R,T,P,P,P,A,P,L,R,H,L,G,F,S,D,V,S,H,D,S,A,R,V,F,W,E,R,S,P,R,P,V,R,L,V,R,V,T,Y,I,S,S,E,G,G,H,S,G,Q,M,E,A,P,G,N,A,T,S,A,A,L,G,P,L,S,S,S,T,T,Y,T,V,R,V,T,C,L,Y,P,G,G,G,S,S,T,L,T,G,R,V,T,T,K,K,A,P,S,P,S,Q,L,S,V,T,E,L,P,G,D,E,V,R,L,S,W,V,A,A,A,P,S,G,V,L,V,Y,Q,I,K,W,M,P,L,G,E,G,K,A,H,E,I,S,V,P,G,N,L,R,S,A,V,L,P,G,L,G,R,H,A,E,Y,D,V,T,I,L,A,Y,Y,R,D,G,A,R,S,D,P,V,S,L,R,Y,A,P,S,T,V,S,R,S,P,P,S,N,L,A,L,A,S,E,T,P,D,S,L,Q,V,S,W,T,P,P,R,G,P,V,L,R,Y,Q,L,T,Y,A,P,T,S,G,S,G,P,E,K,S,V,S,V,P,G,P,R,N,H,V,T,L,S,D,L,Q,A,A,T,K,Y,R,V,L,V,S,A,V,Y,T,A,G,K,S,E,A,V,S,A,T,G,Q,T,A,T,C,P,A,L,H,P,D,G,S,L,Q,G,F,D,L,M,V,T,F,G,L,V,E,K,A,Y,A,S,I,R,G,V,A,M,E,P,S,A,F,G,G,T,P,T,F,T,L,F,K,D,A,Q,L,T,R,R,V,D,I,H,P,A,P,E,H,T,I,V,F,L,L,R,L,L,P,E,T,P,R,E,A,F,A,L,W,Q,M,T,A,E,D,F,Q,P,V,L,G,V,L,L,D,A,G,R,K,S,L,T,Y,F,H,R,D,P,R,A,A,L,Q,E,A,T,F,D,P,Q,E,V,R,K,I,F,F,G,S,F,H,K,V,H,V,A,V,G,R,S,K,V,R,L,Y,V,D,C,R,K,V,A,E,R,P,L,G,E,V,G,S,P,P,A,A,G,F,I,M,L,G,R,L,A,K,A,R,G,P,R,S,S,S,A,A,F,Q,L,Q,M,L,Q,I,V,C,S,D,T,W,A,N,E,D,R,C,C,E,L,P,A,S,R,D,G,E,T,C,P,A,F,V,S,A,C,T,C,S,S,E,T,P,G,P,P,G,P,E,G,P,P,G,L,P,G,R,N,G,T,P,G,E,Q,G,F,P,G,P,R,-,-,-,-,-,-,-,-,-,-,-,-,-,-,-,-,-,-,-,-,-,-,-,-,-,-,-,-,-,-,-,-,G,P,P,G,V,K,G,E,K,G,D,H,G,L,P,G,L,Q,G,H,P,G,H,Q,G,I,P,G,R,I,G,L,Q,G,P,G,M,R,G,L,E,G,T,A,G,L,P,G,P,P,G,P,F,Q,G,M,A,G,A,R,G,T,I,G,D,R,G,P,P,G,A,V,G,P,G,L,P,G,P,R,G,E,R,G,E,K,H,V,S,K,F,D,S,F,H,E,N,T,R,P,P,M,P,I,L,E,Q,K,L,E,P,G,A,E,P,L,G,S,P,G,T,R,S,E,S,L,L,W,G,R,G,G,R,H,L
Apodemus_sylvaticus,C,L,W,M,F,L,G,T,T,L,A,L,G,Q,V,S,S,R,L,R,L,A,V,L,P,E,D,Q,L,Q,M,K,W,R,E,T,E,G,S,G,L,G,Y,L,V,Q,V,T,P,M,A,G,D,L,E,Q,E,L,I,L,T,T,K,T,P,K,A,T,V,G,G,L,S,P,S,K,S,Y,T,L,Q,I,F,K,L,T,D,S,G,P,V,L,L,A,R,K,E,F,V,I,E,D,L,K,S,Q,S,L,G,R,G,N,W,R,L,A,G,A,-,T,L,E,P,T,-,-,-,-,-,-,-,-,-,-,-,-,-,-,-,-,-,-,-,-,-,-,-,-,-,-,-,-,-,-,-,Q,F,Q,C,T,P,P,T,P,A,D,I,I,F,L,V,D,G,S,W,S,I,G,H,N,H,F,Q,Q,V,K,D,F,L,A,S,I,I,T,H,F,A,I,G,P,D,K,V,Q,V,G,L,T,Q,Y,S,G,D,P,Q,T,E,W,D,L,N,S,F,H,T,K,E,Q,V,L,A,A,V,H,H,L,L,Y,K,G,G,N,T,F,T,G,L,A,L,T,H,V,L,E,Q,N,L,K,P,A,A,G,V,R,P,E,A,A,K,V,L,I,L,V,T,D,G,K,S,Q,D,D,V,H,T,A,A,R,I,L,K,D,Q,D,I,D,V,F,V,V,G,V,K,N,V,D,E,A,E,L,K,L,L,A,S,Q,P,L,D,I,T,V,H,N,V,L,D,F,P,Q,L,A,T,L,A,P,L,L,S,R,L,I,C,Q,K,I,Q,G,-,-,-,-,-,A,A,G,A,Q,V,L,D,P,L,P,M,P,T,R,L,L,L,T,H,A,T,S,S,S,I,H,L,S,W,T,P,A,L,Y,P,P,L,K,Y,L,I,V,W,Q,P,S,R,G,G,A,P,K,E,V,V,V,E,G,P,V,S,S,M,E,L,R,N,L,T,S,N,T,E,Y,L,V,S,V,L,P,V,Y,E,S,G,V,G,K,S,L,Q,G,R,A,T,T,A,P,L,P,P,P,G,P,L,N,L,A,A,V,T,S,R,T,L,H,V,T,W,Q,P,S,A,G,A,T,Q,Y,L,V,Q,Y,L,L,A,T,S,A,G,E,E,Q,K,R,E,V,H,V,R,Q,P,E,V,L,L,D,G,L,E,P,G,Q,D,Y,E,V,S,V,K,S,L,R,G,P,E,A,S,E,A,Q,S,I,R,A,R,T,S,V,L,G,S,P,R,Y,L,S,F,S,D,V,R,Y,N,S,T,C,V,S,W,E,A,-,Q,R,P,V,R,L,V,K,V,S,Y,V,S,S,D,G,S,H,S,G,Q,T,Q,F,P,G,N,I,T,S,T,T,L,G,P,L,S,S,S,T,M,Y,T,I,R,V,T,C,F,Y,L,G,G,G,S,S,V,L,T,G,H,V,T,T,Q,K,A,P,N,P,S,Q,L,S,V,M,E,L,P,G,D,A,V,K,L,S,W,L,A,T,A,L,S,G,V,L,V,Y,Q,I,K,W,I,P,L,G,E,G,K,A,H,E,I,S,V,P,G,T,L,G,T,A,I,L,H,G,L,M,K,H,V,E,Y,E,I,T,I,L,A,Y,Y,R,D,G,T,R,S,D,P,V,S,L,R,Y,T,P,S,A,A,S,R,S,P,P,S,S,L,A,L,S,S,E,T,P,N,S,L,Q,V,S,W,T,P,P,S,G,H,V,L,H,Y,R,L,N,Y,A,L,A,S,G,S,G,L,E,K,S,I,S,V,P,G,T,R,S,R,V,V,L,R,D,L,M,S,A,T,K,Y,R,V,L,V,S,A,V,Y,G,A,G,E,S,M,A,V,S,A,T,Y,R,T,A,A,C,P,A,L,H,P,D,S,S,L,S,G,F,D,L,M,V,A,F,G,L,V,A,K,E,Y,A,S,I,R,G,V,A,M,E,P,S,A,L,G,M,A,P,T,F,T,L,F,K,D,A,Q,L,M,R,R,V,D,I,H,P,A,T,E,H,T,I,V,F,L,V,R,L,L,P,E,T,P,R,E,A,F,A,L,W,Q,T,M,A,E,D,F,Q,P,I,L,G,V,L,L,D,A,G,R,K,S,L,T,Y,F,N,H,D,S,R,A,A,L,Q,E,V,T,F,D,L,Q,D,A,K,K,I,F,F,G,S,F,H,K,V,H,I,A,V,G,H,S,K,V,R,L,Y,V,D,C,R,K,V,A,E,R,P,I,G,D,A,G,I,L,P,T,A,G,F,I,T,L,G,R,L,A,K,A,R,G,P,R,S,S,S,A,T,F,Q,L,Q,M,L,Q,I,V,C,T,D,T,W,A,D,K,D,R,C,C,E,L,P,A,L,R,D,G,E,M,C,P,A,F,P,S,A,F,A,C,S,S,E,T,P,G,P,P,G,P,Q,G,P,P,G,L,P,G,R,N,G,T,P,G,Q,Q,G,H,P,G,P,K,G,E,P,G,P,P,G,Q,T,G,P,K,G,P,G,G,Q,Q,G,S,P,G,T,Q,G,R,A,V,Q,G,P,M,G,P,P,G,A,K,G,E,K,G,E,Q,G,L,P,G,L,Q,G,L,S,G,Q,Q,G,I,P,G,K,T,G,L,Q,G,P,G,M,R,G,L,E,G,P,A,G,L,P,G,P,P,G,P,F,Q,G,L,A,G,T,R,G,T,N,G,E,R,G,P,P,G,A,V,G,P,G,L,P,G,S,K,G,E,P,G,E,K,H,V,L,K,L,N,S,F,H,E,N,A,R,P,P,M,P,-,-,-,-,-,-,-,-,-,-,-,-,-,-,-,-,-,-,-,-,E,A,L,L,W,G,H,I,L,H,P,-
Arvicola_amphibius,C,L,W,M,L,L,G,A,T,L,A,L,G,Q,V,S,G,R,L,R,L,A,V,L,P,E,D,Q,L,Q,M,K,W,R,E,A,E,G,S,G,L,G,Y,L,V,Q,V,T,P,M,A,G,D,L,E,Q,E,L,I,L,T,T,K,M,P,K,A,T,V,G,G,L,S,P,S,K,G,Y,I,L,Q,I,F,E,L,T,D,S,G,P,V,L,L,V,R,R,E,F,V,I,E,D,L,K,S,H,S,L,S,R,G,S,R,R,-,-,-,-,-,-,-,-,-,-,-,-,-,-,-,-,-,D,P,E,K,T,P,E,P,S,I,A,F,T,S,S,R,D,W,P,I,L,A,E,P,Q,F,H,C,T,P,P,T,P,T,D,I,I,F,L,V,D,G,S,W,S,I,G,H,S,H,F,Q,Q,V,K,D,F,L,A,S,I,I,T,P,F,E,I,G,P,D,K,V,Q,V,G,L,T,Q,Y,S,G,D,P,Q,T,E,W,D,L,N,S,F,H,T,K,E,Q,V,L,A,A,V,H,S,L,R,Y,R,G,G,N,T,F,T,G,L,A,L,T,H,V,L,G,Q,N,L,K,P,A,A,G,A,R,P,E,A,A,K,V,L,I,L,V,T,D,G,K,S,Q,D,D,V,R,T,A,A,R,I,L,K,D,Q,D,I,D,V,F,V,V,G,V,K,N,A,D,E,A,E,L,K,L,L,A,S,Q,P,L,D,I,T,V,H,N,V,L,D,F,P,Q,L,A,T,L,A,A,L,L,S,R,L,V,C,Q,K,I,Q,G,-,-,-,-,-,A,A,A,T,L,A,L,D,P,L,P,V,P,T,R,L,V,L,T,H,V,T,S,S,S,V,H,L,S,W,T,P,A,S,Y,P,P,L,K,Y,L,I,V,W,Q,P,S,R,G,G,A,P,K,E,V,V,V,E,G,P,V,S,S,M,E,L,R,N,L,T,S,N,T,E,Y,M,V,S,V,F,P,V,Y,E,S,G,F,G,K,S,L,Q,G,W,A,T,T,A,P,L,P,P,P,G,A,L,T,L,A,S,A,T,P,R,T,L,H,L,T,W,Q,P,S,A,G,A,T,Q,Y,L,V,-,-,-,-,-,-,-,-,G,E,E,Q,R,R,E,V,H,V,G,Q,P,E,V,L,L,E,G,L,E,P,G,R,D,Y,E,V,S,V,Q,S,L,R,G,P,E,A,S,E,V,R,S,I,S,A,R,T,T,A,L,G,P,P,R,H,L,S,F,S,D,V,S,Y,N,S,A,C,V,S,W,E,A,-,Q,R,P,V,R,L,V,K,V,S,Y,V,S,S,D,G,S,H,S,G,Q,T,Q,V,P,G,N,A,T,S,A,T,L,G,P,L,S,S,S,T,K,Y,T,I,R,V,T,C,F,Y,F,G,G,G,S,S,V,L,T,G,H,V,T,T,K,K,A,P,S,P,S,Q,L,S,V,V,E,L,P,G,D,A,V,K,L,S,W,V,A,A,A,L,S,G,V,L,V,Y,Q,I,K,W,T,P,L,G,E,G,K,A,H,E,I,S,V,P,G,T,L,D,T,A,I,L,P,G,L,M,S,H,V,E,Y,E,I,T,I,L,A,Y,Y,R,D,G,T,R,S,D,P,V,S,L,R,Y,I,P,T,S,A,S,R,N,P,P,S,S,L,V,L,S,S,E,T,P,N,S,L,Q,V,S,W,T,P,P,S,G,H,V,L,H,Y,R,L,N,Y,A,P,A,S,G,S,G,P,E,K,S,I,S,V,P,G,T,R,S,H,I,V,L,P,D,L,L,S,A,T,K,Y,R,V,L,V,S,A,V,Y,G,A,G,E,S,M,A,V,S,A,T,C,R,T,A,A,C,P,A,L,N,S,D,S,S,L,S,G,F,D,L,M,V,A,F,G,L,V,A,K,E,Y,A,S,I,R,G,V,A,M,E,P,S,A,L,G,E,A,P,T,F,T,L,F,K,D,A,Q,L,M,R,R,A,D,I,Y,P,A,T,E,H,T,I,V,F,L,V,R,L,L,P,E,T,P,R,E,A,F,A,L,W,Q,M,M,A,E,D,F,Q,P,I,V,G,V,L,L,D,A,G,R,K,S,L,T,Y,F,N,H,D,P,R,A,A,L,Q,E,V,T,F,D,L,Q,D,A,K,K,V,F,F,G,S,F,H,K,V,H,V,A,V,G,H,S,K,V,R,L,Y,V,D,C,R,K,V,A,E,R,P,I,G,D,P,G,S,P,P,T,A,G,F,I,T,L,G,R,L,A,K,A,R,G,P,R,S,S,S,A,T,F,Q,L,Q,M,L,Q,I,V,C,S,D,T,W,A,D,K,D,K,C,C,E,L,P,A,L,R,D,G,E,T,C,P,A,F,P,S,S,C,A,C,S,S,E,T,P,G,P,P,G,P,Q,G,P,P,G,L,P,G,R,N,G,T,P,G,Q,Q,G,H,P,G,P,K,G,E,P,G,P,P,G,Q,T,G,P,E,G,P,G,G,Q,Q,G,S,P,G,T,Q,G,R,T,V,Q,G,P,M,G,P,P,G,V,K,G,E,K,G,D,H,G,L,P,G,L,Q,G,L,S,G,Q,Q,G,I,P,G,K,T,G,L,Q,G,P,G,M,R,G,L,E,G,P,A,G,L,P,G,P,P,G,P,F,Q,G,S,A,G,T,R,G,T,N,G,E,R,G,P,P,G,A,V,G,P,G,L,P,G,S,K,G,E,R,G,E,K,H,V,M,K,L,N,S,F,H,E,N,A,R,P,P,M,P,F,M,V,E,T,A,K,P,G,R,P,S,I,E,S,P,G,S,H,N,E,D,L,L,G,G,H,V,H,H,P,-
Callorhinus_ursinus,-,-,-,-,-,-,-,-,-,-,-,-,-,-,A,S,S,R,L,R,L,A,V,L,P,E,D,Q,L,Q,M,K,W,R,E,S,G,G,G,S,L,G,Y,L,V,Q,V,K,P,R,A,G,D,M,E,Q,E,V,M,L,T,T,R,T,P,K,A,T,V,G,G,L,S,P,S,K,G,Y,T,V,Q,I,F,E,L,T,S,S,G,K,A,L,L,A,Q,R,E,F,V,I,E,D,L,K,S,H,S,V,S,R,S,G,Q,M,P,L,E,A,-,A,M,E,P,M,P,S,H,V,G,S,P,D,P,-,-,-,-,E,P,R,V,A,L,S,P,S,Q,D,P,P,T,P,A,S,P,K,F,R,C,T,P,P,T,P,V,D,M,I,F,L,V,D,G,S,W,S,I,G,H,G,H,F,Q,Q,V,K,D,F,L,A,S,V,I,E,P,F,E,I,G,P,N,K,V,Q,V,G,L,T,Q,Y,S,G,D,P,Q,T,E,W,D,L,S,A,F,R,T,K,E,E,V,V,T,A,V,H,S,L,R,Y,R,G,G,N,T,F,T,G,L,A,L,T,H,V,R,E,Q,N,L,K,P,G,A,G,T,R,P,E,A,A,K,V,V,I,L,V,T,D,G,K,S,Q,D,D,A,R,A,A,G,R,V,L,K,D,L,G,V,A,V,F,A,V,G,V,K,N,A,D,E,A,E,L,Q,L,L,A,S,P,P,L,D,I,T,V,H,N,V,Q,D,F,P,Q,L,G,T,L,A,G,L,L,S,R,L,I,C,Q,K,V,Q,G,G,S,V,P,-,A,A,G,T,P,A,P,E,T,A,C,T,P,S,S,L,V,L,T,Q,V,T,S,S,S,I,Q,L,S,W,T,P,A,P,Q,L,P,L,K,Y,L,I,T,W,Q,P,S,K,G,G,T,P,R,E,V,V,V,E,G,P,T,S,S,A,E,L,H,S,L,T,A,G,T,E,Y,L,V,S,V,F,P,V,G,K,A,G,V,G,Q,G,L,R,G,L,V,T,T,A,P,L,P,A,P,Q,A,L,T,L,A,A,V,T,P,R,T,I,R,L,A,W,Q,P,S,A,G,A,T,Q,Y,L,V,R,C,S,P,A,F,P,P,G,Q,E,E,G,R,E,V,R,V,G,Q,P,E,A,L,L,D,G,L,E,P,G,T,D,Y,D,V,W,V,Q,S,L,Q,G,T,E,A,S,E,A,R,G,I,R,A,R,T,A,T,L,V,P,P,R,H,L,G,F,S,D,V,S,H,D,S,V,R,V,F,W,E,G,I,P,R,P,V,R,L,F,R,V,S,F,V,S,S,E,G,S,H,S,G,Q,V,E,A,P,G,N,A,S,S,A,T,L,G,P,L,S,S,S,T,T,Y,S,V,R,L,T,C,L,Y,P,A,G,G,S,S,T,L,T,G,R,L,T,T,R,K,V,P,S,P,S,Q,L,S,V,T,E,L,P,G,D,E,V,Q,L,G,W,A,A,A,A,A,S,G,V,L,V,Y,Q,I,K,W,T,P,L,G,D,G,K,A,R,E,I,S,V,P,G,N,L,G,V,A,V,L,P,G,L,Q,S,H,L,E,Y,E,I,T,I,L,A,Y,Y,R,D,G,A,R,S,D,P,V,S,L,R,Y,T,P,-,-,-,-,R,S,P,P,S,N,L,A,L,A,S,E,S,P,S,S,L,R,V,S,W,T,P,P,S,G,H,V,L,R,Y,R,L,T,Y,V,L,A,S,G,S,G,P,E,K,S,I,S,V,P,G,P,R,S,H,V,T,L,P,D,L,L,A,A,T,K,Y,R,V,L,V,S,A,V,Y,G,A,G,E,S,M,P,V,S,A,T,G,R,T,-,A,C,P,A,L,S,P,D,G,P,L,P,G,F,D,L,M,A,A,F,G,L,V,E,K,E,Y,S,S,I,R,G,V,A,M,E,R,A,A,F,S,C,A,R,T,F,T,L,F,K,D,A,Q,L,T,R,R,A,G,L,Q,L,A,A,E,H,T,V,V,F,L,L,R,M,L,P,E,T,P,R,E,S,F,A,L,W,Q,M,T,A,E,D,F,Q,P,I,L,G,V,L,L,D,A,G,R,K,S,L,T,Y,F,N,H,D,P,R,A,T,L,Q,E,V,T,F,D,L,P,E,V,R,R,I,F,F,G,S,F,H,K,V,H,V,A,V,G,R,S,K,V,R,L,Y,V,D,C,R,K,V,A,E,R,P,I,G,E,A,G,S,P,P,A,A,G,F,V,M,L,G,R,L,A,K,A,R,G,P,R,S,S,S,A,T,F,Q,L,Q,M,L,Q,I,V,C,S,E,S,W,A,E,E,D,M,C,C,E,L,P,A,A,K,D,G,E,T,C,P,A,F,P,S,A,C,T,C,S,S,Q,S,P,G,P,P,G,P,Q,G,P,P,G,L,P,G,R,N,G,T,P,G,E,Q,G,F,P,G,P,R,-,-,-,-,-,-,-,-,-,-,-,-,-,-,-,-,-,-,-,-,-,-,-,-,-,-,-,-,-,-,-,-,G,P,P,G,V,K,G,E,K,G,D,H,G,L,P,G,L,Q,G,H,P,G,H,Q,G,A,P,G,K,V,G,L,Q,G,P,G,M,R,G,L,E,G,S,T,G,L,P,G,P,P,G,P,F,Q,G,T,A,G,A,R,G,T,G,G,E,R,G,P,P,G,A,V,G,P,G,L,P,G,P,K,G,E,R,G,E,K,H,V,L,K,F,H,S,F,H,E,S,A,R,P,P,R,P,I,W,E,A,P,R,H,P,-,-,-,-,-,-,-,-,G,T,L,S,E,T,R,L,G,G,D,V,G,P,R,P
Canis_lupus_dingo,-,-,-,-,-,-,-,-,-,-,-,-,-,-,A,S,G,R,L,R,L,A,V,L,P,E,D,R,L,Q,M,K,W,R,E,S,D,G,S,S,L,G,Y,L,V,Q,V,K,P,M,A,G,D,A,E,Q,E,V,M,L,T,T,K,T,P,K,A,T,V,G,G,L,S,P,S,K,G,Y,T,V,Q,I,F,E,L,T,G,S,G,N,A,L,L,A,Q,R,E,F,V,I,E,D,L,K,S,H,S,G,S,R,S,D,Q,K,P,L,G,A,-,A,P,E,P,T,P,P,D,V,G,C,P,D,P,-,-,-,-,E,P,L,G,T,S,S,P,S,Q,D,P,P,T,L,A,G,P,Q,F,R,C,T,P,P,S,P,V,D,M,I,F,L,V,D,G,S,W,S,I,G,H,S,H,F,Q,Q,V,K,D,F,L,A,S,V,I,E,P,F,E,I,G,P,S,K,V,Q,V,G,L,T,Q,Y,S,G,D,P,Q,T,E,W,D,L,N,A,L,R,T,K,E,D,V,L,A,A,V,R,R,L,R,Y,K,G,G,N,T,F,T,G,L,A,L,T,H,V,L,E,H,N,L,R,P,A,A,G,P,R,P,E,A,T,K,V,L,I,L,V,T,D,G,K,S,Q,D,D,A,R,A,A,G,R,I,L,K,D,L,G,V,A,I,F,A,V,G,V,K,N,A,D,E,A,E,L,Q,L,L,A,S,Q,P,L,D,I,T,V,H,N,V,Q,D,F,P,Q,L,G,T,L,A,G,L,L,G,R,L,I,C,Q,K,V,Q,G,R,S,A,R,-,A,A,A,T,P,A,L,D,T,L,F,T,P,S,S,L,L,L,T,Q,V,T,S,S,S,A,H,L,S,W,T,P,A,A,Q,L,P,L,K,Y,L,I,V,W,R,P,L,R,G,G,P,P,R,E,V,V,V,D,G,P,T,S,S,A,E,L,H,D,L,A,A,G,T,E,Y,S,V,S,V,I,P,V,G,K,A,G,V,G,E,G,L,R,G,L,V,T,T,A,P,L,P,P,P,Q,A,L,T,V,A,A,V,T,P,R,T,I,R,L,T,W,R,P,S,A,G,A,T,Q,Y,L,V,R,C,L,P,A,S,P,A,G,Q,E,E,G,R,E,V,R,V,G,Q,P,E,V,L,L,D,G,L,E,P,G,R,D,Y,D,V,R,V,Q,S,L,Q,G,T,E,A,S,E,A,R,G,V,R,A,R,T,S,T,L,A,P,P,R,H,L,G,F,S,D,V,S,H,D,S,A,R,V,F,W,D,G,L,P,R,P,V,R,L,F,R,V,S,F,F,S,S,D,G,S,H,S,G,Q,V,E,V,P,G,N,A,T,S,A,S,L,G,P,L,S,S,S,T,T,Y,A,V,R,V,T,C,L,Y,P,G,G,G,S,S,T,L,T,G,H,L,T,T,R,K,V,P,S,P,S,Q,L,V,V,T,R,L,P,G,D,E,A,R,L,Q,W,A,A,A,-,-,S,G,V,L,V,Y,Q,I,K,W,T,P,L,G,D,G,K,A,H,E,V,S,V,P,G,S,R,A,M,A,V,L,P,G,L,R,S,H,L,E,Y,D,I,T,I,L,A,Y,Y,R,D,G,A,R,S,D,P,V,S,L,R,Y,S,P,-,-,P,R,R,S,P,P,S,D,L,T,L,A,S,E,S,P,N,S,L,R,V,S,W,T,P,P,S,G,P,V,L,H,Y,R,L,T,Y,A,L,A,S,G,S,G,P,E,K,S,I,S,V,P,G,P,R,S,H,V,T,L,P,D,L,L,A,A,T,K,Y,R,V,L,V,S,A,V,Y,G,A,G,E,S,P,T,V,S,A,T,G,R,T,A,A,C,P,A,L,S,P,D,S,P,L,P,G,F,D,L,M,R,A,F,G,L,V,E,K,E,Y,A,S,V,R,G,V,A,M,E,P,S,A,F,G,R,A,R,T,F,T,I,L,R,D,A,Q,L,S,R,R,A,A,P,H,L,A,A,E,H,T,V,V,F,L,L,R,V,L,P,E,T,P,R,E,T,F,A,L,W,Q,M,T,A,D,D,F,Q,P,V,L,G,V,L,L,D,A,G,R,R,S,L,T,Y,F,H,H,D,R,T,A,A,L,Q,E,V,T,F,D,L,P,E,V,K,R,I,F,F,G,S,F,H,K,V,H,V,A,V,G,R,S,K,V,G,L,Y,V,D,C,R,K,V,A,E,R,P,I,G,E,A,G,S,P,P,A,A,G,F,M,M,L,G,R,L,A,K,A,R,G,P,R,S,S,S,A,S,F,Q,L,Q,M,L,Q,I,V,C,N,D,S,W,A,D,E,D,V,C,C,E,L,P,A,S,K,D,G,E,T,C,P,A,F,A,S,A,C,T,C,A,S,Q,T,P,A,L,P,G,P,Q,G,P,P,G,L,P,G,R,N,G,A,P,G,E,R,G,F,P,G,P,R,G,E,P,G,P,P,G,Q,M,G,P,E,G,P,G,G,Q,Q,G,S,P,G,T,Q,G,R,T,V,Q,G,P,V,G,P,P,G,V,K,G,E,K,G,D,H,G,L,P,G,L,Q,G,H,P,G,H,Q,G,T,P,G,K,V,G,L,Q,G,P,G,M,R,G,L,E,G,S,A,G,L,P,G,P,P,G,P,F,Q,G,M,A,G,A,R,G,T,A,G,E,R,G,P,P,G,A,V,G,P,G,L,P,G,P,K,G,E,R,G,E,K,H,V,L,K,L,H,S,F,H,E,S,A,R,P,P,R,P,I,L,E,-,-,-,-,-,-,-,-,-,-,-,-,-,-,-,-,-,-,-,-,-,G,G,Q,D,S,P,R,P
Carlito_syrichta,W,L,W,L,W,L,G,A,A,R,G,H,G,Q,V,G,S,R,L,R,L,S,V,L,T,E,D,R,L,Q,M,K,W,T,E,S,E,G,C,I,L,G,Y,L,V,Q,V,T,P,V,A,G,D,S,E,Q,E,V,M,L,T,T,K,T,P,K,A,T,V,G,G,L,S,P,S,K,G,Y,S,V,Q,I,F,E,L,T,G,A,G,R,V,L,L,A,Q,R,E,F,V,I,E,G,L,K,S,N,P,L,A,R,S,S,G,R,P,I,A,A,-,A,L,E,P,T,P,S,L,M,G,S,P,D,P,K,Q,T,S,D,P,Q,V,A,F,T,P,N,Q,D,L,P,I,P,A,G,P,Q,F,R,C,L,P,P,M,A,A,D,M,V,F,L,V,D,G,S,W,S,I,G,H,S,H,F,Q,Q,V,K,D,F,L,V,S,L,I,E,P,F,E,I,G,P,D,K,V,Q,V,G,L,T,Q,Y,S,G,D,P,Q,T,E,W,D,L,N,S,F,S,S,K,E,Q,V,L,A,A,V,R,S,L,R,Y,R,G,G,N,T,F,T,G,L,A,L,A,H,V,L,G,R,N,L,Q,P,S,A,G,L,R,R,E,A,A,K,L,V,V,L,V,T,D,G,K,S,Q,D,D,V,H,P,A,A,R,V,L,Q,D,L,G,V,D,V,F,A,V,G,V,K,N,A,D,E,T,E,L,R,L,L,A,S,P,P,R,D,I,T,V,H,N,V,Q,D,F,P,Q,L,G,T,L,A,G,L,V,S,R,L,L,C,Q,R,L,Q,G,R,S,P,P,R,-,V,A,A,P,A,L,A,T,L,P,A,P,T,S,L,V,L,G,Q,V,T,A,T,S,I,H,L,S,W,T,P,A,H,Q,P,P,L,K,Y,L,I,V,W,Q,A,S,R,G,G,A,P,S,E,V,V,V,E,G,P,A,S,S,A,E,L,H,N,L,T,S,S,T,E,Y,L,V,S,V,F,P,V,Y,E,A,G,V,G,E,G,L,R,G,L,V,T,T,A,P,L,P,P,P,Q,A,L,T,L,A,T,V,T,P,R,T,L,H,L,T,W,Q,P,S,A,E,A,T,H,Y,L,V,R,C,W,P,T,S,P,K,G,E,E,E,G,R,E,V,R,V,A,Q,P,E,V,L,L,D,G,L,E,P,G,R,D,Y,E,V,S,V,C,S,L,R,G,P,E,A,S,E,A,R,G,I,H,A,R,T,P,T,L,V,P,P,R,H,L,S,F,S,D,V,S,H,D,S,V,C,V,S,W,E,G,T,L,R,T,V,H,L,V,R,I,T,Y,V,S,S,E,G,G,H,S,G,Q,L,E,A,P,G,N,A,T,S,A,T,L,S,H,L,S,S,S,T,T,Y,T,V,R,I,T,F,L,Y,P,G,G,S,S,S,T,L,T,G,R,V,T,T,R,K,A,P,S,P,I,Q,L,S,V,T,E,L,P,G,D,A,V,R,L,A,W,V,A,P,A,S,S,G,V,L,V,Y,Q,I,K,W,T,P,L,G,E,G,K,A,H,E,I,S,V,P,G,S,L,G,T,A,V,L,P,G,L,G,R,H,A,E,Y,E,I,T,I,L,A,Y,Y,R,D,G,A,R,S,D,P,V,S,L,R,Y,S,P,A,T,V,I,R,S,P,P,S,S,L,A,L,A,S,E,T,P,N,S,L,R,I,S,W,T,P,P,S,S,H,V,L,H,Y,R,I,T,Y,A,P,A,S,G,S,G,P,E,N,S,V,S,L,P,G,S,R,S,H,A,T,L,S,N,L,Q,A,S,T,K,Y,R,V,L,V,S,A,I,Y,R,A,G,E,S,E,A,V,S,A,T,G,R,T,A,T,C,P,A,L,R,L,N,S,S,L,L,G,F,D,L,M,A,P,F,G,L,V,E,K,A,Y,A,S,I,R,G,V,A,M,E,P,S,V,L,G,G,A,P,T,F,T,L,F,K,D,A,Q,L,T,R,R,A,D,I,H,P,A,A,E,H,T,I,V,F,L,M,R,L,L,P,E,T,P,R,E,A,F,A,L,W,Q,M,M,S,E,D,F,Q,P,V,L,G,V,L,L,D,A,G,R,K,S,L,T,Y,F,T,R,D,P,R,A,A,L,Q,E,A,S,F,D,L,Q,E,V,R,K,I,F,F,G,S,F,H,K,V,H,V,A,V,G,H,T,R,V,R,L,Y,V,D,C,Q,K,V,A,E,R,P,L,G,E,V,G,S,P,P,T,T,G,F,V,T,L,G,R,L,V,K,A,R,G,P,R,S,S,S,A,T,F,Q,L,Q,M,L,Q,I,V,C,S,D,N,W,A,D,E,D,Q,C,C,E,L,P,A,L,R,D,R,E,T,C,L,T,F,P,S,A,C,T,C,S,S,E,T,P,G,P,P,G,P,Q,G,P,P,G,L,P,G,K,D,G,T,P,G,E,Q,G,F,P,G,P,R,-,-,-,-,-,-,-,-,-,-,-,-,-,-,-,-,-,-,-,-,-,-,-,-,-,-,-,-,-,-,-,-,G,P,P,G,V,K,G,E,K,G,D,H,G,L,P,G,L,Q,G,L,P,G,H,Q,G,N,P,G,R,V,G,L,Q,G,P,G,M,R,G,L,E,G,T,A,G,L,P,G,P,P,G,P,F,Q,G,M,A,G,A,R,G,S,S,G,E,R,G,A,P,G,A,V,G,P,G,L,P,G,P,K,G,E,R,G,E,K,H,V,L,R,F,D,S,F,H,E,N,T,R,P,P,M,P,I,L,G,E,K,A,E,S,-,-,-,-,P,G,S,P,G,T,R,R,Q,A,P,L,-,-,-,-,-,-,-,-
Castor_canadensis,C,L,W,M,W,L,S,T,T,L,V,C,G,Q,V,S,G,H,L,R,L,A,V,L,P,E,D,R,L,Q,M,K,W,R,E,S,E,G,S,G,L,G,Y,L,V,Q,V,K,P,M,A,G,D,L,E,Q,E,V,M,L,T,T,K,T,P,K,A,T,V,G,G,L,S,P,S,K,G,Y,I,L,Q,I,F,E,L,T,G,S,G,P,V,L,L,V,Q,R,E,F,V,I,E,D,L,K,S,N,S,L,G,R,S,S,R,R,P,A,G,T,-,I,L,E,A,T,A,S,P,L,G,G,S,D,P,Q,L,T,P,E,P,S,I,A,F,A,S,S,Q,D,P,P,T,L,A,D,P,H,F,R,C,T,P,P,T,P,T,D,M,V,F,L,V,D,G,S,W,S,V,G,H,S,H,F,Q,Q,V,K,D,F,L,A,S,V,I,E,P,F,E,I,G,P,D,K,V,Q,V,G,L,T,Q,Y,S,G,D,P,Q,T,E,W,D,L,N,S,F,H,T,R,E,Q,V,L,A,A,V,H,S,L,R,Y,K,G,G,N,T,F,T,G,L,A,L,T,H,V,L,G,Q,N,L,K,P,V,A,G,L,R,P,E,A,A,K,V,V,V,L,V,T,D,G,K,S,Q,D,D,V,R,M,A,A,G,M,L,K,D,I,G,V,D,V,F,T,V,G,V,K,N,A,D,E,A,E,L,K,L,L,A,S,R,P,L,D,I,T,V,H,N,V,L,D,F,P,Q,L,A,T,L,A,G,L,L,S,R,L,I,C,Q,K,V,Q,G,R,N,L,S,K,A,A,A,A,S,A,V,H,P,H,S,T,P,L,N,L,V,L,T,Q,V,T,S,S,S,V,H,L,S,W,T,P,A,P,Q,P,P,L,K,Y,L,I,V,W,R,S,S,R,G,G,A,P,R,E,V,L,V,E,G,P,A,S,S,M,E,L,Q,N,L,T,S,S,T,E,Y,L,I,S,V,L,P,V,Y,E,G,G,V,G,E,G,L,Q,G,L,A,I,T,A,P,L,A,P,P,Q,A,L,T,L,A,S,V,T,P,R,T,L,H,L,T,W,Q,P,S,A,E,A,T,Q,Y,L,V,R,C,S,P,A,S,P,T,D,E,K,Q,G,R,E,V,R,V,G,R,P,E,V,L,L,D,G,L,E,P,G,R,N,Y,E,V,S,V,Q,S,L,R,G,P,E,A,S,E,A,Q,S,V,Q,A,R,T,S,A,L,A,P,P,K,Y,L,H,F,L,D,V,S,H,D,S,A,R,V,S,W,E,G,T,Q,R,P,V,R,L,V,R,V,S,Y,V,S,S,D,G,G,H,S,G,Q,M,Q,V,P,G,N,A,T,S,V,V,L,G,P,L,S,S,S,T,T,Y,T,V,R,V,T,C,L,Y,L,G,G,G,S,S,T,L,T,G,H,M,T,T,R,K,A,P,S,P,S,Q,L,S,V,T,E,L,P,G,D,A,I,R,L,T,W,V,A,T,G,S,S,G,V,L,V,Y,Q,I,K,W,T,P,L,E,E,G,K,A,H,E,I,S,V,P,G,T,L,S,T,A,V,L,P,G,L,G,R,D,T,E,Y,E,L,T,I,L,A,Y,Y,R,D,G,A,R,S,D,P,V,S,L,R,Y,T,P,T,T,A,S,R,S,P,P,S,N,L,A,L,S,S,E,T,P,N,S,L,R,V,S,W,T,P,P,S,G,H,V,L,H,Y,R,L,T,Y,A,P,A,S,G,S,G,S,E,K,W,I,S,V,P,G,P,R,N,H,T,T,L,P,D,L,L,A,A,T,K,Y,R,V,L,V,S,A,V,Y,G,A,G,E,S,M,A,V,S,V,T,G,R,T,A,A,C,P,A,L,R,P,D,S,T,L,P,G,F,D,L,M,V,A,F,G,L,V,A,K,E,Y,A,S,I,R,G,V,A,M,E,A,S,A,L,G,A,T,P,T,F,T,L,F,K,D,A,Q,L,M,R,R,A,D,I,H,P,A,A,Q,H,T,I,V,F,L,V,R,L,L,P,E,T,P,R,E,A,F,A,L,W,Q,M,T,S,E,D,F,Q,P,I,L,G,V,L,L,D,A,G,R,K,S,L,T,Y,F,N,H,D,P,R,A,A,L,Q,E,A,T,F,D,L,Q,E,A,K,K,I,F,F,G,S,F,H,K,V,H,V,A,V,G,H,S,K,V,K,L,Y,V,D,C,R,K,V,A,E,R,P,I,G,E,S,G,S,P,P,A,A,G,F,V,M,L,G,K,L,A,K,A,R,G,P,R,S,S,S,A,T,F,Q,L,Q,M,L,Q,I,V,C,S,D,T,W,A,D,E,D,K,C,C,E,L,P,A,S,R,D,K,E,M,C,P,A,F,P,S,I,S,A,C,S,S,K,T,H,G,P,P,G,P,Q,G,P,P,G,L,P,G,K,N,G,T,P,G,E,R,G,L,P,G,P,R,G,E,P,G,P,P,G,Q,T,G,P,E,G,P,G,G,Q,Q,G,S,P,G,A,Q,G,R,T,V,Q,G,P,M,G,P,P,G,I,K,G,E,K,G,D,H,G,L,P,G,L,Q,G,H,P,G,Q,Q,G,T,P,G,R,V,G,L,Q,G,P,G,M,R,G,L,E,G,P,A,G,L,P,G,P,P,G,P,F,Q,G,L,A,G,A,R,G,T,N,G,E,R,G,R,P,G,A,V,G,P,G,L,P,G,P,K,G,E,R,G,E,K,H,V,M,K,L,N,S,F,H,E,N,T,K,P,P,M,P,I,L,V,E,T,A,E,P,G,E,P,P,L,G,F,P,C,R,H,S,E,A,L,L,G,A,H,G,G,P,H,L
Cavia_porcellus,C,L,W,L,W,L,G,A,V,L,A,H,G,Q,G,G,G,R,L,R,L,A,V,L,P,E,D,R,L,Q,M,K,W,R,E,P,R,G,G,G,L,G,Y,L,V,Q,V,T,P,T,A,G,D,S,E,Q,E,V,M,L,T,T,K,T,T,K,A,T,V,G,G,L,N,P,S,K,G,Y,T,L,Q,I,F,E,L,T,S,S,E,P,I,L,L,A,R,R,D,F,M,I,E,D,L,K,S,-,-,-,-,R,S,G,Q,R,P,L,G,A,-,A,L,K,P,T,L,Y,H,M,G,A,P,N,P,R,Q,T,P,E,P,R,G,T,F,V,P,S,Q,E,P,P,I,L,V,G,T,Q,F,R,C,T,P,P,V,P,A,D,M,V,F,L,V,D,G,S,W,S,I,G,H,S,H,F,Q,L,V,K,D,F,L,A,S,V,I,S,P,F,E,I,G,P,G,Q,V,Q,V,G,L,T,Q,Y,S,G,D,P,Q,T,E,W,D,L,N,S,F,H,T,R,A,E,V,L,A,A,V,R,S,L,Q,Y,K,G,G,N,T,F,T,G,L,A,L,H,H,V,M,G,Q,N,L,K,P,A,S,G,L,R,L,K,A,A,H,L,L,I,L,V,T,D,G,K,S,Q,D,D,V,L,T,A,A,R,V,L,K,G,L,D,I,E,V,F,T,V,G,V,K,N,A,D,E,A,E,L,K,L,L,A,S,Q,P,Q,D,I,T,V,H,N,V,L,D,F,P,Q,L,A,T,L,A,G,L,L,S,R,L,I,C,Q,K,I,Q,G,W,S,L,S,R,-,-,A,A,P,A,L,D,A,L,P,M,C,T,S,L,V,L,G,Q,V,T,P,S,S,I,R,V,S,W,T,P,A,P,Q,P,P,L,E,Y,L,I,V,W,W,P,S,R,G,G,A,R,Q,E,V,V,V,E,G,S,A,A,S,V,E,L,Q,N,L,T,A,S,T,E,Y,L,V,S,V,L,P,V,Y,E,G,G,V,G,K,G,L,R,G,L,A,T,T,A,P,L,L,P,P,R,T,L,T,L,A,A,A,T,P,R,T,L,H,L,T,W,S,P,S,A,G,A,T,Q,Y,L,V,R,C,L,P,A,S,P,K,V,Q,E,E,G,R,E,V,R,V,G,R,P,E,V,L,L,D,S,L,E,P,D,R,D,Y,K,V,L,V,Q,S,L,R,G,P,E,A,S,E,A,R,G,I,H,A,R,T,S,A,L,A,P,P,G,P,L,G,F,S,D,V,S,H,D,S,A,L,V,T,W,G,D,T,P,R,P,A,H,L,F,R,V,S,Y,V,S,S,D,G,G,H,S,G,Q,K,E,V,P,G,N,A,T,S,A,T,L,G,P,L,S,S,S,T,T,Y,T,V,Q,V,T,S,L,Y,S,G,G,V,S,S,T,L,T,G,H,V,I,T,G,K,A,P,S,P,S,Q,L,S,V,T,E,L,P,G,D,S,V,R,L,T,W,A,A,S,A,P,S,G,V,L,V,Y,Q,I,K,W,T,P,L,G,E,G,K,A,H,E,V,S,V,P,G,V,L,S,T,A,V,L,S,G,L,G,Q,H,S,E,Y,E,I,T,I,L,A,Y,Y,R,D,G,T,R,S,D,P,V,T,L,H,Y,T,P,A,S,V,S,R,S,P,P,S,G,L,A,L,S,S,E,T,P,N,S,L,H,V,S,W,T,P,P,G,G,P,V,L,H,Y,R,L,T,Y,A,P,A,S,G,S,G,P,E,K,S,I,S,V,P,G,P,R,S,H,A,T,L,P,D,L,L,A,A,T,K,Y,R,V,L,V,S,A,V,Y,G,T,G,L,S,E,A,V,S,A,T,G,R,T,A,A,C,P,A,L,P,Q,N,S,S,L,P,G,F,D,L,M,V,A,F,G,L,V,W,K,E,Y,A,S,I,R,G,V,A,M,E,P,S,T,W,G,P,T,P,T,F,T,L,F,K,D,A,Q,L,T,R,R,A,D,V,H,P,A,A,E,H,T,I,V,F,L,L,R,L,I,P,E,T,P,R,E,A,F,A,L,W,Q,I,T,A,E,D,F,Q,P,V,L,G,V,L,L,D,A,G,R,K,S,L,T,Y,F,H,H,N,P,R,A,A,L,Q,E,V,T,F,D,L,Q,E,M,K,K,I,F,F,G,S,F,H,K,V,H,V,A,V,G,R,S,K,V,R,L,Y,V,D,C,R,K,V,A,E,R,P,I,G,E,A,G,S,S,P,V,S,G,F,V,T,L,G,R,L,A,K,A,Q,G,P,R,S,S,S,A,A,F,Q,L,Q,V,L,Q,I,M,C,G,D,T,W,A,D,E,D,R,C,C,E,L,P,A,S,R,D,K,E,T,C,S,V,F,S,S,A,C,P,C,S,S,D,T,R,G,P,P,G,P,Q,G,P,P,G,L,P,G,S,S,G,V,P,G,R,Q,G,L,P,G,P,K,G,E,P,G,P,P,G,Q,T,G,P,E,G,P,G,G,Q,Q,G,S,P,G,T,Q,G,R,T,I,Q,G,P,V,G,P,P,G,V,K,G,E,K,G,D,H,G,L,P,G,L,Q,G,H,P,G,Q,R,G,A,P,G,R,V,G,L,Q,G,P,G,M,R,G,L,E,G,P,A,G,L,P,G,P,P,G,P,F,Q,G,L,A,G,A,R,G,T,N,G,E,R,G,P,P,G,A,V,G,P,G,L,P,G,P,K,G,E,R,G,E,K,H,M,L,K,L,D,S,F,H,E,K,A,R,P,P,M,P,I,M,A,E,M,A,E,P,G,R,P,P,L,G,I,P,R,L,Q,S,K,A,S,L,Q,G,S,G,Y,H,R,L
Cervus_elaphus_hippelaphus,-,-,-,-,-,-,-,-,-,-,-,-,-,-,-,-,-,-,-,-,-,-,-,-,-,-,-,-,-,-,-,-,-,-,-,-,-,-,-,-,-,-,-,-,-,-,-,-,-,-,-,-,-,-,-,-,-,-,-,-,-,-,-,-,-,-,-,-,-,-,-,-,-,-,-,-,-,-,-,-,-,-,-,-,-,-,-,-,-,-,-,-,-,-,-,-,-,-,-,-,-,-,-,-,-,-,-,-,-,-,-,-,-,-,-,-,-,-,-,-,-,-,-,-,-,-,-,-,-,-,-,-,-,-,-,-,-,-,-,-,-,-,-,-,-,-,-,-,-,-,-,-,-,-,-,-,-,-,-,-,-,-,-,-,-,-,-,-,-,-,-,-,-,-,-,-,-,-,-,-,-,-,-,-,-,-,-,-,-,-,-,-,-,-,-,-,-,-,-,-,-,-,-,-,-,-,-,-,-,-,-,-,-,-,-,-,-,-,-,-,-,-,-,-,-,-,-,-,-,-,-,-,-,-,-,-,-,-,-,-,-,-,-,-,-,-,-,-,-,-,-,-,-,-,-,-,-,-,-,-,-,-,-,-,-,-,-,-,-,-,-,-,-,-,-,-,-,-,-,-,-,-,-,-,-,-,-,-,-,-,-,-,-,-,-,-,-,-,-,-,-,-,-,-,-,-,-,-,-,-,-,-,-,-,-,-,-,-,-,-,-,-,-,-,-,-,-,-,-,-,-,-,-,-,-,-,-,-,-,-,-,-,-,-,-,-,-,-,-,-,-,-,-,-,-,-,-,-,-,-,-,-,-,-,-,-,-,-,-,-,-,-,-,-,-,-,-,-,-,-,-,-,-,-,-,-,-,-,-,-,-,-,-,-,-,-,-,-,-,-,-,-,-,-,-,-,-,-,-,-,-,-,-,-,-,-,-,-,-,-,-,-,-,-,-,-,-,-,-,-,-,-,-,-,-,-,-,-,-,-,-,-,-,-,-,-,-,-,-,-,-,-,-,-,-,-,-,-,-,-,-,-,-,-,-,-,-,-,-,-,-,-,-,-,-,-,-,-,-,-,-,-,-,-,-,-,-,-,-,-,-,-,-,-,-,-,-,-,-,-,-,-,-,-,-,-,-,-,-,-,-,-,-,-,-,-,-,-,-,-,-,-,-,-,-,-,-,-,-,-,-,-,-,-,-,-,-,-,-,-,-,-,-,-,-,-,-,-,-,-,-,-,-,-,-,-,-,-,-,-,-,-,-,-,-,-,-,-,-,-,-,-,-,-,-,-,-,-,-,-,-,-,-,-,-,-,-,-,-,-,-,-,-,-,-,-,-,-,-,-,-,-,-,-,-,-,-,-,-,-,-,-,-,-,-,-,-,-,-,-,-,-,-,-,-,-,-,-,-,-,-,-,-,-,-,-,-,-,-,-,-,-,-,-,-,-,-,-,-,-,-,-,-,-,-,-,-,-,-,-,-,-,-,-,-,-,-,-,-,-,-,-,-,-,-,-,-,-,-,-,-,-,-,-,-,-,-,-,-,-,-,-,-,-,-,-,-,-,-,-,-,-,-,-,-,-,-,-,-,-,-,-,-,-,-,-,-,-,-,-,-,-,-,-,-,-,-,-,-,-,-,-,-,-,-,-,-,-,-,-,-,-,-,-,-,-,-,-,-,-,-,-,-,-,-,-,-,-,-,-,-,-,-,-,-,-,-,-,-,-,-,-,-,-,-,-,-,-,-,-,-,-,-,-,-,-,-,-,-,-,-,-,-,-,-,-,-,-,-,-,-,-,-,-,-,-,-,-,-,-,-,-,-,-,-,-,-,-,-,-,-,-,-,-,-,-,-,-,-,-,-,-,-,-,-,-,-,-,-,-,-,-,-,-,-,-,-,-,-,-,-,-,-,-,-,-,-,-,-,-,-,-,-,-,-,-,-,-,-,-,-,-,-,-,-,-,-,-,-,-,-,-,-,-,-,-,-,-,-,-,-,-,-,-,-,-,-,-,-,-,-,-,-,-,-,-,-,-,-,-,-,-,-,-,-,-,-,-,-,-,-,-,-,-,-,-,-,-,-,-,-,-,-,-,-,-,-,-,-,-,-,-,-,-,-,-,-,-,-,-,-,-,-,-,-,-,-,-,-,-,-,-,-,-,-,-,-,-,-,-,-,-,-,-,-,-,-,-,-,-,-,-,-,-,-,-,-,-,-,-,-,-,-,-,-,-,-,-,-,-,-,-,-,-,-,-,-,-,-,-,-,-,-,-,-,-,-,-,-,-,-,-,-,-,-,-,-,-,-,-,-,-,-,-,-,-,-,-,-,-,-,-,-,-,-,-,-,-,-,-,-,-,-,-,-,-,-,-,-,-,-,-,-,-,-,-,-,-,-,-,-,-,-,-,-,-,-,-,-,-,-,-,-,-,-,-,-,-,-,-,-,-,-,-,-,-,-,-,-,-,-,-,-,-,-,-,-,-,-,-,-,-,-,-,-,-,-,-,-,-,-,-,-,-,-,-,-,-,-,-,-,-,-,-,-,-,-,-,-,-,-,-,-,-,-,-,-,-,-,-,-,-,-,-,-,-,-,-,-,-,-,-,-,-,-,-,-,-,-,-,-,-,-,-,-,-,-,-,-,-,-,-,-,-,-,-,-,-,-,-,-,-,-,-,-,-,-,-,-,-,-,-,-,-,-,-,-,-,-,-,-,-,-,-,-,-,-,-,-,-,-,-,-,-,-,-,-,-,-,-,-,-,-,-,-,-,-,-,-,-,-,-,-,-,-,-,-,-
Chinchilla_lanigera,C,L,W,L,W,L,G,A,I,L,A,H,G,Q,-,G,G,R,L,R,L,A,V,L,P,E,D,R,L,Q,M,K,W,R,E,S,R,G,A,G,L,G,Y,L,V,Q,V,K,P,M,A,G,D,S,E,Q,E,V,M,L,T,T,K,T,P,K,A,T,V,G,G,L,S,P,A,K,G,Y,T,L,Q,I,F,E,L,T,G,S,E,P,I,L,L,A,R,R,E,F,V,I,E,D,L,K,S,N,P,L,G,R,S,G,Q,R,P,A,G,A,-,A,P,K,P,T,A,S,L,M,G,G,P,D,P,E,Q,T,P,E,P,R,A,A,L,V,P,S,-,-,-,-,-,-,A,G,T,Q,F,H,C,T,P,P,V,P,T,D,M,V,F,L,V,D,G,S,W,S,I,G,H,S,H,F,Q,L,V,K,D,F,L,A,S,V,I,S,P,F,E,I,G,P,D,R,V,Q,V,G,L,T,Q,Y,S,G,D,P,Q,T,E,W,D,L,N,S,F,R,T,R,E,E,V,L,A,A,V,R,S,L,R,Y,K,G,G,N,T,F,T,G,L,A,L,S,H,V,L,G,Q,N,L,K,P,A,A,G,L,R,P,E,A,A,H,L,V,I,L,V,T,D,G,K,S,Q,D,D,V,H,A,V,A,R,T,L,K,D,L,D,V,E,V,F,T,V,G,V,K,N,A,D,E,A,E,L,K,L,L,A,S,Q,P,Q,D,I,T,I,H,N,V,L,D,F,P,Q,L,A,T,L,S,G,L,L,S,R,L,I,C,Q,K,V,Q,G,R,S,L,S,R,A,P,A,A,P,A,M,D,A,L,P,A,P,S,S,L,V,L,G,Q,V,T,S,S,S,I,R,L,S,W,T,P,A,P,Q,P,P,L,K,Y,L,I,V,W,R,P,S,R,G,G,A,H,R,E,V,V,V,E,G,P,A,A,S,A,E,L,Q,N,L,T,S,S,T,E,Y,L,V,S,V,L,P,V,Y,E,G,G,V,G,E,G,L,R,G,L,V,T,T,A,P,L,S,P,P,R,A,L,T,L,A,A,V,T,P,R,T,L,R,L,T,W,Q,P,S,A,G,A,T,Q,Y,L,V,R,C,L,P,A,S,P,K,G,E,E,E,G,R,E,V,R,V,G,R,P,E,V,L,L,D,S,L,E,P,G,R,D,Y,K,V,S,V,Q,S,L,R,G,P,E,A,S,E,V,R,G,V,H,A,R,T,P,A,L,A,P,P,R,H,L,S,F,L,D,V,S,H,D,S,A,R,V,T,W,E,G,T,Q,R,P,A,Q,L,I,R,V,S,Y,V,S,S,D,G,G,H,S,G,Q,K,E,A,P,G,N,A,T,S,A,T,L,G,P,L,S,S,S,T,T,Y,T,V,R,V,T,T,L,H,L,G,G,G,S,S,T,L,T,G,R,V,T,T,R,K,A,P,S,P,S,Q,L,S,V,T,E,L,P,G,D,S,V,R,L,T,W,A,A,A,A,P,S,G,V,L,V,Y,Q,I,K,W,T,P,L,G,E,G,K,A,H,E,I,S,V,P,G,T,L,R,T,A,V,L,S,G,L,G,R,H,A,E,Y,E,I,T,I,L,A,Y,Y,R,D,G,A,R,S,D,P,V,S,L,H,Y,T,P,P,A,V,S,R,S,P,P,S,G,L,A,L,T,S,E,T,P,N,S,L,Q,V,S,W,T,P,P,S,G,H,V,L,H,Y,R,L,T,Y,A,P,A,S,G,S,G,P,E,K,S,I,S,V,P,G,P,K,S,H,A,T,L,S,D,L,L,A,A,T,K,Y,R,V,L,V,S,A,F,Y,R,A,G,E,S,E,A,V,S,A,T,G,R,T,A,A,C,P,G,L,H,G,N,S,S,L,P,G,F,D,L,M,A,A,F,G,L,V,Q,K,E,Y,A,S,I,R,G,V,A,M,E,P,S,A,W,G,L,A,P,T,F,T,L,F,K,D,A,Q,L,T,R,R,A,D,L,Y,P,A,A,E,H,T,I,V,F,L,L,R,L,L,P,E,T,P,R,E,A,F,A,L,W,Q,L,T,A,E,D,F,K,P,V,L,G,V,L,L,D,A,S,R,K,S,L,T,Y,F,H,H,D,P,R,A,A,L,Q,E,V,T,F,D,L,Q,E,V,K,K,I,F,F,G,S,F,H,K,V,H,V,A,V,G,R,S,K,V,R,L,Y,V,D,C,R,K,V,A,E,R,P,M,G,E,A,S,S,S,P,I,S,G,F,V,T,L,G,R,L,A,K,A,R,G,P,R,S,S,S,A,A,F,Q,L,Q,M,L,Q,I,M,C,S,D,T,W,A,D,E,D,R,C,C,E,L,P,A,S,R,D,K,E,T,C,P,A,F,S,S,A,C,P,C,S,P,D,T,P,G,P,P,G,P,Q,G,P,P,G,L,P,G,S,N,G,A,P,G,Q,Q,G,L,P,G,P,K,G,E,P,G,P,P,G,Q,T,G,P,K,G,P,G,G,Q,Q,G,S,P,G,T,Q,G,R,A,I,Q,G,P,V,G,P,P,G,V,K,G,E,K,G,D,H,G,L,P,G,L,Q,G,H,P,G,Q,Q,G,A,P,G,R,V,G,L,Q,G,P,G,M,R,G,L,E,G,P,A,G,L,P,G,P,P,G,P,F,Q,G,L,A,G,A,R,G,T,S,G,E,R,G,P,P,G,A,V,G,P,G,L,P,G,P,K,G,E,R,G,E,K,H,M,L,K,L,D,S,I,H,G,N,T,R,P,P,M,P,I,L,V,E,T,-,E,P,G,R,P,S,L,G,T,P,S,R,Q,I,K,A,S,L,Q,G,Q,R,Q,H,Q,P
Choloepus_didactylus,-,-,-,-,-,-,-,-,-,-,-,-,-,-,-,-,-,-,-,-,L,A,M,L,P,E,D,R,L,Q,M,K,W,R,E,S,E,G,S,R,L,G,Y,L,V,Q,V,K,P,M,A,G,D,S,E,Q,E,V,M,L,T,T,R,T,P,K,A,T,V,G,G,L,S,P,S,K,E,Y,T,L,Q,I,F,K,L,T,G,S,G,R,V,L,L,A,Q,R,S,F,V,I,E,D,L,K,S,N,A,V,S,R,S,S,R,K,P,V,G,A,-,A,L,E,P,T,P,S,L,V,G,N,P,A,P,E,L,T,S,E,P,W,T,T,L,A,P,S,Q,G,A,P,M,L,A,A,S,Q,F,Q,C,T,T,P,S,P,T,D,M,V,L,L,V,D,G,S,W,S,I,G,H,S,S,F,Q,L,I,K,D,F,L,T,R,V,I,S,A,F,E,I,G,P,D,S,V,Q,V,G,L,T,Q,Y,S,K,T,P,R,T,E,W,D,L,N,S,F,S,T,K,E,K,V,L,E,A,L,R,S,L,C,Y,R,V,G,N,T,L,T,G,R,A,L,T,H,V,L,V,Q,N,L,E,P,A,A,G,P,R,L,E,A,A,K,V,V,L,L,V,T,D,G,K,S,Q,D,S,A,Q,A,A,A,H,I,L,R,E,Q,G,V,E,I,F,A,V,G,V,K,N,A,D,E,A,E,L,R,L,L,A,S,Q,P,L,D,I,I,V,H,S,V,P,D,F,P,W,L,S,P,L,A,G,L,L,S,R,L,I,C,Q,K,V,Q,S,R,S,A,R,R,-,A,T,A,P,A,L,D,P,R,P,A,P,T,G,L,V,L,T,Q,V,T,S,S,S,V,H,L,S,W,T,P,A,P,Q,Q,P,L,K,Y,Q,I,M,W,Q,P,S,R,G,G,A,P,R,E,V,E,V,E,G,A,T,P,S,M,E,L,C,N,P,T,S,N,S,W,Y,L,V,S,V,L,P,V,Y,E,G,G,V,G,E,E,L,Q,G,L,A,V,T,G,P,L,L,P,P,L,V,L,T,L,G,A,A,T,P,H,T,L,H,L,T,W,R,P,L,A,G,A,T,H,Y,L,V,R,C,-,-,-,S,P,K,D,E,G,E,G,Q,E,V,R,V,G,L,P,E,A,L,L,T,G,L,Q,P,G,R,D,Y,D,I,S,V,Q,G,L,R,G,A,E,A,S,E,A,R,G,I,H,A,R,T,P,S,V,-,P,P,G,H,L,G,F,S,D,V,S,H,D,S,A,R,V,L,W,E,G,V,L,R,P,V,L,L,F,R,V,I,Y,V,S,S,E,G,S,H,A,G,Q,V,E,A,P,G,N,A,T,S,A,T,L,G,P,L,S,S,A,T,T,S,S,V,R,V,T,C,I,-,P,R,G,G,S,S,T,L,T,G,R,V,T,T,-,-,V,P,G,P,S,R,L,S,V,T,E,L,P,G,D,Q,V,R,L,A,W,V,S,A,A,A,P,G,V,L,V,C,Q,I,K,W,A,P,L,G,D,G,E,A,R,E,I,A,I,P,G,T,L,R,V,A,V,L,L,G,L,G,R,Q,V,E,Y,E,I,T,A,G,A,C,Y,R,D,G,A,H,N,D,P,G,S,L,R,Y,K,P,-,-,-,-,-,-,-,-,-,-,-,-,-,-,-,-,-,-,-,-,-,-,-,-,-,-,-,-,-,-,-,-,-,-,-,-,-,-,-,-,-,-,-,-,-,-,-,-,-,-,-,-,-,-,-,-,-,-,-,-,-,-,-,-,-,-,-,-,-,-,-,-,-,-,-,-,-,-,-,-,-,-,-,-,-,-,-,-,-,-,-,-,-,A,A,C,P,A,L,H,P,N,S,S,L,P,G,F,-,-,-,-,-,-,G,L,V,G,T,E,Y,-,S,L,R,G,A,A,M,E,P,P,A,L,G,W,P,R,T,F,T,L,F,K,E,A,Q,L,T,R,R,V,D,V,G,L,A,A,E,H,T,V,A,F,L,L,R,L,L,P,E,S,P,R,E,A,F,A,L,W,Q,V,T,A,E,D,L,Q,P,A,P,G,V,L,L,D,A,G,R,R,S,L,T,Y,F,Y,R,D,P,G,A,A,L,R,E,V,T,F,Y,L,P,E,V,E,K,I,F,F,G,S,V,H,K,V,H,V,A,V,S,H,A,R,V,R,L,Y,V,D,C,Q,K,V,A,E,K,P,T,G,E,A,G,S,P,P,T,T,G,F,V,M,L,G,R,L,A,K,A,R,G,P,R,S,S,S,A,-,F,Q,L,Q,T,L,Q,I,V,C,S,G,S,-,A,E,E,D,R,C,C,E,L,P,A,L,S,D,S,E,S,C,P,A,V,P,S,A,C,S,C,S,P,D,T,P,G,P,P,G,P,Q,G,P,P,G,L,P,G,R,T,G,A,P,R,A,R,G,V,P,G,P,R,G,E,P,G,P,P,R,Q,M,G,P,E,G,P,G,G,Q,Q,G,S,P,G,T,Q,G,R,T,I,R,G,P,V,G,P,P,G,L,K,G,E,K,G,D,H,G,P,P,G,L,Q,G,Q,P,G,E,Q,G,T,P,G,R,V,G,L,Q,G,P,G,L,R,G,L,E,G,T,A,G,L,P,G,P,R,G,P,F,Q,G,M,A,R,N,K,G,T,S,G,E,R,G,P,P,G,A,V,G,P,G,L,P,G,P,R,G,E,R,G,E,K,H,V,L,R,F,E,S,F,R,E,N,A,R,P,P,M,P,I,L,E,G,K,G,R,P,G,R,-,-,-,-,-,-,-,-,-,-,-,-,-,-,-,-,-,-,-,-,-,-
Cricetulus_griseus,C,L,W,M,-,L,S,A,T,L,A,L,G,Q,V,S,G,R,L,R,L,A,V,L,P,E,D,Q,L,Q,M,K,W,R,E,A,E,G,S,S,L,G,Y,L,V,Q,V,T,P,M,A,G,D,L,E,Q,E,L,I,L,T,T,K,T,P,K,A,T,V,G,G,L,S,P,S,K,G,Y,T,L,Q,I,F,E,L,T,D,S,G,P,V,L,L,A,R,R,E,F,V,I,E,D,L,K,S,H,S,L,S,R,G,S,R,R,L,V,G,P,-,T,L,D,P,T,S,F,L,L,G,A,S,D,P,E,K,T,L,E,P,S,I,A,F,T,S,S,K,D,R,P,I,L,G,D,P,Q,F,H,C,T,P,P,T,P,T,D,I,I,F,L,V,D,G,S,W,S,I,G,H,R,H,F,Q,K,V,K,D,F,L,A,S,I,I,T,P,F,E,I,G,P,D,K,V,Q,V,G,L,T,Q,Y,S,G,D,P,R,T,E,W,D,L,N,S,F,H,T,K,E,Q,V,L,A,A,V,H,S,L,H,Y,R,G,G,N,T,F,T,G,L,A,L,T,H,V,L,G,Q,N,L,K,P,A,A,G,A,R,P,E,A,A,K,V,L,I,L,V,T,D,G,K,S,Q,D,D,V,R,T,A,A,R,I,L,K,D,Q,D,I,D,V,F,V,V,G,V,K,N,A,D,E,A,E,L,K,L,L,A,S,Q,P,L,D,I,T,V,H,S,V,L,D,F,P,Q,L,A,T,L,A,A,L,L,S,R,L,I,C,Q,K,I,Q,G,-,-,-,-,-,-,-,-,-,-,A,L,D,P,L,P,M,P,T,R,L,D,L,T,H,I,T,S,S,S,V,H,L,S,W,T,P,A,L,Y,P,P,L,K,Y,L,I,V,W,Q,P,S,R,G,G,A,P,K,E,V,V,V,E,G,P,V,S,S,M,E,L,R,N,L,T,S,N,T,E,Y,L,V,S,V,L,P,V,Y,E,N,G,F,G,K,S,L,Q,G,L,A,T,T,A,P,L,P,P,P,G,A,L,T,L,A,S,V,T,P,R,T,L,R,L,T,W,Q,P,S,A,G,A,T,Q,Y,L,V,R,Y,L,L,A,A,S,P,G,E,E,Q,R,R,E,V,H,V,G,Q,P,E,A,L,L,D,G,L,E,P,G,R,D,Y,E,V,S,V,Q,S,L,R,G,P,E,V,S,E,V,R,S,I,N,A,R,T,T,A,L,G,P,P,R,H,L,S,F,S,D,V,S,Y,N,S,A,C,V,S,W,E,A,-,Q,R,P,V,R,L,V,K,V,S,Y,V,S,S,D,G,S,H,S,G,Q,A,Q,V,P,G,N,T,T,S,A,T,L,G,P,L,S,S,S,T,K,Y,T,V,R,V,T,C,F,Y,F,G,G,G,S,S,M,L,T,G,H,V,T,T,K,K,A,P,S,P,S,Q,L,S,V,T,E,L,P,G,D,A,V,K,L,S,W,V,A,A,A,L,S,G,V,L,V,Y,Q,I,K,W,M,P,L,G,E,G,K,A,H,E,I,S,V,P,G,T,L,D,T,A,V,L,P,G,L,M,S,H,V,E,Y,E,I,T,I,L,A,Y,Y,R,D,G,T,R,S,D,P,V,S,L,R,Y,I,P,S,S,A,S,R,S,P,P,S,N,L,V,L,S,S,E,T,P,N,S,L,Q,V,S,W,T,P,P,S,G,H,V,L,H,Y,R,V,N,Y,A,L,A,S,G,S,G,P,E,K,W,I,S,V,P,G,T,R,S,H,V,V,L,P,D,L,L,S,A,T,K,Y,R,V,L,V,S,A,V,Y,G,A,G,E,S,V,A,V,T,A,T,Y,R,T,A,A,C,P,A,L,H,P,D,S,S,L,S,G,F,D,L,M,V,A,F,G,L,V,A,K,E,Y,A,S,I,R,G,V,A,M,E,P,S,A,L,G,A,A,P,T,F,T,L,F,K,D,A,Q,L,M,R,R,A,D,I,Y,P,A,A,E,H,T,I,V,F,L,V,R,L,L,P,E,T,P,R,E,A,F,A,L,W,Q,M,M,A,E,D,F,Q,P,I,V,G,V,L,L,D,A,G,R,K,S,L,T,Y,F,N,H,D,P,R,A,A,L,Q,E,V,T,F,D,L,Q,D,A,K,K,I,F,F,G,S,F,H,K,V,H,V,A,V,G,H,S,K,V,R,L,Y,V,D,C,R,K,V,A,E,R,P,I,G,D,A,G,S,P,P,T,A,G,F,I,T,L,G,R,L,A,K,V,R,G,P,R,S,S,S,A,T,F,Q,L,Q,M,L,Q,I,V,C,S,D,S,W,A,D,K,D,R,C,C,E,L,P,A,L,R,D,G,E,T,C,P,A,F,P,S,T,C,V,C,S,S,E,T,P,G,P,P,G,P,Q,G,P,P,G,L,P,G,R,N,G,T,P,G,Q,Q,G,H,P,G,P,K,G,E,P,G,P,P,G,Q,T,G,P,E,G,P,G,G,Q,Q,G,S,P,G,T,Q,G,R,T,V,Q,G,P,M,G,P,P,G,V,K,G,E,K,G,D,H,G,L,P,G,L,Q,G,L,S,G,Q,Q,G,I,P,G,K,T,G,L,Q,G,P,G,M,R,G,L,E,G,P,A,G,L,P,G,P,P,G,P,F,Q,G,L,A,G,A,R,G,S,N,G,E,R,G,P,P,G,A,V,G,P,G,L,P,G,S,K,G,E,R,G,E,K,H,V,L,R,L,N,S,F,H,E,N,A,R,P,P,M,P,F,M,V,E,T,A,K,P,S,R,P,S,I,E,P,P,G,S,H,N,E,A,L,L,G,G,H,V,H,H,P,-
Dasypus_novemcinctus,-,-,-,-,-,-,-,-,-,-,-,-,-,-,-,-,-,-,-,-,-,-,-,-,-,-,-,-,-,-,-,-,-,-,-,-,-,-,-,-,-,-,-,-,-,-,-,-,-,-,-,-,-,-,-,-,-,-,-,-,-,-,-,-,-,-,-,-,-,-,-,-,-,-,-,-,-,-,-,-,-,-,-,-,-,-,-,-,-,-,-,-,-,-,-,-,-,-,-,-,-,-,-,-,-,-,-,-,-,-,-,-,-,-,-,-,-,-,-,-,-,-,-,-,-,-,-,-,-,-,-,-,-,-,-,-,-,-,-,-,-,-,-,-,-,-,-,-,-,-,-,-,-,-,-,-,-,-,-,-,-,-,-,-,-,-,-,-,-,-,-,-,-,-,-,-,-,-,-,-,-,-,-,-,-,-,-,-,-,-,-,-,-,-,-,-,-,-,-,-,-,-,-,-,-,-,-,-,-,-,-,-,-,-,-,-,-,-,-,-,-,-,-,-,-,-,-,-,-,-,-,-,-,-,-,-,-,-,-,-,-,-,-,-,-,-,-,-,-,-,-,-,-,-,-,-,-,-,-,-,-,-,-,-,-,-,-,-,-,-,-,-,-,-,-,-,-,-,-,-,-,-,-,-,-,-,-,-,-,-,-,-,-,-,-,-,-,-,-,-,-,-,-,-,-,-,-,-,-,-,-,-,-,-,-,-,-,-,-,-,-,-,-,-,-,-,-,-,-,-,-,-,-,-,-,-,-,-,-,-,-,-,-,-,-,-,-,-,-,-,-,-,-,-,-,-,-,-,-,-,-,-,-,-,-,-,-,-,-,-,-,-,-,-,-,-,-,-,-,-,-,-,-,-,-,-,-,-,-,-,-,-,-,-,-,-,-,-,-,-,-,-,-,-,-,-,-,-,-,-,-,-,-,-,-,-,-,-,-,-,-,-,-,-,-,-,-,-,-,-,-,-,-,-,-,-,-,-,-,-,-,-,-,-,-,-,-,-,-,-,-,-,-,-,-,-,-,-,-,-,-,-,-,-,-,-,-,-,-,-,-,-,-,-,-,-,-,-,-,-,-,-,-,-,-,-,-,-,-,-,-,-,-,-,-,-,-,-,-,-,-,-,-,-,-,-,-,-,-,-,-,-,-,-,-,-,-,-,-,-,-,-,-,-,-,-,-,-,-,-,-,-,-,-,-,-,-,-,-,-,-,-,-,-,-,-,-,-,-,-,-,-,-,-,-,-,-,-,-,-,-,-,-,-,-,-,-,-,-,-,-,-,-,-,-,-,-,-,-,-,-,-,-,-,-,-,-,-,-,-,-,-,-,-,-,-,-,-,-,-,-,-,-,-,-,-,-,-,-,-,-,-,-,-,-,-,-,-,-,-,-,-,-,-,-,-,-,-,-,-,-,-,-,-,-,-,-,-,-,-,-,-,-,-,-,-,-,-,-,-,-,-,-,-,-,-,-,-,-,-,-,-,-,-,-,-,-,-,-,-,-,-,-,-,-,-,-,-,-,-,-,-,-,-,-,-,-,-,-,-,-,-,-,-,-,-,-,-,-,-,-,-,-,-,-,-,-,-,-,-,-,-,-,-,-,-,-,-,-,-,-,-,-,-,-,-,-,-,-,-,-,-,-,-,-,-,-,-,-,-,-,-,-,-,-,-,-,-,-,-,-,-,-,-,-,-,-,-,-,-,-,-,-,-,-,-,-,-,-,-,-,-,-,-,-,-,-,-,-,-,-,-,-,-,-,-,-,-,-,-,-,-,-,-,-,-,-,-,-,-,-,-,-,-,-,-,-,-,-,-,-,-,-,-,-,-,-,-,-,-,-,-,-,-,-,-,-,-,-,-,-,-,-,-,-,-,-,-,-,-,-,-,-,-,-,-,-,-,-,-,-,-,-,-,-,-,-,-,-,-,-,-,-,-,-,-,-,-,-,-,-,-,-,-,-,-,-,-,-,-,-,-,-,-,-,-,-,-,-,-,-,-,-,-,-,-,-,-,-,-,-,-,-,-,-,-,-,-,-,-,-,-,-,-,-,-,-,-,-,-,-,-,-,-,-,-,-,-,-,-,-,-,-,-,-,-,-,-,-,-,-,-,-,-,-,-,-,-,-,-,-,-,-,-,-,-,-,-,-,-,-,-,-,-,-,-,-,-,-,-,-,-,-,-,-,-,-,-,-,-,-,-,-,-,-,-,-,-,-,-,-,-,-,-,-,-,-,-,-,-,-,-,-,-,-,-,-,-,-,-,-,-,-,-,-,-,-,-,-,-,-,-,-,-,-,-,-,-,-,-,-,-,-,-,-,-,-,-,-,-,-,-,-,-,-,-,-,-,-,-,-,-,-,-,-,-,-,-,-,-,-,-,-,-,-,-,-,-,-,-,-,-,-,-,-,-,-,-,-,-,-,-,-,-,-,-,-,-,-,-,-,-,-,-,-,-,-,-,-,-,-,-,-,-,-,-,-,-,-,-,-,-,-,-,-,-,-,-,-,-,-,-,-,-,-,-,-,-,-,-,-,-,-,-,-,-,-,-,-,-,-,-,-,-,-,-,-,-,-,-,-,-,-,-,-,-,-,-,-,-,-,-,-,-,-,-,-,-,-,-,-,-,-,-,-,-,-,-,-,-,-,-,-,-,-,-,-,-,-,-,-,-,-,-,-,-,-,-,-,-,-,-,-,-,-,-,-,-,-,-,-,-,-,-,-,-,-,-,-,-,-,-,-,-,-,-,-,-,-,-,-,-,-,-,-,-,-,-,-,-,-,-,-,-,-,-,-,-
Dipodomys_ordii,-,-,-,-,-,-,-,-,-,-,-,-,-,-,-,-,-,-,-,-,-,-,-,-,-,-,-,-,-,-,-,-,-,-,-,-,-,-,-,-,-,-,-,-,-,-,-,-,-,-,-,-,D,S,G,Q,E,V,M,L,T,T,K,T,P,K,A,T,V,G,G,L,S,P,S,K,G,H,T,L,Q,I,F,E,L,T,G,S,G,P,V,-,-,-,Q,R,D,F,V,I,D,A,L,K,R,N,S,P,G,R,S,S,R,R,P,A,G,P,-,A,L,E,P,S,P,S,-,-,-,-,-,-,-,-,-,-,-,-,-,-,-,-,-,-,-,-,-,-,-,-,-,L,A,G,P,H,F,R,C,T,P,P,V,P,T,D,M,V,F,L,V,D,G,S,W,S,V,G,H,S,H,F,Q,Q,V,K,D,F,L,T,S,V,I,E,P,F,E,I,G,P,D,K,V,Q,V,G,L,T,Q,Y,S,G,D,P,R,T,E,W,E,L,S,A,F,R,T,R,E,Q,V,L,A,A,V,R,S,L,R,Y,K,G,G,N,T,F,T,G,L,A,L,T,H,V,L,G,W,N,L,Q,R,A,A,G,L,R,P,E,A,A,K,V,V,V,V,V,T,D,G,K,S,Q,D,D,V,R,T,A,A,R,V,L,R,D,L,D,V,H,V,F,A,V,G,V,K,N,A,D,E,A,E,L,K,L,L,A,S,W,P,L,D,I,T,V,H,N,V,L,D,F,P,Q,L,A,T,L,A,G,L,L,S,R,L,I,C,Q,K,V,Q,G,R,S,P,-,-,-,-,-,-,-,A,L,P,P,L,P,A,S,A,S,L,D,F,T,R,V,T,S,S,S,L,H,L,S,W,T,P,A,P,Q,P,P,L,K,Y,L,V,V,W,R,S,S,R,G,S,V,P,R,E,L,L,V,E,G,A,A,S,S,L,E,L,H,N,L,T,A,S,T,Q,Y,L,V,S,V,L,P,V,Y,E,G,G,A,G,E,G,L,Q,G,L,A,T,T,A,P,L,P,P,P,Q,A,L,T,L,A,A,V,T,S,R,T,L,H,L,T,W,Q,P,S,A,E,A,A,Q,Y,L,V,R,C,L,P,A,S,P,P,G,E,E,Q,R,R,E,V,R,V,G,R,P,E,V,L,L,G,G,L,E,P,G,R,S,Y,E,V,S,V,Q,S,L,R,G,P,E,V,S,E,A,R,R,L,R,A,R,T,S,A,P,A,P,T,R,H,L,N,F,T,N,V,S,H,S,S,A,H,V,S,W,E,A,T,R,R,P,L,R,L,V,R,V,S,Y,V,S,S,D,G,G,H,S,G,Q,M,Q,V,S,G,D,A,T,S,A,A,L,G,P,L,S,S,S,T,T,Y,A,V,R,V,T,H,L,Y,L,G,G,G,S,S,S,L,T,G,R,V,T,T,R,R,A,P,S,P,S,Q,L,S,V,T,E,L,P,G,D,A,V,R,L,S,W,V,A,-,-,-,-,-,-,-,-,Y,H,I,K,W,T,P,L,G,E,G,E,A,R,E,I,S,V,A,G,A,V,R,T,A,V,L,P,G,L,S,R,H,A,E,Y,E,I,T,I,L,A,Y,Y,E,D,G,G,R,S,H,P,V,S,I,R,Y,A,P,A,A,A,S,R,S,P,P,S,S,L,A,L,A,S,A,I,P,N,S,L,Q,V,S,W,T,P,P,A,G,H,V,L,H,Y,R,L,T,Y,A,P,A,S,G,A,G,P,E,K,S,I,S,V,P,G,P,R,N,H,T,V,L,T,G,L,L,A,A,T,K,Y,R,V,L,V,S,A,I,Y,R,A,G,K,S,V,A,V,S,A,T,G,Q,T,A,A,C,P,A,L,P,P,D,-,-,L,P,G,F,D,L,M,G,A,F,G,L,V,A,T,E,Y,A,S,T,P,G,V,A,M,G,P,W,A,W,G,R,A,P,T,F,T,L,F,K,D,A,Q,L,T,R,R,A,D,V,H,P,A,-,E,H,T,I,V,F,L,V,R,M,L,P,E,T,P,R,E,A,F,A,L,W,Q,M,T,T,E,D,F,R,P,L,L,G,V,L,L,D,A,G,R,K,S,L,T,Y,F,N,-,-,-,-,-,-,-,-,Q,A,T,F,D,L,P,E,A,K,K,I,F,F,G,S,F,H,K,V,H,V,A,V,G,P,S,K,V,R,L,Y,V,D,C,R,K,V,A,E,R,P,I,G,G,A,G,S,P,P,A,T,G,L,V,T,L,G,R,L,A,K,A,R,G,P,E,D,S,S,A,T,F,Q,L,Q,M,L,Q,L,L,C,G,D,T,W,A,A,Q,D,R,C,C,E,L,P,G,S,R,G,G,E,V,C,P,A,F,P,S,T,C,A,H,S,P,E,T,P,G,P,P,G,P,Q,G,P,P,G,L,P,G,K,T,G,I,P,G,E,P,G,V,P,G,P,K,G,E,P,G,P,P,G,Q,I,G,P,E,G,P,G,G,Q,Q,G,S,P,G,T,R,G,R,A,I,Q,G,P,M,G,P,P,G,V,K,G,E,K,G,D,H,G,L,A,G,T,Q,G,H,P,G,Q,P,G,T,P,G,R,A,G,L,Q,G,P,G,M,R,G,L,E,G,P,A,G,L,P,G,S,P,G,P,L,Q,G,L,A,G,S,R,G,S,N,G,E,R,G,P,P,G,A,V,G,P,G,L,P,G,P,K,G,E,R,G,E,K,H,V,R,R,L,N,S,F,H,E,N,A,R,P,P,M,P,I,L,-,-,-,-,-,-,-,-,-,-,-,-,-,-,-,-,-,-,-,-,-,-,-,-,-,-,-,-,-,-
Dipodomys_spectabilis,-,-,W,M,W,L,S,I,T,L,A,R,G,Q,-,-,G,R,L,R,L,A,V,L,P,E,D,R,L,Q,M,Q,W,S,E,S,E,A,S,G,R,G,Y,R,V,Q,V,K,P,M,A,G,D,S,E,Q,E,V,M,L,T,T,K,T,P,K,A,T,V,G,G,L,S,P,S,K,G,Y,T,L,Q,I,F,E,L,T,G,S,G,P,M,L,L,V,Q,R,D,F,V,I,D,A,L,K,R,N,S,P,G,R,S,S,R,R,P,A,G,P,-,A,L,E,P,S,P,S,-,L,G,G,P,D,L,E,-,-,-,-,-,-,-,-,-,-,-,-,-,-,-,-,-,L,A,G,P,Y,F,R,C,T,P,P,V,P,T,D,M,V,F,L,V,D,G,S,W,S,V,G,H,S,H,F,Q,Q,V,K,D,F,L,T,S,V,I,E,P,F,E,I,G,P,D,K,V,Q,V,G,L,T,Q,Y,S,G,D,P,R,T,E,W,E,L,S,A,F,R,T,R,E,Q,V,L,A,A,V,R,G,L,R,Y,K,G,G,N,T,F,T,G,L,A,L,T,H,V,L,D,W,N,L,R,R,V,A,G,L,R,P,E,A,A,K,V,V,V,V,V,T,D,G,K,S,Q,D,D,V,S,T,A,A,R,V,L,R,D,L,D,V,H,V,F,A,V,G,V,K,N,A,D,E,A,E,L,K,L,L,A,S,W,P,L,D,I,T,V,H,N,V,L,D,F,P,Q,L,A,T,L,A,G,L,L,S,R,L,I,C,Q,K,V,Q,G,R,T,P,A,T,-,-,-,-,-,A,L,P,P,L,P,A,S,A,S,L,D,F,S,Q,V,T,S,S,S,L,H,L,S,W,T,P,A,P,Q,P,P,L,K,Y,L,V,V,W,R,S,S,R,G,S,I,P,R,E,L,L,V,E,G,A,T,S,S,L,E,L,H,N,L,T,A,S,T,Q,Y,L,V,S,V,L,P,V,Y,E,G,G,A,G,E,G,L,Q,G,L,A,T,T,A,P,L,P,P,P,Q,A,L,T,L,A,A,V,T,S,R,T,L,H,L,T,W,Q,P,S,A,E,A,A,Q,Y,L,V,R,C,L,P,A,S,P,P,G,E,E,Q,R,R,E,V,Q,V,G,R,P,E,V,L,L,G,G,L,E,P,G,R,S,Y,E,V,S,V,Q,S,L,R,G,P,E,V,S,E,A,R,R,L,R,A,R,T,S,A,L,A,P,T,R,H,L,N,F,T,N,V,S,H,R,S,A,H,V,T,W,E,A,T,R,R,P,L,R,L,V,R,V,S,Y,V,S,S,D,G,G,H,S,G,Q,T,Q,V,S,G,D,A,T,S,A,A,L,G,P,L,S,S,S,T,T,Y,A,V,R,V,T,R,L,Y,L,G,G,G,S,S,S,L,T,G,R,V,T,T,R,R,A,P,S,P,S,Q,L,S,V,T,E,L,P,G,D,T,V,R,L,S,W,V,A,-,-,-,-,-,-,-,-,Y,H,I,K,W,T,P,L,G,E,G,E,A,R,E,I,S,V,A,G,T,L,R,T,A,V,L,P,G,L,G,R,H,A,E,Y,E,I,T,I,L,A,Y,Y,E,D,G,A,R,S,D,P,V,S,I,R,Y,A,P,A,A,V,S,R,S,P,P,S,S,L,A,L,A,S,D,I,P,N,S,L,Q,V,S,W,T,P,P,A,G,H,I,L,H,Y,R,L,T,Y,A,P,A,S,G,A,G,P,E,K,S,I,S,V,P,G,P,R,N,H,T,I,L,T,D,L,L,A,A,T,K,Y,R,V,L,V,S,A,I,Y,R,A,G,E,S,V,A,V,S,A,T,G,Q,T,A,A,C,P,V,L,H,P,D,-,-,L,P,G,F,D,L,M,G,A,F,G,L,V,A,T,E,Y,A,S,T,P,G,V,A,M,G,P,S,A,W,G,R,A,P,T,F,T,L,F,K,D,A,Q,L,T,R,R,A,D,V,H,P,A,-,E,H,T,I,V,F,L,V,R,M,L,P,E,T,P,R,E,A,F,A,L,W,Q,M,T,T,E,D,F,R,P,L,L,G,V,L,L,D,A,G,R,K,S,L,T,Y,F,N,-,-,-,-,-,-,-,-,Q,A,T,F,D,L,P,E,A,K,K,I,F,F,G,S,F,H,K,V,H,V,A,V,G,P,S,K,V,R,L,Y,V,D,C,R,E,V,A,E,R,P,I,G,G,A,G,S,T,P,A,T,G,L,V,T,L,G,R,L,A,K,A,R,G,P,E,D,S,S,A,T,F,Q,L,Q,M,L,Q,L,L,C,G,D,T,W,A,A,Q,D,R,C,C,E,L,P,G,S,R,G,G,E,V,C,P,A,F,P,S,T,C,A,H,A,P,E,T,P,G,P,P,G,P,Q,G,P,P,G,L,P,G,K,T,G,I,P,G,E,P,G,V,P,G,P,K,G,E,P,G,P,P,G,Q,T,G,P,E,G,P,G,G,Q,Q,G,S,P,G,T,R,G,R,T,I,Q,G,P,M,G,P,P,G,V,K,G,E,K,G,D,H,G,L,A,G,A,Q,G,H,P,G,Q,P,G,T,P,G,R,A,G,L,Q,G,P,G,M,R,G,L,E,G,P,A,G,L,P,G,S,P,G,P,L,Q,G,L,A,G,S,R,G,S,N,G,E,R,G,P,P,G,A,V,G,P,G,L,P,G,P,K,G,E,R,G,E,K,H,V,R,R,L,N,S,F,Q,E,N,A,R,P,P,M,P,I,L,-,-,-,-,-,-,-,-,-,-,-,-,-,-,-,-,-,-,-,-,-,-,-,-,-,-,-,-,-,-
Dromiciops_gliroides,-,-,-,-,-,-,-,-,-,-,-,-,-,-,-,-,-,R,L,R,L,T,V,L,S,E,D,R,L,Q,M,K,W,K,E,S,E,G,N,T,N,G,Y,K,V,Q,V,K,P,M,A,G,D,S,E,Q,E,V,M,L,T,T,K,T,P,K,V,T,V,V,G,L,S,P,T,K,E,Y,T,L,Q,I,F,A,L,G,G,S,R,D,T,L,L,A,R,R,R,F,V,I,E,D,L,K,S,-,-,M,G,R,N,N,R,K,P,S,G,E,-,T,L,E,-,-,-,-,-,-,-,-,-,-,-,-,-,-,-,-,-,-,-,-,-,-,-,-,-,-,-,-,-,-,-,G,P,Q,F,H,C,D,T,S,I,P,V,D,I,V,F,L,V,D,G,S,W,S,I,G,R,S,N,F,R,L,I,R,E,F,L,A,N,I,I,A,P,F,H,I,A,Q,D,K,V,R,I,G,L,S,Q,Y,S,G,D,P,R,T,E,W,D,L,N,S,F,S,T,K,D,E,V,L,E,A,V,R,N,L,R,Y,K,G,G,N,T,F,T,G,L,A,L,T,H,V,L,Q,Q,N,L,K,L,E,A,G,S,R,S,E,A,V,K,V,V,I,L,L,T,D,G,K,S,Q,D,D,A,Q,L,A,A,Q,V,L,K,D,L,G,M,D,I,F,A,I,G,V,K,N,A,D,E,S,E,L,M,D,L,A,S,L,P,L,D,V,T,V,H,N,V,Q,D,F,P,L,L,G,N,L,T,N,R,L,I,R,L,L,C,W,K,I,Q,E,R,S,R,R,R,-,-,-,-,-,-,-,-,-,-,P,S,P,T,N,L,I,V,S,E,V,T,A,T,G,L,R,L,A,W,T,P,-,-,-,-,-,-,K,Y,R,I,V,Y,H,P,S,R,G,G,T,P,R,E,V,T,V,E,G,A,T,S,S,A,Q,L,L,D,L,T,S,N,T,E,Y,L,V,T,V,F,P,V,Y,K,N,G,V,G,E,G,L,R,D,I,V,T,T,L,P,L,S,P,P,S,S,L,T,I,S,S,V,T,H,S,S,I,H,L,T,W,Q,P,T,N,K,A,T,H,Y,L,V,H,C,-,-,-,-,-,-,-,-,-,-,-,-,E,V,R,V,G,D,P,E,V,L,L,E,G,L,A,P,G,T,E,Y,S,I,A,V,Y,A,L,F,G,E,D,V,S,E,P,Q,S,I,R,V,K,T,L,S,L,E,L,P,K,H,L,S,F,S,E,V,S,H,S,S,V,R,V,H,W,E,A,S,S,R,G,V,R,M,Y,H,V,S,Y,V,S,L,E,G,N,Q,A,G,E,I,D,V,S,R,N,A,S,S,V,K,L,T,A,L,S,S,S,T,S,Y,I,V,S,V,T,S,I,H,K,E,G,D,S,S,T,L,T,G,R,V,T,T,R,K,V,P,A,P,S,H,L,K,V,T,E,L,P,G,D,D,V,R,L,E,W,A,A,A,A,A,S,G,V,V,V,Y,Q,I,K,W,M,P,L,G,E,G,K,A,Y,E,I,S,V,P,G,N,L,G,T,A,T,L,P,G,L,G,K,H,A,E,Y,E,I,S,I,L,A,Y,Y,R,D,G,A,R,S,D,T,V,S,L,R,Y,T,P,-,-,M,S,R,N,P,P,L,N,L,V,L,A,S,E,T,P,S,S,L,R,I,L,W,T,P,P,N,D,N,V,L,H,Y,R,L,T,Y,A,L,A,S,G,S,G,P,E,K,T,I,I,V,P,G,P,E,N,H,V,T,L,P,L,L,L,P,G,T,K,Y,K,V,M,V,S,A,V,Y,S,L,G,E,S,N,V,V,S,A,I,G,R,T,A,A,C,P,A,L,R,A,N,S,S,L,P,G,F,D,M,M,E,A,F,G,L,V,E,K,E,Y,A,S,I,K,G,V,S,M,E,P,S,V,F,S,G,T,R,T,Y,M,L,F,R,D,V,Q,L,M,R,R,A,E,I,H,P,A,A,E,H,T,I,S,F,L,L,R,V,L,P,E,T,P,R,E,P,F,A,L,W,Q,I,T,D,E,T,F,E,P,L,L,G,V,T,L,D,A,G,R,K,S,L,T,Y,F,N,R,D,H,K,A,E,L,Q,E,V,T,F,D,L,Q,E,V,K,K,I,F,Y,G,S,F,H,K,V,H,V,A,V,S,R,T,K,V,K,L,Y,V,D,C,R,K,V,T,E,R,L,I,N,E,A,G,S,P,S,T,A,G,F,V,M,L,G,K,L,T,K,T,R,G,P,R,S,G,S,A,T,F,Q,L,Q,T,L,Q,I,V,C,S,D,T,W,A,E,E,D,R,C,C,D,V,P,A,L,R,D,A,E,T,C,P,A,L,T,S,A,C,T,C,S,S,D,Q,P,G,P,P,G,P,P,G,P,P,G,T,P,G,R,R,G,I,Q,G,E,Q,G,T,P,G,P,R,G,E,P,G,P,P,G,Q,T,G,P,E,G,P,G,G,Q,Q,G,S,P,G,T,Q,G,L,T,V,Q,G,P,V,G,P,P,G,V,K,G,E,K,G,D,I,G,H,P,G,L,Q,G,H,P,G,H,Q,G,P,P,G,R,H,G,L,Q,G,P,G,M,R,G,F,E,G,T,A,G,F,P,G,P,P,G,P,F,Q,G,I,A,G,T,R,G,I,N,G,E,K,G,P,P,G,D,V,G,P,G,L,P,G,P,K,G,E,R,G,E,K,H,V,L,K,F,D,P,F,H,E,N,T,R,P,P,V,P,V,W,E,E,E,L,K,S,G,-,-,-,-,-,-,-,-,L,P,G,Q,K,G,D,R,G,E,D,G,F,-,-
Elephantulus_edwardii,-,-,-,-,-,-,-,-,-,-,-,-,-,-,-,-,-,-,L,R,L,A,V,L,P,E,D,R,L,Q,M,K,W,R,D,V,A,G,S,S,L,G,Y,L,V,Q,V,K,P,M,A,G,D,S,E,L,E,V,M,L,T,T,K,T,P,K,A,T,V,G,G,L,S,P,S,K,E,Y,T,L,Q,I,F,S,L,S,G,S,G,R,I,L,L,A,Q,R,E,F,V,I,E,D,L,K,-,-,-,-,-,-,-,-,-,-,-,-,-,-,-,-,-,E,P,T,P,S,S,G,G,S,P,D,L,K,L,T,S,E,P,Q,V,T,W,A,P,S,H,S,P,L,V,P,T,G,T,P,F,H,C,V,P,P,V,P,T,D,M,V,F,L,V,D,G,S,W,S,V,G,H,S,N,F,Q,L,V,K,D,F,L,A,S,I,V,S,P,F,E,I,S,P,H,Q,V,Q,V,G,L,T,Q,Y,S,G,D,P,Q,T,E,W,N,L,N,S,F,S,S,K,E,E,V,L,G,A,I,S,R,L,R,Y,K,G,G,N,T,F,T,G,L,A,L,T,H,V,L,E,Q,N,L,R,P,A,A,G,P,R,A,E,A,V,K,V,V,I,L,V,T,D,G,K,S,Q,D,D,A,R,A,A,A,R,V,L,R,D,L,G,A,D,V,F,A,V,G,V,K,N,A,D,E,A,E,L,R,L,L,A,S,D,P,L,D,L,T,V,H,N,V,L,D,F,P,Q,L,N,T,L,A,G,L,L,S,R,L,I,C,Q,W,V,Q,G,R,G,P,L,R,R,A,A,A,L,A,L,D,P,L,P,A,P,T,G,L,V,L,T,P,M,T,S,S,S,I,F,L,S,W,T,P,A,P,Q,P,P,L,K,Y,L,I,M,W,H,P,S,R,G,G,A,P,R,E,V,V,V,E,A,P,T,S,S,L,E,L,R,N,L,T,S,S,T,E,Y,L,V,S,V,L,P,V,Y,A,D,G,V,G,E,G,L,R,G,L,A,T,T,L,P,L,S,P,P,H,V,L,T,L,A,T,V,T,P,Q,T,I,H,L,T,W,Q,P,V,P,E,A,T,Q,Y,L,V,R,C,L,P,M,P,P,K,G,K,E,E,-,T,E,L,R,V,G,Q,P,E,V,L,L,S,G,L,Q,P,G,R,Y,Y,T,I,S,V,Q,S,L,R,G,L,E,A,S,K,A,Q,S,V,Q,A,R,T,-,S,L,P,P,P,A,H,L,D,F,E,N,V,S,H,D,S,A,R,V,L,W,D,G,-,-,-,-,-,-,-,-,-,-,S,Y,T,S,S,Q,G,G,H,S,G,Q,V,E,A,A,Q,N,T,S,S,A,T,L,G,P,L,S,S,A,T,T,Y,T,V,S,V,T,C,F,Y,S,G,G,S,S,S,T,L,T,G,Q,V,T,T,R,K,V,P,S,P,S,Q,L,V,V,T,E,M,P,D,N,A,V,Q,L,Q,W,-,-,A,A,A,S,G,V,L,V,Y,Q,I,K,W,T,P,L,G,D,G,K,A,R,E,L,S,V,P,G,N,L,R,S,A,V,L,P,G,L,R,R,T,A,D,Y,D,I,T,I,L,A,Y,Y,R,D,G,A,R,S,D,P,V,S,L,R,Y,T,P,-,A,V,N,R,S,P,P,S,H,L,V,L,V,S,E,M,P,N,S,L,E,V,S,W,T,P,P,H,G,Q,V,L,H,Y,R,L,S,Y,A,L,A,S,G,S,G,P,E,K,L,I,S,V,P,G,P,R,S,H,V,T,L,Y,D,L,L,A,T,T,K,Y,R,V,L,V,S,A,I,Y,E,A,G,E,S,V,Y,V,S,A,T,G,W,T,A,A,C,P,T,L,R,T,N,G,S,L,S,G,F,D,L,M,A,A,F,G,L,V,E,K,E,Y,A,S,L,R,G,V,A,M,E,P,S,A,L,G,G,G,K,T,F,T,L,L,R,D,A,Q,L,M,L,R,V,D,I,H,P,A,A,E,H,T,I,V,F,L,L,R,L,L,P,E,T,P,R,E,P,F,T,L,W,Q,I,L,T,E,D,F,Q,P,A,M,G,I,L,L,D,A,G,R,K,S,L,T,Y,F,N,Q,D,P,R,A,A,Q,Q,G,V,T,F,D,L,P,D,M,K,K,I,F,F,G,S,F,H,K,V,H,L,A,V,G,P,S,R,V,R,L,Y,V,D,C,R,K,V,A,E,R,P,L,G,E,V,A,S,P,P,A,T,G,F,I,T,L,G,R,L,A,K,A,R,G,P,R,S,S,S,A,V,F,Q,L,Q,S,L,Q,I,V,C,S,D,S,L,A,E,E,D,R,C,C,D,L,P,A,L,R,D,I,N,T,C,P,V,A,P,S,A,C,S,C,S,S,E,T,S,G,L,P,G,P,Q,G,P,P,G,L,P,G,R,K,G,A,P,G,E,P,G,F,P,G,P,Q,-,-,-,-,-,-,-,-,-,-,-,-,-,-,-,-,-,-,-,-,-,-,-,-,-,-,-,-,-,-,-,-,G,P,P,G,L,K,G,E,K,G,D,R,G,L,P,G,S,Q,G,P,P,G,H,Q,G,T,P,G,R,F,G,L,Q,G,P,G,M,R,G,L,E,G,T,A,G,L,P,G,P,P,G,P,F,Q,G,L,A,G,A,R,G,A,S,G,E,Q,G,P,P,G,A,V,G,P,G,L,P,G,P,K,G,E,R,G,E,K,H,M,L,Q,F,N,A,F,H,K,N,A,R,P,P,M,P,I,S,E,G,Q,V,R,P,G,-,-,-,-,-,-,-,-,-,-,-,-,-,-,-,-,-,-,-,-,-,-,-
Equus_caballus,W,L,W,L,W,L,G,V,T,M,G,L,C,Q,-,S,S,R,L,R,L,S,V,L,P,E,D,R,L,Q,M,K,W,R,A,S,E,G,G,G,L,G,Y,L,V,Q,V,K,P,V,A,G,D,P,E,Q,E,V,M,L,N,T,K,T,P,K,A,T,V,G,G,L,S,P,S,K,G,Y,S,V,Q,I,F,E,L,T,G,S,G,N,V,L,L,A,R,R,E,F,V,I,T,D,L,K,S,N,S,V,G,R,S,S,W,R,P,L,G,A,-,A,L,E,P,T,P,S,R,M,G,S,L,D,P,-,-,-,-,E,P,Q,V,A,L,V,P,S,Q,D,P,P,T,L,A,G,P,Q,F,R,C,T,P,P,T,P,V,D,M,I,F,L,V,D,G,S,W,S,I,G,Y,G,H,F,Q,Q,V,K,D,F,L,A,S,V,I,E,P,F,E,I,G,P,D,K,V,Q,V,G,L,T,Q,Y,S,G,D,P,Q,T,E,W,D,L,N,A,F,G,T,K,E,E,V,L,A,A,I,R,G,L,R,Y,R,G,G,N,T,F,T,G,L,A,L,T,H,V,L,E,Q,N,L,K,P,T,A,G,P,R,P,E,A,A,T,V,V,I,L,V,T,D,G,K,S,Q,D,D,A,R,T,A,G,H,V,L,K,E,L,G,V,D,V,F,A,V,G,V,K,N,A,D,E,E,E,L,R,L,L,A,S,Q,P,L,D,I,T,V,H,S,V,Q,D,F,P,Q,L,G,T,L,A,G,L,L,S,R,L,I,C,Q,K,V,Q,G,R,S,P,R,G,A,A,A,A,P,A,P,D,P,L,S,A,L,T,S,L,V,L,T,Q,V,T,S,S,S,V,H,L,S,W,S,P,A,P,K,P,P,L,K,H,L,I,V,W,R,P,S,K,G,G,I,P,R,E,V,V,V,E,G,P,T,S,S,A,E,L,H,N,L,T,S,S,T,E,Y,L,V,S,V,F,P,V,Y,E,A,G,V,G,E,G,L,R,G,L,A,T,T,A,P,L,P,P,P,Q,A,L,T,L,A,A,V,T,P,R,T,V,H,L,T,W,Q,P,A,A,G,A,T,H,Y,L,V,W,C,S,P,A,P,S,K,G,E,A,D,R,R,E,V,R,V,G,R,P,E,V,L,L,D,G,L,E,P,G,R,D,Y,D,V,W,V,Q,S,L,R,G,A,E,A,S,E,G,R,G,V,R,A,R,T,P,A,L,A,S,T,R,-,L,G,F,S,D,V,S,H,D,S,A,R,V,F,W,E,A,T,P,R,P,V,R,L,F,R,V,S,Y,V,S,S,K,G,G,H,S,G,Q,T,E,A,P,G,N,A,T,S,A,T,L,G,P,L,S,S,S,T,T,Y,T,V,R,V,T,C,L,Y,P,G,G,S,S,S,T,L,T,G,R,L,T,T,R,K,V,P,S,P,S,Q,L,S,V,T,E,L,P,G,D,E,V,Q,L,H,W,A,A,A,A,A,S,G,V,L,V,Y,Q,I,K,W,T,P,L,G,D,G,K,A,H,E,I,S,V,P,G,N,L,G,T,A,V,L,P,G,L,G,R,H,L,E,Y,E,I,T,I,L,A,Y,Y,R,D,G,A,R,S,D,P,V,S,L,R,Y,A,A,-,-,L,S,R,S,P,P,S,N,L,T,V,A,S,E,S,P,N,S,L,R,V,S,W,T,P,P,S,G,H,V,L,H,Y,R,L,T,Y,T,L,A,S,G,S,G,P,E,K,S,I,S,V,P,G,P,R,S,H,A,I,L,P,D,L,L,A,A,T,K,Y,R,V,L,V,S,A,V,Y,G,A,G,E,S,M,A,V,S,A,T,G,R,T,-,A,C,R,A,L,H,A,D,G,S,L,T,G,F,D,L,M,G,A,F,G,L,V,E,K,E,Y,A,S,V,R,G,V,A,M,E,P,S,A,F,G,P,T,R,T,F,T,L,F,K,D,A,Q,L,T,R,R,A,D,I,H,P,A,A,E,H,T,L,V,F,L,L,R,L,L,P,E,T,P,R,E,A,F,A,L,W,Q,M,T,A,E,D,F,Q,P,V,L,G,V,L,L,D,A,S,R,K,S,L,T,Y,F,N,H,D,L,R,A,T,L,Q,E,V,T,F,D,L,P,E,V,R,R,I,F,F,G,S,F,H,K,V,H,V,A,V,G,R,S,R,V,R,L,Y,V,D,C,Q,K,V,A,E,R,P,I,G,E,A,G,S,P,P,A,T,G,F,V,M,L,G,R,L,A,K,A,R,G,L,R,S,S,S,A,T,F,Q,L,Q,T,L,Q,L,V,C,S,D,S,W,A,E,E,D,R,C,C,E,L,P,A,S,K,D,G,E,T,C,P,A,F,P,S,A,C,T,C,S,S,E,S,P,G,P,P,G,P,Q,G,P,P,G,L,P,G,R,N,G,A,P,G,E,Q,G,S,P,G,P,R,-,-,-,-,-,-,-,-,-,-,-,-,-,-,-,-,-,-,-,-,-,-,-,-,-,-,-,-,-,-,-,-,G,P,P,G,V,K,G,E,K,G,D,H,G,L,P,G,L,Q,G,R,P,G,H,Q,G,S,P,G,K,V,G,L,Q,G,P,G,M,R,G,L,E,G,T,A,G,L,P,G,P,P,G,P,F,R,G,V,A,G,A,R,G,T,S,G,E,R,G,P,P,G,V,V,G,P,G,L,P,G,P,K,G,E,R,G,E,K,H,M,L,K,F,N,S,F,H,E,S,T,R,P,P,M,P,I,L,E,A,P,R,P,P,-,-,-,-,-,-,-,-,G,T,P,S,E,A,R,L,G,G,R,G,G,H,R,P
Erinaceus_europaeus,-,-,-,-,-,-,-,-,-,-,-,-,-,-,-,-,-,-,-,-,-,-,-,-,-,-,-,-,-,-,-,-,-,-,-,-,-,-,-,-,-,-,-,-,-,-,-,-,-,-,-,-,-,-,-,-,-,-,-,-,-,-,-,-,-,-,-,-,-,-,-,-,-,-,-,-,-,-,-,-,-,-,-,-,-,-,-,-,-,-,-,-,-,-,-,-,-,-,-,-,-,-,-,-,-,-,-,-,-,-,-,-,-,-,-,-,-,-,-,-,-,-,-,-,-,-,-,-,-,-,-,-,-,-,-,-,-,-,-,-,-,-,-,-,-,-,-,-,-,-,-,-,-,-,-,-,-,-,-,-,-,-,-,-,-,-,-,-,-,-,-,-,-,-,-,-,-,-,-,-,-,-,-,-,-,-,-,-,-,-,-,-,-,-,-,-,-,-,-,-,-,-,-,-,-,-,-,-,-,-,-,-,-,-,-,-,-,-,-,-,-,-,-,-,-,-,-,-,-,-,-,-,-,-,-,-,-,-,-,-,-,-,-,-,-,-,-,-,-,-,-,-,-,-,-,-,-,-,-,-,-,-,-,-,-,-,-,-,-,-,-,-,-,-,-,-,-,-,-,-,-,-,-,-,-,-,-,-,-,-,-,-,-,-,-,-,-,-,-,-,-,-,-,-,-,-,-,-,-,-,-,-,-,-,-,-,-,-,-,-,-,-,-,-,-,-,-,-,-,-,-,-,-,-,-,-,-,-,-,-,-,-,-,-,-,-,-,-,-,-,-,-,-,-,-,-,-,-,-,-,-,-,-,-,-,-,-,-,-,-,-,-,-,-,-,-,-,-,-,-,-,-,-,-,-,-,-,-,-,-,-,-,-,-,-,-,-,-,-,-,-,-,-,-,-,-,-,-,-,-,-,-,-,-,-,-,-,-,-,-,-,-,-,-,-,-,-,-,-,-,-,-,-,-,-,-,-,-,-,-,-,-,-,-,-,-,-,-,-,-,-,-,-,-,-,-,-,-,-,-,-,-,-,-,-,-,-,-,-,-,-,-,-,-,-,-,-,-,-,-,-,-,-,-,-,-,-,-,-,-,-,-,-,-,-,-,-,-,-,-,-,-,-,-,-,-,-,-,-,-,-,-,-,-,-,-,-,-,-,-,-,-,-,-,-,-,-,-,-,-,-,-,-,-,-,-,-,-,-,-,-,-,-,-,-,-,-,-,-,-,-,-,-,-,-,-,-,-,-,-,-,-,-,-,-,-,-,-,-,-,-,-,-,-,-,-,-,-,-,-,-,-,-,-,-,-,-,-,-,-,-,-,-,-,-,-,-,-,-,-,-,-,-,-,-,-,-,-,-,-,-,-,-,-,-,-,-,-,-,-,-,-,-,-,-,-,-,-,-,-,-,-,-,-,-,-,-,-,-,-,-,-,-,-,-,-,-,-,-,-,-,-,-,-,-,-,-,-,-,-,-,-,-,-,-,-,-,-,-,-,-,-,-,-,-,-,-,-,-,-,-,-,-,-,-,-,-,-,-,-,-,-,-,-,-,-,-,-,-,-,-,-,-,-,-,-,-,-,-,-,-,-,-,-,-,-,-,-,-,-,-,-,-,-,-,-,-,-,-,-,-,-,-,-,-,-,-,-,-,-,-,-,-,-,-,-,-,-,-,-,-,-,-,-,-,-,-,-,-,-,-,-,-,-,-,-,-,-,-,-,-,-,-,-,-,-,-,-,-,-,-,-,-,-,-,-,-,-,-,-,-,-,-,-,-,-,-,-,-,-,-,-,-,-,-,-,-,-,-,-,-,-,-,-,-,-,-,-,-,-,-,-,-,-,-,-,-,-,-,-,-,-,-,-,-,-,-,-,-,-,-,-,-,-,-,-,-,-,-,-,-,-,-,-,-,-,-,-,-,-,-,-,-,-,-,-,-,-,-,-,-,-,-,-,-,-,-,-,-,-,-,-,-,-,-,-,-,-,-,-,-,-,-,-,-,-,-,-,-,-,-,-,-,-,-,-,-,-,-,-,-,-,-,-,-,-,-,-,-,-,-,-,-,-,-,-,-,-,-,-,-,-,-,-,-,-,-,-,-,-,-,-,-,-,-,-,-,-,-,-,-,-,-,-,-,-,-,-,-,-,-,-,-,-,-,-,-,-,-,-,-,-,-,-,-,-,-,-,-,-,-,-,-,-,-,-,-,-,-,-,-,-,-,-,-,-,-,-,-,-,-,-,-,-,-,-,-,-,-,-,-,-,-,-,-,-,-,-,-,-,-,-,-,-,-,-,-,-,-,-,-,-,-,-,-,-,-,-,-,-,-,-,-,-,-,-,-,-,-,-,-,-,-,-,-,-,-,-,-,-,-,-,-,-,-,-,-,-,-,-,-,-,-,-,-,-,-,-,-,-,-,-,-,-,-,-,-,-,-,-,-,-,-,-,-,-,-,-,-,-,-,-,-,-,-,-,-,-,-,-,-,-,-,-,-,-,-,-,-,-,-,-,-,-,-,-,-,-,-,-,-,-,-,-,-,-,-,-,-,-,-,-,-,-,-,-,-,-,-,-,-,-,-,-,-,-,-,-,-,-,-,-,-,-,-,-,-,-,-,-,-,-,-,-,-,-,-,-,-,-,-,-,-,-,-,-,-,-,-,-,-,-,-,-,-,-,-,-,-,-,-,-,-,-,-,-,-,-,-,-,-,-,-,-,-,-,-,-,-,-,-,-,-,-,-,-,-,-,-,-,-,-,-,-,-,-,-,-,-,-,-,-,-,-,-,-,-,-
Eumetopias_jubatus,W,L,W,L,W,L,G,V,A,L,G,L,G,Q,A,S,S,R,L,R,L,A,V,L,P,E,D,Q,L,Q,M,K,W,R,E,S,G,G,G,S,L,G,Y,L,V,Q,V,K,P,R,A,G,D,M,E,Q,E,V,M,L,T,T,K,T,P,K,A,T,V,G,G,L,S,P,S,K,G,Y,T,V,Q,I,F,E,L,T,S,S,G,K,A,L,L,A,Q,R,E,F,V,I,E,D,L,K,S,H,S,V,S,R,S,G,Q,M,P,L,E,A,-,A,V,E,P,M,P,S,H,V,G,S,P,D,P,-,-,-,-,E,P,R,V,A,L,S,P,S,Q,D,P,P,T,P,A,S,P,Q,F,R,C,T,P,P,T,P,V,D,M,I,F,L,V,D,G,S,W,S,I,G,H,G,H,F,Q,Q,V,K,D,F,L,A,S,V,I,E,P,F,E,I,G,P,N,K,V,Q,V,G,L,T,Q,Y,S,G,D,P,Q,T,E,W,D,L,S,A,F,R,T,K,E,E,V,V,T,A,V,H,S,L,R,Y,R,G,G,N,T,F,T,G,L,A,L,T,H,V,R,E,Q,N,L,K,P,R,A,G,T,R,P,E,A,A,K,V,V,I,L,V,T,D,G,K,S,Q,D,D,A,R,A,A,G,R,V,L,K,D,L,G,V,A,V,F,A,V,G,V,K,N,A,D,E,A,E,L,Q,L,L,A,S,P,P,L,D,I,T,V,H,N,V,Q,D,F,P,Q,L,G,T,L,A,G,L,L,S,R,L,I,C,Q,K,V,Q,G,G,S,V,P,-,A,A,G,T,P,A,P,E,T,A,C,T,P,S,S,L,V,V,T,Q,V,T,S,S,S,I,Q,L,S,W,T,P,A,P,Q,L,P,L,K,Y,L,I,T,W,R,P,S,R,G,G,T,P,R,E,V,V,V,E,G,P,T,S,S,A,E,L,H,S,L,T,A,G,T,E,Y,L,V,S,V,F,P,V,G,K,A,G,V,G,Q,G,L,R,G,L,V,T,T,A,P,L,P,A,P,Q,A,L,T,L,A,A,V,T,P,R,T,I,R,L,A,W,Q,P,S,A,G,A,T,Q,Y,L,V,R,C,S,P,A,F,P,P,G,Q,E,E,G,R,E,V,R,V,G,Q,P,E,A,L,L,D,G,L,E,P,G,T,D,Y,D,V,W,V,Q,S,L,Q,G,T,E,A,S,E,A,R,G,I,R,A,R,T,A,T,L,V,P,P,R,H,L,G,F,S,D,V,S,H,D,S,V,R,V,F,W,E,G,I,P,R,P,V,R,L,F,R,V,S,F,V,S,S,D,G,S,H,S,G,Q,V,E,A,P,G,N,A,S,S,A,T,L,G,P,L,S,S,S,T,T,Y,S,V,R,L,T,C,L,Y,P,V,G,G,S,S,T,L,T,G,R,L,T,T,R,K,V,P,S,P,S,Q,L,S,V,T,E,L,P,G,D,E,V,Q,L,G,W,A,A,A,A,A,S,G,V,L,V,Y,Q,I,K,W,T,P,L,G,D,G,K,A,R,E,I,S,V,P,G,N,L,G,V,A,V,L,P,G,L,Q,S,H,L,E,Y,E,I,T,I,L,A,Y,Y,R,D,G,A,R,S,D,P,V,S,L,R,Y,S,P,-,-,A,R,R,S,P,P,S,N,L,A,L,A,S,E,S,P,S,S,L,R,V,S,W,T,P,P,S,G,H,V,L,R,Y,R,L,T,Y,M,L,A,S,G,S,G,P,E,K,S,I,S,V,P,G,P,R,S,H,V,T,L,P,D,L,L,A,A,T,K,Y,R,V,L,V,S,A,V,Y,G,A,G,E,S,M,P,V,S,A,T,G,Q,T,-,A,C,P,A,L,S,P,D,G,P,L,P,G,F,D,L,M,A,A,F,G,L,V,E,K,E,Y,S,S,I,R,G,V,A,M,E,R,A,A,F,S,C,A,R,T,F,T,L,F,K,D,A,Q,L,T,R,R,A,G,L,Q,L,A,A,E,H,T,V,V,F,L,L,R,M,L,P,E,T,P,R,E,S,F,A,L,W,Q,M,T,A,E,D,F,Q,P,I,L,G,V,L,L,D,A,G,R,K,S,L,T,Y,F,N,H,D,P,R,A,T,L,Q,E,V,T,F,D,L,P,E,V,R,R,I,F,F,G,S,F,H,K,V,H,V,A,V,G,R,S,K,V,R,L,Y,V,D,C,R,K,V,A,E,R,P,I,G,E,A,G,S,P,P,A,A,G,F,V,M,L,G,R,L,A,K,A,R,G,P,R,S,S,S,A,T,F,Q,L,Q,M,L,Q,I,V,C,S,E,S,W,A,E,E,D,M,C,C,E,L,P,A,A,K,D,G,E,T,C,P,A,F,P,S,A,C,T,C,S,S,Q,T,P,G,P,P,G,P,Q,G,P,P,G,L,P,G,R,N,G,T,P,G,E,Q,G,F,P,G,P,R,-,-,-,-,-,-,-,-,-,-,-,-,-,-,-,-,-,-,-,-,-,-,-,-,-,-,-,-,-,-,-,-,G,P,P,G,V,K,G,E,K,G,D,H,G,L,P,G,L,Q,G,H,P,G,H,Q,G,A,P,G,K,V,G,L,Q,G,P,G,M,R,G,L,E,G,S,T,G,L,P,G,P,P,G,P,F,Q,G,T,A,G,A,R,G,T,G,G,E,R,G,P,P,G,A,V,G,P,G,L,P,G,P,K,G,E,R,G,E,K,H,V,L,K,F,H,S,F,H,E,S,A,R,P,P,R,P,I,W,E,A,P,R,H,P,-,-,-,-,-,-,-,-,G,T,L,S,E,T,R,L,G,G,D,V,G,P,R,P
Felis_catus,C,L,W,L,W,L,G,V,A,V,G,L,G,Q,E,S,G,R,L,R,L,A,V,L,P,E,D,R,L,Q,M,K,W,S,E,S,E,G,S,S,L,G,Y,L,V,Q,V,K,P,M,A,G,D,A,E,Q,D,V,M,L,T,T,K,A,P,K,A,T,V,G,G,L,S,P,S,K,G,Y,T,V,Q,I,F,R,L,T,G,S,G,T,T,L,L,A,Q,R,E,F,V,I,E,E,L,K,-,-,-,-,-,-,-,-,-,R,P,L,R,A,-,A,P,E,P,T,P,S,H,E,G,S,P,A,P,-,-,-,-,E,P,P,V,A,S,F,P,S,Q,D,P,P,T,L,A,S,P,Q,F,R,C,T,P,P,T,P,V,D,M,I,F,L,V,D,G,S,W,S,I,G,H,S,H,F,Q,Q,V,K,D,F,L,A,S,V,I,E,P,F,D,I,G,P,D,K,V,Q,V,G,L,T,Q,Y,S,G,D,P,Q,T,E,W,D,L,S,T,F,G,A,K,E,D,V,L,A,A,V,R,S,L,R,Y,K,G,G,N,T,F,T,G,L,A,L,S,H,V,L,E,Q,N,L,R,P,G,A,G,P,R,P,E,A,A,T,V,V,I,L,V,T,D,G,K,S,Q,D,D,A,R,A,A,G,R,A,L,K,D,L,G,V,D,I,F,A,V,G,V,K,N,A,D,E,A,E,L,Q,L,L,A,S,R,P,L,D,I,T,V,H,N,V,Q,D,F,P,Q,L,G,T,L,A,G,L,L,S,R,L,V,C,Q,K,V,Q,G,R,S,V,T,S,A,G,S,P,S,S,P,D,T,L,F,T,P,T,S,L,V,V,T,Q,V,T,S,S,S,V,H,L,S,W,T,P,A,P,Q,L,P,L,K,Y,R,I,V,W,Q,P,S,R,G,G,A,P,R,E,V,V,V,E,G,P,A,S,S,A,E,L,H,N,L,T,A,G,T,Q,Y,L,V,S,V,L,P,V,L,R,A,G,F,G,E,G,L,R,R,L,V,T,T,A,P,L,P,P,P,Q,A,L,A,L,A,A,V,T,P,R,T,I,R,L,T,W,Q,P,S,A,G,A,T,R,Y,L,V,R,C,L,S,A,S,A,K,G,R,E,E,G,R,E,V,R,V,G,Q,P,E,V,L,L,D,G,L,E,P,G,R,D,Y,D,V,W,V,Q,S,L,R,G,A,E,A,S,E,A,R,G,I,R,A,R,T,S,T,L,A,P,P,G,H,L,S,F,S,D,V,S,H,D,S,A,R,V,S,W,E,G,V,S,K,P,V,R,L,F,R,I,S,F,A,S,S,D,G,S,H,S,G,E,V,E,A,P,G,N,A,T,S,A,T,V,G,P,L,S,S,S,T,A,Y,S,V,R,V,T,C,L,Y,P,G,G,S,S,S,V,L,T,G,R,L,T,T,R,K,V,P,S,P,S,Q,L,S,V,T,E,L,P,G,D,E,V,R,L,E,W,T,A,A,A,A,S,G,V,L,V,Y,Q,I,K,W,T,P,L,G,D,G,K,A,H,E,I,S,V,P,G,H,R,D,V,A,V,L,P,G,L,R,S,H,L,E,Y,E,I,T,I,L,A,Y,Y,R,D,G,A,R,S,D,P,V,S,L,R,Y,T,P,-,-,P,H,R,S,P,P,S,D,L,A,L,A,S,K,S,P,D,S,L,Q,V,S,W,T,P,P,S,G,H,V,L,H,Y,R,L,T,Y,A,P,A,S,G,S,G,P,E,K,S,I,S,V,P,G,L,S,N,H,V,T,L,P,N,L,L,A,A,S,K,Y,R,V,L,V,S,A,V,Y,G,A,G,E,S,R,T,V,S,A,I,G,H,T,A,A,C,P,A,L,S,P,D,G,S,L,S,G,F,D,L,M,A,A,F,G,L,V,E,K,E,Y,A,S,I,R,G,V,A,M,E,P,S,A,F,G,R,A,R,T,F,T,L,F,K,D,A,Q,L,T,R,R,A,D,V,H,L,A,A,E,H,T,V,V,F,L,L,R,L,L,P,E,T,P,R,E,T,F,A,L,W,Q,M,T,A,E,H,S,Q,P,V,L,G,V,L,L,D,A,G,R,K,S,L,T,Y,F,N,H,D,P,R,A,T,L,Q,E,V,T,F,D,L,P,E,V,R,R,I,F,F,G,S,F,H,K,V,H,V,A,V,G,R,S,K,V,R,L,Y,V,D,C,R,K,V,A,E,R,P,M,G,E,A,G,S,P,P,V,T,G,F,V,M,L,G,R,L,A,K,A,R,G,P,R,S,S,S,A,T,F,Q,L,Q,T,L,Q,I,V,C,N,D,S,W,A,E,E,D,M,C,C,E,L,P,A,S,K,D,G,E,T,C,P,A,F,S,S,S,C,A,C,S,S,Q,T,P,G,P,P,G,P,Q,G,P,P,G,L,P,G,R,N,G,V,P,G,E,Q,G,F,P,G,P,R,G,E,P,G,P,P,G,Q,T,G,P,E,G,P,G,G,Q,Q,G,S,P,G,T,Q,G,R,T,V,Q,G,P,V,G,P,P,G,V,K,G,E,K,G,D,H,G,A,P,G,L,Q,G,H,P,G,H,Q,G,P,P,G,K,V,G,L,Q,G,P,G,M,R,G,L,E,G,S,A,G,L,P,G,P,P,G,P,F,Q,G,T,A,G,A,R,G,S,G,G,Q,R,G,L,P,G,P,V,G,L,G,L,P,G,P,K,G,E,R,G,E,K,H,V,L,K,F,-,-,-,H,E,S,A,R,P,P,R,P,I,L,Q,A,L,G,H,P,-,-,-,-,-,-,-,-,S,S,H,G,E,A,W,L,G,G,R,D,G,P,H,P
Fukomys_damarensis,C,L,W,L,W,L,G,A,I,L,A,H,G,Q,-,G,G,R,L,K,L,A,V,L,P,E,D,R,L,Q,M,K,W,R,E,P,Q,G,G,G,L,G,Y,L,V,Q,V,K,P,I,A,G,D,S,E,Q,E,V,M,L,T,T,K,T,P,K,A,T,V,G,G,L,S,P,S,K,G,Y,V,L,Q,I,F,E,L,T,G,S,E,P,I,L,L,V,R,R,E,F,V,I,K,D,L,K,S,N,A,L,G,R,N,G,Q,R,P,M,G,A,-,A,L,M,P,T,P,F,H,V,G,G,P,D,P,K,Q,T,P,E,P,R,I,A,F,V,P,S,Q,Q,P,P,T,L,A,G,P,Q,F,R,C,T,P,P,T,P,T,D,M,V,F,L,V,D,G,S,W,S,I,G,H,S,H,F,Q,L,V,K,D,F,L,A,S,I,I,S,P,F,E,I,G,P,D,Q,V,Q,V,G,L,T,Q,Y,S,G,D,P,Q,T,E,W,D,L,N,S,F,R,T,R,E,E,V,L,A,A,V,R,S,L,R,Y,K,G,G,N,T,F,T,G,L,A,L,S,H,V,L,G,H,N,L,S,P,A,A,G,L,R,P,E,A,A,H,L,V,I,L,V,T,D,G,K,S,Q,D,D,V,H,V,A,A,H,T,L,E,G,L,D,V,D,V,F,T,V,G,V,K,N,A,D,E,A,E,L,R,L,L,A,S,E,P,Q,D,I,T,V,H,N,V,L,D,F,P,Q,L,A,A,L,S,G,L,L,S,R,L,I,C,Q,K,V,Q,G,R,S,L,S,R,A,P,A,A,P,A,L,D,T,L,P,A,P,T,S,L,V,V,S,Q,I,T,S,S,S,I,R,L,S,W,S,P,A,P,Q,P,P,L,K,Y,L,I,V,W,R,P,S,R,G,G,V,H,H,E,V,V,L,E,G,P,A,A,S,A,E,L,R,N,L,S,S,S,T,E,Y,S,V,S,V,L,P,V,Y,E,G,G,V,G,E,G,L,Q,G,L,V,T,T,A,P,L,P,P,P,R,A,L,T,L,A,A,V,T,P,R,T,L,R,L,T,W,Q,S,S,A,G,A,R,K,Y,L,V,R,C,S,P,A,S,P,K,G,G,E,K,G,R,E,V,Q,V,G,Q,P,E,V,L,L,D,G,L,E,P,G,R,D,Y,V,V,S,V,Q,S,L,R,G,P,E,A,S,E,A,R,G,V,H,A,R,T,P,A,L,A,P,A,R,H,L,G,F,S,D,V,S,H,D,S,A,R,V,T,W,E,G,T,Q,R,P,T,H,L,V,R,V,S,Y,V,S,S,D,G,G,H,T,G,Q,K,E,A,P,G,N,A,T,S,A,T,L,G,P,L,L,S,S,T,T,Y,T,V,R,V,T,T,L,H,V,G,G,S,P,S,T,L,T,G,R,V,T,T,G,K,A,P,S,P,S,Q,L,S,V,A,E,L,P,G,D,T,V,R,L,T,W,A,A,A,A,P,S,S,V,L,V,Y,Q,I,K,W,T,P,L,G,E,G,K,A,H,E,I,S,V,P,G,T,L,N,T,A,V,L,P,G,L,G,R,H,T,E,Y,E,I,T,I,L,A,Y,Y,R,D,G,A,R,S,D,P,V,S,L,H,Y,T,P,S,A,V,S,R,S,P,P,S,G,L,T,L,S,L,E,T,P,N,S,L,Q,V,S,W,T,P,P,S,G,P,V,L,H,Y,R,L,S,Y,A,P,A,S,G,L,G,P,E,K,S,I,S,V,P,G,H,R,S,H,V,T,L,P,D,L,L,A,A,T,K,Y,S,V,Q,V,S,A,V,Y,G,V,G,E,S,V,A,V,S,A,I,G,R,T,A,A,C,P,A,L,R,W,N,G,S,L,P,G,F,D,L,M,L,A,F,G,L,V,E,K,E,Y,A,S,N,R,G,V,A,M,E,P,S,A,W,G,G,T,P,T,F,T,L,F,K,D,A,Q,L,T,R,R,A,D,V,H,P,A,S,E,H,T,I,V,F,L,V,R,L,L,P,E,T,P,R,E,A,F,A,L,W,Q,M,T,T,E,D,F,Q,P,V,L,G,V,L,L,D,A,S,R,K,S,L,T,Y,F,T,H,N,P,R,A,A,L,Q,E,V,T,F,D,L,Q,E,V,K,K,I,F,F,G,S,F,H,K,V,H,V,A,V,G,H,A,K,V,R,L,Y,V,D,C,R,K,V,A,E,R,P,L,G,E,A,G,R,S,P,I,T,G,F,V,T,L,G,R,L,A,K,A,R,G,P,R,S,S,S,A,T,F,Q,L,Q,M,L,Q,I,L,C,S,D,T,W,A,D,E,D,R,C,C,E,L,P,A,S,K,D,K,E,T,C,P,A,F,S,P,A,C,S,C,S,S,D,S,T,G,P,P,G,P,Q,G,P,P,G,L,P,G,R,N,G,A,S,G,Q,Q,G,L,P,G,P,K,G,E,P,G,P,P,G,Q,T,G,P,E,G,P,G,G,Q,Q,G,L,P,G,T,Q,G,R,A,I,Q,G,P,V,G,P,P,G,V,K,G,E,K,G,D,Y,G,L,P,G,L,Q,G,H,P,G,Q,Q,G,A,P,G,R,V,G,L,Q,G,P,G,M,R,G,L,E,G,P,A,G,L,P,G,P,P,G,P,F,Q,G,L,A,G,A,R,G,T,S,G,E,R,G,P,P,G,A,V,G,P,G,L,P,G,P,K,G,E,R,G,E,K,H,L,L,K,L,D,S,F,H,E,N,T,R,P,P,M,P,I,L,V,E,R,A,E,P,G,R,P,P,L,G,T,P,-,-,-,-,-,-,-,-,-,-,-,-,-,-,-,-
Galeopterus_variegatus,P,L,G,F,Y,L,G,A,A,L,G,H,G,Q,-,-,-,-,-,-,-,-,-,-,-,-,-,-,-,-,-,-,-,-,-,-,-,-,-,-,-,-,-,-,-,-,-,-,-,-,-,-,-,-,-,-,-,-,-,-,-,-,-,-,-,-,-,-,-,-,-,-,-,-,-,-,-,-,-,-,-,-,-,-,-,-,-,-,-,-,-,-,-,-,-,-,-,-,-,-,-,-,-,-,-,-,-,-,-,-,-,-,-,-,-,-,G,Q,-,-,-,-,-,-,-,-,-,-,-,-,-,-,-,-,-,-,-,-,-,-,-,-,-,-,-,-,-,-,-,-,-,-,A,G,P,Q,F,H,C,T,H,P,M,P,A,D,M,V,F,L,V,Y,G,S,W,S,T,G,H,S,H,F,Q,Q,V,K,D,F,L,A,S,V,T,E,S,F,E,I,G,P,D,K,V,Q,L,G,L,T,Q,Y,I,G,D,P,Q,T,E,W,D,L,N,S,L,S,T,K,E,E,V,L,V,T,M,R,R,L,R,Y,K,G,G,N,A,L,P,G,L,T,L,T,H,V,L,G,Q,N,L,K,P,A,A,G,L,H,P,E,A,A,K,V,V,I,L,V,T,D,G,K,S,Q,D,G,M,H,T,A,A,R,V,L,R,H,P,G,V,N,V,F,S,V,G,-,-,-,-,-,E,A,E,L,K,L,L,A,S,W,P,L,D,L,T,V,Q,H,M,L,D,F,P,Q,L,H,T,-,A,G,L,L,S,H,L,V,C,Q,K,V,Q,G,R,S,P,Q,R,L,A,A,A,P,A,L,H,P,L,P,A,P,T,S,L,V,L,T,H,V,T,S,S,S,V,H,L,F,W,T,P,A,P,Q,P,P,L,K,Y,L,I,M,R,W,P,S,S,G,G,T,P,R,E,V,V,Q,E,G,P,A,S,S,T,E,L,H,N,L,T,S,S,T,K,Y,L,V,S,V,F,P,V,Y,K,G,G,V,S,E,G,L,W,G,L,V,T,T,A,P,L,P,P,P,R,V,L,T,L,A,A,V,T,P,R,S,A,R,L,T,W,Q,P,S,A,R,A,S,Q,Y,L,V,Q,C,R,P,T,S,P,K,G,E,Q,E,G,R,E,V,Q,V,-,-,-,-,-,-,-,-,-,-,-,-,G,R,G,Y,K,V,S,V,Q,S,L,R,G,S,E,A,S,E,A,Q,G,I,H,T,R,T,P,I,L,H,P,P,K,H,L,H,F,S,D,M,S,H,D,S,A,R,V,V,W,E,G,S,L,R,P,L,R,L,V,R,V,S,-,V,S,S,E,D,G,L,S,G,Q,T,E,P,P,G,N,A,T,S,A,T,L,G,P,L,S,S,L,T,T,Y,T,V,H,I,I,C,L,Y,P,K,G,G,S,S,T,L,T,G,H,V,T,T,K,K,A,P,I,P,S,Q,W,S,V,T,E,L,Q,G,D,K,V,-,-,-,W,L,A,A,T,S,S,G,V,L,V,Y,Q,S,K,W,M,P,L,G,E,G,K,-,-,-,I,S,V,P,G,N,L,S,T,V,V,L,S,G,-,G,R,H,A,A,Y,E,V,T,I,L,A,Y,Y,R,D,E,S,C,S,D,P,V,S,L,H,Y,A,P,H,T,V,S,R,S,P,H,S,R,P,A,L,A,L,E,T,P,N,S,L,Q,V,S,G,T,P,P,S,G,H,V,L,H,Y,R,L,T,Y,A,Q,A,S,G,L,G,P,E,K,S,I,S,V,L,G,P,R,R,L,V,T,L,P,S,L,L,A,A,T,K,Y,R,I,L,V,S,-,I,Y,A,A,G,E,S,M,T,V,S,A,M,G,Q,T,-,A,C,L,A,L,H,P,D,I,S,L,P,G,F,D,P,I,V,A,F,S,L,V,E,K,E,Y,A,S,I,R,G,V,A,M,E,P,S,L,L,G,V,T,R,T,F,T,L,F,K,D,T,Q,L,M,R,R,A,-,-,-,-,-,-,E,H,T,I,V,F,L,V,R,L,L,P,E,T,P,R,E,A,F,A,L,W,Q,I,M,A,E,D,F,Q,P,T,L,R,V,L,L,D,A,G,R,K,S,L,T,Y,F,N,H,D,T,M,A,A,L,Q,E,V,T,F,N,L,Q,E,V,K,R,L,F,F,G,S,F,H,K,V,H,V,A,-,S,C,S,K,V,R,L,Y,M,D,C,R,R,V,A,E,R,P,I,G,D,G,G,I,P,P,T,T,G,F,V,M,L,G,R,L,A,K,A,R,G,P,Q,S,S,S,A,M,F,Q,L,Q,T,L,Q,I,M,C,S,D,T,W,A,D,K,D,R,C,C,E,L,S,V,M,R,D,G,E,T,C,P,A,F,P,S,A,C,V,C,S,S,E,T,P,W,P,L,G,P,Q,G,P,L,G,P,P,G,R,T,D,T,P,E,E,Q,G,F,P,G,P,R,-,-,-,-,-,-,-,-,-,-,-,-,-,-,-,-,-,-,-,-,-,-,-,-,-,-,-,-,-,-,-,-,S,P,S,G,V,K,E,E,K,G,D,H,G,L,P,G,L,Q,G,H,P,G,Y,Q,G,S,P,G,K,V,G,L,Q,G,P,G,M,R,G,L,E,G,T,A,G,L,P,S,P,P,A,P,F,Q,G,M,A,G,A,R,G,T,S,G,E,-,G,S,P,G,A,M,G,P,G,L,L,G,P,K,G,D,-,G,E,K,H,M,L,R,L,N,S,F,Q,E,N,A,R,P,P,M,P,I,M,E,-,-,-,-,-,-,-,-,-,-,-,-,-,-,-,-,-,-,-,-,-,-,-,-,-,-,-,-,-
Gracilinanus_agilis,-,-,-,-,-,-,-,-,-,-,-,-,-,-,-,-,-,-,-,-,-,-,-,-,-,-,-,-,-,-,-,-,-,-,-,-,-,-,-,-,-,-,-,-,-,-,-,-,-,-,-,-,-,-,-,-,-,-,-,-,-,-,-,-,-,-,-,-,-,-,-,-,-,-,-,-,-,-,-,-,-,-,-,-,-,-,-,-,-,-,-,-,-,-,-,-,-,-,-,-,-,-,-,-,-,-,-,-,-,-,-,-,-,-,-,-,-,-,-,-,-,-,-,-,-,-,-,-,-,-,-,-,-,-,-,-,-,-,-,-,-,-,-,-,-,-,-,-,-,-,-,-,-,-,-,-,-,-,-,-,-,-,-,-,-,-,-,-,-,-,-,-,-,-,-,-,-,-,-,-,-,-,-,-,-,-,-,-,-,-,-,-,-,-,-,-,-,-,-,-,-,-,-,-,-,-,-,-,-,-,-,-,-,-,-,-,-,-,-,-,-,-,-,-,-,-,-,-,-,-,-,-,-,-,-,-,-,-,-,-,-,-,-,-,-,-,-,-,-,-,-,-,-,-,-,-,-,-,-,-,-,-,-,-,-,-,-,-,-,-,-,-,-,-,-,-,-,-,-,-,-,-,-,-,-,-,-,-,-,-,-,-,-,-,-,-,-,-,-,-,-,-,-,-,-,-,-,-,-,-,-,-,-,-,-,-,-,-,-,-,-,-,-,-,-,-,-,-,-,-,-,-,-,-,-,-,-,-,-,-,-,-,-,-,-,-,-,-,-,-,-,-,-,-,-,-,-,-,-,-,-,-,-,-,-,-,-,-,-,-,-,-,-,-,-,-,-,-,-,-,-,-,-,-,-,-,-,-,-,-,-,-,-,-,-,-,-,-,-,-,-,-,-,-,-,-,-,-,-,-,-,-,-,-,-,-,-,-,-,-,-,-,-,-,-,-,-,-,-,-,-,-,-,-,-,-,-,-,-,-,-,-,-,-,-,-,-,-,-,-,-,-,-,-,-,-,-,-,-,-,-,-,-,-,-,-,-,-,-,-,-,-,-,-,-,-,-,-,-,-,-,-,-,-,-,-,-,-,-,-,-,-,-,-,-,-,-,-,-,-,-,-,-,-,-,-,-,-,-,-,-,-,-,-,-,-,-,-,-,-,-,-,-,-,-,-,-,-,-,-,-,-,-,-,-,-,-,-,-,-,-,-,-,-,-,-,-,-,-,-,-,-,-,-,-,-,-,-,-,-,-,-,-,-,-,-,-,-,-,-,-,-,-,-,-,-,-,-,-,-,-,-,-,-,-,-,-,-,-,-,-,-,-,-,-,-,-,-,-,-,-,-,-,-,-,-,-,-,-,-,-,-,-,-,-,-,-,-,-,-,-,-,-,-,-,-,-,-,-,-,-,-,-,-,-,-,-,-,-,-,-,-,-,-,-,-,-,-,-,-,-,-,-,-,-,-,-,-,-,-,-,-,-,-,-,-,-,-,-,-,-,-,-,-,-,-,-,-,-,-,-,-,-,-,-,-,-,-,-,-,-,-,-,-,-,-,-,-,-,-,-,-,-,-,-,-,-,-,-,-,-,-,-,-,-,-,-,-,-,-,-,-,-,-,-,-,-,-,-,-,-,-,-,-,-,-,-,-,-,-,-,-,-,-,-,-,-,-,-,-,-,-,-,-,-,-,-,-,-,-,-,-,-,-,-,-,-,-,-,-,-,-,-,-,-,-,-,-,-,-,-,-,-,-,-,-,-,-,-,-,-,-,-,-,-,-,-,-,-,-,-,-,-,-,-,-,-,-,-,-,-,-,-,-,-,-,-,-,-,-,-,-,-,-,-,-,-,-,-,-,-,-,-,-,-,-,-,-,-,-,-,-,-,-,-,-,-,-,-,-,-,-,-,-,-,-,-,-,-,-,-,-,-,-,-,-,-,-,-,-,-,-,-,-,-,-,-,-,-,-,-,-,-,-,-,-,-,-,-,-,-,-,-,-,-,-,-,-,-,-,-,-,-,-,-,-,-,-,-,-,-,-,-,-,-,-,-,-,-,-,-,-,-,-,-,-,-,-,-,-,-,-,-,-,-,-,-,-,-,-,-,-,-,-,-,-,-,-,-,-,-,-,-,-,-,-,-,-,-,-,-,-,-,-,-,-,-,-,-,-,-,-,-,-,-,-,-,-,-,-,-,-,-,-,-,-,-,-,-,-,-,-,-,-,-,-,-,-,-,-,-,-,-,-,-,-,-,-,-,-,-,-,-,-,-,-,-,-,-,-,-,-,-,-,-,-,-,-,-,-,-,-,-,-,-,-,-,-,-,-,-,-,-,-,-,-,-,-,-,-,-,-,-,-,-,-,-,-,-,-,-,-,-,-,-,-,-,-,-,-,-,-,-,-,-,-,-,-,-,-,-,-,-,-,-,-,-,-,-,-,-,-,-,-,-,-,-,-,-,-,-,-,-,-,-,-,-,-,-,-,-,-,-,-,-,-,-,-,-,-,-,-,-,-,-,-,-,-,-,-,-,-,-,-,-,-,-,-,-,-,-,-,-,-,-,-,-,-,-,-,-,-,-,-,-,-,-,-,-,-,-,-,-,-,-,-,-,-,-,-,-,-,-,-,-,-,-,-,-,-,-,-,-,-,-,-,-,-,-,-,-,-,-,-,-,-,-,-,-,-,-,-,-,-,-,-,-,-,-,-,-,-,-,-,-,-,-,-,-,-,-,-,-,-,-,-,-,-,-,-,-,-,-,-,-,-,-,-,-,-,-,-,-,-,-,-,-,-
Grammomys_surdaster,C,L,W,M,F,L,G,T,T,L,A,L,G,Q,V,S,S,R,L,R,L,A,V,L,P,E,D,Q,L,Q,M,K,W,R,E,T,E,G,S,G,L,G,Y,L,V,Q,V,T,P,M,A,G,D,L,E,Q,E,L,I,L,T,T,K,T,P,K,A,T,V,G,G,L,S,P,S,K,S,Y,T,L,Q,I,F,E,L,T,D,S,E,P,V,L,L,A,R,R,E,F,V,I,E,D,L,K,S,Q,S,L,G,R,G,S,R,R,L,A,G,A,-,T,L,E,P,T,-,-,-,-,-,-,-,-,-,-,-,-,-,-,-,-,-,-,-,-,-,-,-,-,-,-,-,-,-,-,P,Q,F,Q,C,T,P,P,T,P,A,D,I,I,F,L,V,D,G,S,W,S,I,G,H,N,H,F,Q,Q,V,K,D,F,L,A,S,I,I,T,H,F,A,I,G,P,D,K,V,Q,V,G,L,T,Q,Y,S,G,D,P,Q,T,E,W,D,L,N,S,F,H,T,K,E,Q,V,L,A,A,V,H,N,L,R,Y,K,G,G,N,T,F,T,G,L,A,L,T,H,V,L,E,Q,N,M,K,P,A,S,G,V,R,A,E,A,A,K,V,L,I,L,V,T,D,G,K,S,Q,D,D,V,R,T,A,A,R,I,L,K,D,Q,D,I,D,V,F,V,V,G,V,K,N,V,D,E,A,E,L,K,L,L,A,S,Q,P,L,D,I,T,V,H,N,V,L,D,F,P,Q,L,A,T,L,A,P,L,L,S,R,L,I,C,Q,K,I,Q,G,-,-,-,-,-,A,A,G,T,R,V,L,D,P,L,P,M,P,T,K,L,I,M,T,H,S,T,S,S,S,I,H,L,S,W,T,P,A,L,Y,Q,P,L,K,Y,L,I,V,W,Q,P,S,R,G,G,A,P,K,E,V,V,V,E,G,P,V,S,S,V,D,L,G,N,L,T,S,N,T,E,Y,L,I,S,V,L,P,V,Y,E,S,G,V,G,R,S,L,Q,G,R,A,A,T,A,P,L,P,P,P,G,P,P,T,L,A,A,V,T,P,R,T,L,H,I,T,W,P,P,S,A,G,A,T,Q,Y,L,V,R,Y,L,L,A,A,S,T,G,E,E,Q,K,K,E,V,H,V,G,Q,P,E,V,L,L,N,G,L,E,P,G,Q,D,Y,E,V,S,V,Q,S,L,R,G,P,E,A,S,E,A,Q,S,I,R,A,R,T,S,V,L,G,P,P,R,H,L,S,F,S,D,V,R,Y,N,S,T,C,V,S,W,E,A,-,Q,R,P,L,R,L,V,K,V,S,Y,V,S,S,D,G,S,H,S,G,Q,T,Q,V,P,G,N,V,T,S,A,I,L,G,P,L,S,S,S,T,M,Y,T,I,Q,V,T,C,F,Y,L,R,G,G,S,S,V,L,T,G,H,V,T,T,K,K,A,P,S,P,S,Q,L,S,V,M,E,L,P,G,D,A,V,K,L,T,W,L,A,T,A,L,S,G,V,L,V,Y,Q,I,K,W,M,P,L,G,E,G,K,A,H,E,I,S,V,P,G,T,L,G,T,A,I,L,P,G,L,M,K,H,V,E,Y,E,I,T,I,L,A,Y,F,R,D,G,T,R,S,D,P,V,S,L,R,Y,T,P,S,A,A,N,R,S,P,P,S,S,L,A,L,S,S,E,T,P,N,S,L,Q,V,S,W,T,P,P,S,G,H,V,L,H,Y,R,L,N,Y,A,L,A,S,G,S,G,P,E,K,L,I,S,V,P,S,T,R,S,H,V,V,L,R,D,L,M,S,A,T,K,Y,R,V,L,V,S,A,V,Y,G,A,G,E,S,M,A,V,S,A,T,Y,R,T,A,A,C,P,A,L,H,P,D,S,S,L,S,G,F,D,L,M,V,A,F,G,L,V,A,K,E,Y,A,S,I,R,G,V,A,M,E,P,S,A,L,G,V,A,P,T,F,T,L,F,K,D,A,Q,L,M,R,R,V,D,I,Y,P,A,T,E,H,T,I,V,F,L,V,R,L,L,P,E,T,P,R,E,A,F,G,L,W,Q,M,I,A,E,D,F,Q,P,I,L,G,V,L,L,D,A,G,R,K,S,L,T,Y,F,N,H,D,S,R,G,A,L,Q,E,V,T,F,D,L,Q,D,A,K,K,I,F,F,G,S,F,H,K,V,H,I,A,V,G,H,S,K,V,R,L,Y,V,D,C,R,K,V,A,E,R,P,I,G,D,A,G,S,P,P,T,A,G,F,I,T,L,G,R,L,A,K,A,R,G,P,R,S,S,S,A,T,F,Q,L,Q,M,L,Q,I,V,C,S,D,T,W,A,D,K,D,R,C,C,E,L,P,A,L,R,D,G,E,T,C,P,A,F,P,S,A,C,A,Y,S,S,E,T,P,G,P,P,G,P,Q,G,P,P,G,L,P,G,R,D,G,T,P,G,Q,Q,G,H,P,G,P,K,G,E,P,G,P,P,G,Q,T,G,P,E,G,P,G,G,Q,Q,G,S,P,G,T,Q,G,R,A,V,Q,G,P,M,G,P,P,G,A,K,G,E,K,G,D,H,G,L,P,G,L,Q,G,L,S,G,Q,Q,G,I,P,G,K,T,G,L,Q,G,P,G,M,R,G,L,E,G,P,A,G,L,P,G,P,P,G,P,F,Q,G,L,A,G,A,R,G,T,N,G,E,R,G,P,P,G,A,V,G,P,G,L,P,G,S,K,G,E,R,G,E,K,H,V,L,K,L,N,S,F,H,E,N,A,R,P,P,M,P,-,-,-,-,-,-,-,-,-,-,-,-,-,-,-,-,-,-,-,-,E,A,L,L,W,G,H,I,L,H,P,-
Heterocephalus_glaber,C,L,W,L,W,L,G,A,I,S,T,R,G,Q,G,G,G,R,L,R,L,A,V,L,P,E,D,R,L,Q,M,K,W,R,D,L,Q,G,G,G,L,G,Y,L,V,Q,V,K,P,M,A,G,D,S,E,Q,E,V,M,L,T,T,K,T,P,K,A,T,V,G,G,L,S,P,S,K,G,Y,I,L,Q,I,F,E,L,T,G,S,E,P,T,L,L,V,R,R,E,F,V,I,K,D,L,K,S,K,P,L,S,R,S,G,Q,R,P,P,G,T,-,A,L,K,P,L,P,S,H,M,G,G,P,G,P,K,Q,T,P,E,P,S,I,T,F,V,P,S,Q,E,P,P,V,L,A,G,P,Q,F,R,C,T,P,P,T,P,T,D,M,V,F,L,V,D,G,S,W,S,V,G,H,S,H,F,Q,L,V,K,D,F,L,A,S,V,I,S,P,F,E,I,G,P,N,Q,V,Q,V,G,L,T,Q,Y,S,G,D,P,Q,T,E,W,D,L,N,S,F,R,T,R,E,E,V,L,A,A,V,H,S,L,R,Y,K,G,G,N,T,F,T,G,L,A,L,S,H,V,L,G,Y,N,L,K,P,A,A,G,L,R,A,E,A,A,H,L,V,I,L,V,T,D,G,K,S,Q,D,D,V,H,A,A,A,H,T,L,Q,G,L,D,V,E,V,F,T,V,G,V,K,N,A,D,E,A,E,L,K,L,L,A,S,Q,P,Q,D,I,T,V,H,N,V,L,D,F,P,Q,L,A,T,L,A,G,L,L,S,R,L,I,C,Q,Q,V,Q,G,W,N,L,S,R,-,-,A,A,P,A,L,D,T,L,P,V,P,T,S,L,V,V,T,Q,V,T,S,S,S,I,R,L,S,W,S,P,A,P,Q,P,P,L,K,Y,L,I,V,W,R,P,S,R,G,G,V,H,R,E,V,V,V,E,G,P,A,A,S,T,E,L,R,N,L,S,S,S,T,E,Y,L,V,S,V,L,P,V,Y,E,A,G,V,G,E,G,L,Q,G,L,A,T,T,A,P,L,P,P,P,R,A,L,T,L,A,A,V,T,P,R,T,L,R,L,T,W,Q,P,S,A,G,A,R,Q,Y,L,V,R,C,S,P,A,F,P,K,G,G,E,E,E,I,E,V,R,V,G,Q,P,E,V,L,L,D,G,L,E,P,G,R,D,Y,M,V,S,V,Q,S,L,Q,G,P,E,A,S,E,A,R,G,V,H,A,R,T,P,A,L,A,P,P,R,H,L,G,F,S,D,V,S,H,D,S,A,R,V,T,W,E,G,T,Q,R,P,T,Y,L,V,R,V,S,Y,I,S,S,D,G,G,H,S,G,Q,K,E,A,P,G,N,A,T,S,A,T,L,G,P,L,S,S,S,T,T,Y,T,V,R,V,T,S,V,H,R,G,G,S,S,S,T,L,T,G,Q,V,T,T,G,K,V,P,S,P,S,Q,L,S,V,T,E,L,P,G,N,A,V,R,L,T,W,A,A,S,A,P,T,G,V,L,V,Y,Q,I,K,W,T,P,L,G,E,G,K,A,H,E,I,S,V,P,G,T,L,S,T,A,V,L,P,G,L,G,R,H,E,E,Y,E,I,T,I,L,A,Y,Y,R,D,G,A,R,S,D,P,V,S,L,H,Y,T,P,P,A,V,S,R,S,P,P,S,G,L,T,L,S,L,E,T,P,N,S,L,H,V,S,W,T,P,P,S,G,P,V,L,H,Y,R,V,T,Y,A,P,A,S,G,S,G,P,E,K,S,I,S,V,A,G,H,R,G,Q,A,T,L,P,D,L,L,A,A,T,K,Y,K,V,L,V,S,A,V,Y,A,V,G,E,S,V,A,V,S,A,T,G,R,T,A,A,C,P,A,L,R,W,N,S,S,L,P,G,F,D,L,M,L,A,F,G,L,V,E,K,E,Y,A,S,I,R,G,V,A,M,E,P,S,P,W,G,G,T,P,T,F,T,L,F,K,D,A,Q,L,T,R,R,A,D,I,H,A,A,A,E,H,T,I,V,F,L,L,R,L,L,P,E,A,P,R,E,A,F,A,L,W,Q,M,T,A,E,D,F,Q,P,V,L,G,I,L,L,D,A,S,R,K,S,L,T,Y,F,N,H,D,P,R,A,A,L,Q,E,V,T,F,D,L,Q,E,V,K,K,I,F,F,G,S,F,H,K,V,H,V,A,V,G,R,T,K,V,R,L,Y,V,D,C,R,K,V,A,E,R,P,M,G,E,A,G,R,S,P,I,T,G,F,V,T,L,G,R,L,A,K,A,R,G,P,R,S,S,S,A,T,F,Q,L,Q,M,L,Q,I,L,C,S,D,T,W,A,D,E,D,G,C,C,E,L,P,A,L,R,D,K,E,T,C,P,A,F,S,S,A,C,S,C,S,S,D,T,T,G,P,P,G,P,Q,G,P,P,G,P,P,G,R,N,G,T,P,G,Q,Q,G,L,P,G,P,K,G,E,P,G,P,P,G,Q,T,G,P,E,G,P,G,G,Q,Q,G,S,P,G,T,Q,G,R,A,I,Q,G,P,V,G,P,P,G,V,K,G,E,K,G,D,H,G,L,P,G,L,Q,G,H,P,G,Q,Q,G,A,P,G,R,V,G,L,Q,G,P,G,T,R,G,L,E,G,P,A,G,L,P,G,P,P,G,P,F,Q,G,S,A,G,A,R,G,T,N,G,E,R,G,P,P,G,A,V,G,P,G,L,P,G,P,K,G,E,R,G,E,K,H,V,L,K,L,D,S,F,H,E,N,S,R,P,P,M,P,I,L,V,E,T,V,E,P,G,R,P,P,L,G,T,P,S,L,R,S,K,A,S,L,Q,G,R,R,D,H,R,P
Hyaena_hyaena,G,L,W,L,W,L,A,V,A,V,G,L,S,Q,-,S,S,R,L,R,L,A,V,L,P,E,D,R,L,Q,M,K,W,W,E,S,E,G,N,S,L,G,Y,L,V,Q,V,K,P,M,A,G,D,A,E,Q,D,V,M,L,T,T,K,A,P,K,A,T,V,G,G,L,S,P,S,K,G,Y,T,L,Q,I,F,V,L,T,S,S,G,T,T,L,L,A,Q,R,E,F,V,I,E,E,L,K,S,H,S,V,S,R,S,S,R,R,P,A,G,A,-,A,L,E,P,T,P,A,H,V,G,S,P,A,P,-,-,-,-,E,P,P,V,A,L,S,P,S,Q,D,P,P,T,P,A,S,P,Q,F,R,C,T,P,T,M,P,V,D,M,I,F,L,V,D,G,S,W,S,I,G,H,S,H,F,Q,Q,V,K,D,F,L,A,S,V,I,E,P,F,D,I,G,P,D,K,V,Q,V,G,L,T,Q,Y,S,G,D,P,Q,T,E,W,D,L,N,T,F,G,T,K,E,D,V,L,T,A,V,R,S,L,R,Y,K,G,G,N,T,F,T,G,L,A,L,T,H,V,L,E,Q,N,L,K,P,G,V,G,P,R,P,E,A,A,T,V,V,I,L,V,T,D,G,K,S,Q,D,D,A,P,A,A,G,R,V,L,K,D,L,G,V,D,I,F,A,V,G,V,K,N,A,D,E,A,E,L,Q,L,L,A,S,Q,P,L,D,L,T,V,H,N,V,Q,D,F,P,Q,L,G,T,L,A,G,L,L,S,C,L,I,C,Q,K,V,Q,G,R,S,-,-,-,-,-,-,-,-,-,-,D,A,L,F,T,P,T,S,L,V,V,T,Q,V,T,S,S,S,I,H,L,S,W,T,P,G,P,Q,L,P,L,K,Y,R,I,V,W,Q,P,S,R,G,G,A,P,R,E,A,V,V,E,G,P,T,S,S,V,E,L,H,N,L,T,A,G,T,E,Y,L,V,S,V,F,P,V,L,K,A,G,L,G,E,G,L,R,H,L,V,T,T,A,P,L,P,P,P,Q,E,L,T,L,G,A,V,T,P,R,T,I,R,L,A,W,Q,P,S,A,G,A,T,Q,Y,L,V,R,C,L,S,A,S,A,K,G,Q,E,E,G,R,E,V,R,V,E,Q,P,E,V,L,L,D,G,L,E,P,G,R,D,Y,D,V,W,V,Q,S,L,R,G,P,E,A,S,E,A,R,G,I,R,A,R,T,S,T,L,T,P,P,R,H,L,G,F,S,D,V,S,H,D,S,A,R,V,F,W,E,G,I,S,K,P,V,R,L,F,R,I,S,F,I,S,S,E,G,S,H,S,G,Q,V,E,A,P,G,S,A,T,S,A,T,L,S,A,L,S,S,A,T,A,Y,S,V,R,V,T,C,L,Y,P,G,G,S,S,S,T,L,T,G,R,L,T,T,R,K,V,P,S,P,S,Q,L,L,V,T,E,L,P,G,D,E,V,Q,L,E,W,T,A,A,A,A,S,G,V,L,V,Y,Q,I,K,W,M,P,L,G,D,R,K,A,R,E,I,S,V,P,G,T,R,R,M,A,V,L,P,G,L,R,S,R,L,E,Y,E,I,T,V,R,A,C,Y,R,G,G,A,R,S,D,P,V,S,L,R,Y,S,P,-,-,S,H,R,S,P,P,S,D,L,A,L,A,S,D,S,P,G,S,L,R,V,S,W,T,P,P,S,G,H,V,L,H,Y,R,L,T,Y,A,L,A,S,G,L,G,L,E,K,S,I,S,V,P,G,P,S,S,H,V,T,L,P,N,L,L,A,A,S,K,Y,R,V,L,V,S,A,V,Y,R,G,G,E,S,E,A,V,S,A,V,G,H,T,A,A,C,P,A,L,S,P,D,G,S,L,P,G,F,D,L,M,A,A,F,G,L,V,E,K,E,Y,A,S,I,R,G,V,A,M,E,P,S,A,L,G,R,S,K,T,F,T,L,F,K,D,A,Q,L,T,R,R,A,D,T,Q,L,A,A,E,H,T,V,V,F,L,L,R,L,L,P,E,T,P,R,E,P,F,A,L,W,Q,M,T,A,E,D,L,Q,P,V,L,G,V,L,L,D,A,G,R,K,S,L,T,Y,F,N,H,D,P,R,A,T,L,Q,E,V,T,F,D,Q,P,E,V,R,R,I,F,F,G,S,F,H,K,V,H,V,A,V,G,R,S,K,V,R,L,Y,V,D,C,R,K,V,A,E,R,P,V,G,E,A,G,S,P,P,V,A,G,F,V,M,L,G,R,L,A,K,A,R,G,P,R,S,T,S,A,P,F,Q,L,Q,T,L,Q,I,V,C,S,D,S,W,A,E,E,D,T,C,C,E,L,P,A,S,K,A,G,D,T,C,P,A,F,S,S,S,C,A,C,S,S,Q,T,P,G,P,P,G,P,Q,G,P,P,G,L,P,G,R,N,G,V,P,G,E,Q,G,F,P,G,P,R,-,-,-,-,-,-,-,-,-,-,-,-,-,-,-,-,-,-,-,-,-,-,-,-,-,-,-,-,-,-,-,-,G,P,P,G,V,K,G,E,K,G,D,H,G,P,P,G,L,Q,G,H,P,G,H,Q,G,P,P,G,K,V,G,L,Q,G,P,G,M,R,G,L,E,G,S,A,G,L,P,G,P,P,G,P,F,Q,G,T,A,G,A,R,G,T,G,G,Q,R,G,P,P,G,A,V,G,L,G,L,P,G,P,K,G,E,R,G,E,K,H,V,L,K,F,-,-,-,H,E,S,A,R,P,P,R,P,I,L,H,-,-,-,-,-,-,-,-,-,-,-,-,-,S,T,H,G,E,A,W,L,G,G,Q,D,G,P,H,P
Jaculus_jaculus,C,L,W,M,W,L,G,T,T,L,V,H,G,Q,V,S,G,R,L,R,L,A,V,L,P,E,D,R,L,Q,M,K,W,R,E,A,E,G,S,G,L,G,Y,L,V,Q,V,K,P,M,A,G,N,S,E,Q,E,L,M,L,T,T,K,T,P,K,A,T,V,G,G,L,S,P,S,K,G,Y,T,L,Q,I,F,E,L,T,G,T,G,P,M,L,L,A,R,R,E,F,V,I,E,N,L,K,S,H,S,L,G,R,G,S,R,R,P,V,G,A,-,-,-,-,-,-,-,-,-,-,G,T,P,D,P,K,Q,A,P,E,P,S,I,T,F,T,L,S,Q,D,P,P,I,L,A,V,P,Q,F,H,C,T,P,P,T,P,A,D,M,V,F,L,V,D,G,S,W,S,I,G,H,S,H,F,Q,Q,V,K,D,F,L,A,S,V,I,E,P,F,E,I,G,P,D,K,V,Q,I,G,L,T,Q,Y,S,G,D,P,Q,T,E,W,D,L,N,S,F,H,T,G,E,Q,V,L,A,A,V,H,S,L,R,Y,K,G,G,N,T,F,T,G,L,A,L,T,H,V,L,R,Q,N,L,K,P,A,A,G,L,R,S,E,A,A,K,V,V,I,L,V,T,D,G,K,S,Q,D,D,V,H,T,A,A,H,V,L,R,D,L,D,I,D,V,F,V,V,G,V,K,N,A,D,E,A,E,L,K,L,L,A,S,Q,P,L,D,I,T,V,H,N,V,L,D,F,P,Q,L,A,T,L,A,G,L,L,S,R,L,I,C,Q,K,V,Q,G,R,N,L,S,R,A,S,T,G,P,T,L,H,P,F,L,A,P,T,N,L,V,L,T,H,V,T,S,S,N,I,H,L,S,W,T,P,A,P,H,A,P,L,K,Y,L,I,V,W,Q,P,S,S,G,G,A,P,K,E,V,E,V,E,G,S,A,S,S,T,K,L,C,N,L,T,S,S,T,E,Y,L,L,S,V,L,P,I,Y,K,G,G,V,G,E,G,L,Q,G,R,A,S,T,A,P,L,P,P,P,R,A,L,T,L,A,A,V,T,P,R,T,L,H,L,T,W,Q,P,S,A,G,A,T,Q,Y,L,V,R,Y,L,P,A,T,P,T,R,K,E,Q,R,R,E,V,Q,V,G,Q,P,E,V,L,L,E,G,L,E,P,G,R,N,Y,E,V,L,V,Q,S,L,R,G,P,E,A,S,E,A,R,A,I,Q,A,R,T,S,A,L,G,P,P,R,H,L,G,F,S,N,V,S,Y,N,S,A,G,V,S,W,E,A,-,Q,R,P,V,R,L,V,R,I,S,Y,I,S,S,D,G,S,H,S,G,Q,T,Q,V,P,G,N,A,T,S,A,T,L,V,P,L,S,S,S,T,M,Y,T,V,H,V,T,C,F,Y,V,G,G,G,S,S,M,L,T,G,H,V,T,T,R,K,A,P,S,P,S,Q,L,S,V,M,E,L,P,G,D,A,V,R,L,A,W,A,A,A,A,S,S,G,V,L,V,Y,Q,I,K,W,T,P,L,G,E,G,K,A,H,E,I,S,V,P,G,T,L,S,T,A,I,L,P,G,L,G,R,H,V,E,Y,E,I,T,I,L,A,Y,Y,R,D,G,T,R,S,D,P,V,S,L,R,Y,T,P,R,T,A,S,R,S,P,P,S,N,L,A,L,S,S,E,I,P,N,S,L,Q,V,S,W,T,P,P,S,G,H,V,L,H,Y,R,L,T,Y,A,L,A,S,G,S,G,P,E,K,S,I,S,V,P,G,P,R,S,H,I,T,L,P,D,L,L,T,A,T,K,Y,K,V,M,V,S,A,I,Y,G,A,G,E,S,V,A,V,S,A,T,G,H,T,A,A,C,P,A,L,R,P,D,S,S,L,P,G,F,D,L,M,V,A,F,G,L,V,A,K,E,F,A,S,I,Q,G,V,A,M,E,P,S,A,S,G,V,A,P,T,F,T,L,F,K,D,A,Q,L,I,R,R,A,D,I,H,P,A,A,E,Y,T,I,V,F,L,V,R,L,L,P,E,T,T,R,E,A,F,A,L,W,Q,I,T,D,E,D,F,Q,P,I,L,G,V,L,L,D,A,G,R,K,S,L,T,Y,F,N,H,D,P,R,A,A,L,Q,E,V,T,F,D,L,Q,E,A,R,K,I,F,F,G,S,F,H,K,V,H,V,A,V,G,R,A,K,V,R,L,Y,V,D,C,R,K,V,A,E,R,P,I,G,E,A,G,S,P,P,A,V,G,F,V,T,L,G,K,L,A,K,A,R,G,P,R,S,S,S,A,A,F,Q,L,Q,M,L,Q,I,V,C,S,G,A,W,A,D,K,D,R,C,C,E,L,A,A,S,R,D,G,E,T,C,P,A,F,P,S,A,C,T,C,S,S,E,T,A,G,P,P,G,P,R,G,P,P,G,L,P,G,K,N,G,T,P,G,E,Q,G,R,P,G,P,R,G,E,P,G,P,P,G,Q,T,G,P,E,G,P,G,G,Q,Q,G,S,P,G,N,H,G,R,T,V,Q,G,P,M,G,P,P,G,V,K,G,E,K,G,D,S,G,L,P,G,L,Q,G,L,P,G,Q,Q,G,T,P,G,R,A,G,L,Q,G,P,G,M,R,G,L,E,G,P,A,G,L,P,G,P,P,G,P,L,Q,G,L,A,G,A,R,G,I,N,G,E,P,G,P,P,G,A,V,G,P,G,L,P,G,P,K,G,E,R,G,E,K,H,M,L,K,L,N,S,F,H,E,N,A,R,P,P,M,P,I,L,V,E,T,S,K,T,S,R,-,S,L,G,S,P,G,S,R,S,E,A,F,L,E,W,H,E,G,H,P,-
Lemur_catta,-,-,-,-,-,-,-,-,-,-,-,-,-,-,-,-,-,-,-,-,-,-,-,-,-,-,-,-,-,-,-,-,-,-,-,-,-,-,-,-,-,-,-,-,-,-,-,-,-,-,-,-,-,-,-,-,-,-,-,-,-,-,-,-,-,-,-,-,-,-,-,-,-,-,-,-,-,-,-,-,-,-,-,-,-,-,-,-,-,-,-,-,-,-,-,-,-,-,-,-,-,-,-,-,-,-,-,-,-,-,-,-,-,-,-,-,-,-,-,-,-,-,-,-,-,-,-,-,-,-,-,-,-,-,-,-,-,-,-,-,-,-,-,-,-,-,-,-,-,-,-,-,-,-,-,-,-,-,-,-,-,-,-,-,-,-,-,-,-,-,-,-,-,-,-,-,-,-,-,-,-,-,-,-,-,-,-,-,-,-,-,-,-,-,-,-,-,-,-,-,-,-,-,-,-,-,-,-,-,-,-,-,-,-,-,-,-,-,-,-,-,-,-,-,-,-,-,-,-,-,-,-,-,-,-,-,-,-,-,-,-,-,-,-,-,-,-,-,-,-,-,-,-,-,-,-,-,-,-,-,-,-,-,-,-,-,-,-,-,-,-,-,-,-,-,-,-,-,-,-,-,-,-,-,-,-,-,-,-,-,-,-,-,-,-,-,-,-,-,-,-,-,-,-,-,-,-,-,-,-,-,-,-,-,-,-,-,-,-,-,-,-,-,-,-,-,-,-,-,-,-,-,-,-,-,-,-,-,-,-,-,-,-,-,-,-,-,-,-,-,-,-,-,-,-,-,-,-,-,-,-,-,-,-,-,-,-,-,-,-,-,-,-,-,-,-,-,-,-,-,-,-,-,-,-,-,-,-,-,-,-,-,-,-,-,-,-,-,-,-,-,-,-,-,-,-,-,-,-,-,-,-,-,-,-,-,-,-,-,-,-,-,-,-,-,-,-,-,-,-,-,-,-,-,-,-,-,-,-,-,-,-,-,-,-,-,-,-,-,-,-,-,-,-,-,-,-,-,-,-,-,-,-,-,-,-,-,-,-,-,-,-,-,-,-,-,-,-,-,-,-,-,-,-,-,-,-,-,-,-,-,-,-,-,-,-,-,-,-,-,-,-,-,-,-,-,-,-,-,-,-,-,-,-,-,-,-,-,-,-,-,-,-,-,-,-,-,-,-,-,-,-,-,-,-,-,-,-,-,-,-,-,-,-,-,-,-,-,-,-,-,-,-,-,-,-,-,-,-,-,-,-,-,-,-,-,-,-,-,-,-,-,-,-,-,-,-,-,-,-,-,-,-,-,-,-,-,-,-,-,-,-,-,-,-,-,-,-,-,-,-,-,-,-,-,-,-,-,-,-,-,-,-,-,-,-,-,-,-,-,-,-,-,-,-,-,-,-,-,-,-,-,-,-,-,-,-,-,-,-,-,-,-,-,-,-,-,-,-,-,-,-,-,-,-,-,-,-,-,-,-,-,-,-,-,-,-,-,-,-,-,-,-,-,-,-,-,-,-,-,-,-,-,-,-,-,-,-,-,-,-,-,-,-,-,-,-,-,-,-,-,-,-,-,-,-,-,-,-,-,-,-,-,-,-,-,-,-,-,-,-,-,-,-,-,-,-,-,-,-,-,-,-,-,-,-,-,-,-,-,-,-,-,-,-,-,-,-,-,-,-,-,-,-,-,-,-,-,-,-,-,-,-,-,-,-,-,-,-,-,-,-,-,-,-,-,-,-,-,-,-,-,-,-,-,-,-,-,-,-,-,-,-,-,-,-,-,-,-,-,-,-,-,-,-,-,-,-,-,-,-,-,-,-,-,-,-,-,-,-,-,-,-,-,-,-,-,-,-,-,-,-,-,-,-,-,-,-,-,-,-,-,-,-,-,-,-,-,-,-,-,-,-,-,-,-,-,-,-,-,-,-,-,-,-,-,-,-,-,-,-,-,-,-,-,-,-,-,-,-,-,-,-,-,-,-,-,-,-,-,-,-,-,-,-,-,-,-,-,-,-,-,-,-,-,-,-,-,-,-,-,-,-,-,-,-,-,-,-,-,-,-,-,-,-,-,-,-,-,-,-,-,-,-,-,-,-,-,-,-,-,-,-,-,-,-,-,-,-,-,-,-,-,-,-,-,-,-,-,-,-,-,-,-,-,-,-,-,-,-,-,-,-,-,-,-,-,-,-,-,-,-,-,-,-,-,-,-,-,-,-,-,-,-,-,-,-,-,-,-,-,-,-,-,-,-,-,-,-,-,-,-,-,-,-,-,-,-,-,-,-,-,-,-,-,-,-,-,-,-,-,-,-,-,-,-,-,-,-,-,-,-,-,-,-,-,-,-,-,-,-,-,-,-,-,-,-,-,-,-,-,-,-,-,-,-,-,-,-,-,-,-,-,-,-,-,-,-,-,-,-,-,-,-,-,-,-,-,-,-,-,-,-,-,-,-,-,-,-,-,-,-,-,-,-,-,-,-,-,-,-,-,-,-,-,-,-,-,-,-,-,-,-,-,-,-,-,-,-,-,-,-,-,-,-,-,-,-,-,-,-,-,-,-,-,-,-,-,-,-,-,-,-,-,-,-,-,-,-,-,-,-,-,-,-,-,-,-,-,-,-,-,-,-,-,-,-,-,-,-,-,-,-,-,-,-,-,-,-,-,-,-,-,-,-,-,-,-,-,-,-,-,-,-,-,-,-,-,-,-,-,-,-,-,-,-,-,-,-,-,-,-,-,-,-,-,-,-,-,-,-,-,-,-,-,-,-,-,-,-,-,-,-,-,-,-,-,-
Leptonychotes_weddellii,-,-,-,-,-,-,-,-,-,-,-,-,-,-,-,-,-,-,-,-,-,-,-,-,-,-,-,-,-,-,-,-,-,-,-,-,-,-,-,-,-,-,-,-,-,-,-,-,-,-,-,-,-,-,-,-,-,-,-,-,-,-,-,-,-,-,-,-,-,-,-,-,-,-,-,-,-,-,-,-,-,-,-,-,-,-,-,-,-,-,-,-,-,-,-,-,-,-,-,-,-,-,-,-,-,-,-,-,-,-,-,-,-,-,-,-,-,-,-,-,-,-,-,-,-,-,-,-,-,-,-,-,-,-,-,-,-,-,-,-,-,-,-,-,-,-,-,-,-,-,-,-,-,-,-,-,-,-,-,-,-,-,-,-,-,-,-,-,-,-,-,-,-,-,-,-,-,-,-,-,-,-,-,-,-,-,-,-,-,-,-,-,-,-,-,-,-,-,-,-,-,-,-,-,-,-,-,-,-,-,-,-,-,-,-,-,-,-,-,-,-,-,-,-,-,-,-,-,-,-,-,-,-,-,-,-,-,-,-,-,-,-,-,-,-,-,-,-,-,-,-,-,-,-,-,-,-,-,-,-,-,-,-,-,-,-,-,-,-,-,-,-,-,-,-,-,-,-,-,-,-,-,-,-,-,-,-,-,-,-,-,-,-,-,-,-,-,-,-,-,-,-,-,-,-,-,-,-,-,-,-,-,-,-,-,-,-,-,-,-,-,-,-,-,-,-,-,-,-,-,-,-,-,-,-,-,-,-,-,-,-,-,-,-,-,-,-,-,-,-,-,-,-,-,-,-,-,-,-,-,-,-,-,-,-,-,-,-,-,-,-,-,-,-,-,-,-,-,-,-,-,-,-,-,-,-,-,-,-,-,-,-,-,-,-,-,-,-,-,-,-,-,-,-,-,-,-,-,-,-,-,-,-,-,-,-,-,-,-,-,-,-,-,-,-,-,-,-,-,-,-,-,-,-,-,-,-,-,-,-,-,-,-,-,-,-,-,-,-,-,-,-,-,-,-,-,-,-,-,-,-,-,-,-,-,-,-,-,-,-,-,-,-,-,-,-,-,-,-,-,-,-,-,-,-,-,-,-,-,-,-,-,-,-,-,-,-,-,-,-,-,-,-,-,-,-,-,-,-,-,-,-,-,-,-,-,-,-,-,-,-,-,-,-,-,-,-,-,-,-,-,-,-,-,-,-,-,-,-,-,-,-,-,-,-,-,-,-,-,-,-,-,-,-,-,-,-,-,-,-,-,-,-,-,-,-,-,-,-,-,-,-,-,-,-,-,-,-,-,-,-,-,-,-,-,-,-,-,-,-,-,-,-,-,-,-,-,-,-,-,-,-,-,-,-,-,-,-,-,-,-,-,-,-,-,-,-,-,-,-,-,-,-,-,-,-,-,-,-,-,-,-,-,-,-,-,-,-,-,-,-,-,-,-,-,-,-,-,-,-,-,-,-,-,-,-,-,-,-,-,-,-,-,-,-,-,-,-,-,-,-,-,-,-,-,-,-,-,-,-,-,-,-,-,-,-,-,-,-,-,-,-,-,-,-,-,-,-,-,-,-,-,-,-,-,-,-,-,-,-,-,-,-,-,-,-,-,-,-,-,-,-,-,-,-,-,-,-,-,-,-,-,-,-,-,-,-,-,-,-,-,-,-,-,-,-,-,-,-,-,-,-,-,-,-,-,-,-,-,-,-,-,-,-,-,-,-,-,-,-,-,-,-,-,-,-,-,-,-,-,-,-,-,-,-,-,-,-,-,-,-,-,-,-,-,-,-,-,-,-,-,-,-,-,-,-,-,-,-,-,-,-,-,-,-,-,-,-,-,-,-,-,-,-,-,-,-,-,-,-,-,-,-,-,-,-,-,-,-,-,-,-,-,-,-,-,-,-,-,-,-,-,-,-,-,-,-,-,-,-,-,-,-,-,-,-,-,-,-,-,-,-,-,-,-,-,-,-,-,-,-,-,-,-,-,-,-,-,-,-,-,-,-,-,-,-,-,-,-,-,-,-,-,-,-,-,-,-,-,-,-,-,-,-,-,-,-,-,-,-,-,-,-,-,-,-,-,-,-,-,-,-,-,-,-,-,-,-,-,-,-,-,-,-,-,-,-,-,-,-,-,-,-,-,-,-,-,-,-,-,-,-,-,-,-,-,-,-,-,-,-,-,-,-,-,-,-,-,-,-,-,-,-,-,-,-,-,-,-,-,-,-,-,-,-,-,-,-,-,-,-,-,-,-,-,-,-,-,-,-,-,-,-,-,-,-,-,-,-,-,-,-,-,-,-,-,-,-,-,-,-,-,-,-,-,-,-,-,-,-,-,-,-,-,-,-,-,-,-,-,-,-,-,-,-,-,-,-,-,-,-,-,-,-,-,-,-,-,-,-,-,-,-,-,-,-,-,-,-,-,-,-,-,-,-,-,-,-,-,-,-,-,-,-,-,-,-,-,-,-,-,-,-,-,-,-,-,-,-,-,-,-,-,-,-,-,-,-,-,-,-,-,-,-,-,-,-,-,-,-,-,-,-,-,-,-,-,-,-,-,-,-,-,-,-,-,-,-,-,-,-,-,-,-,-,-,-,-,-,-,-,-,-,-,-,-,-,-,-,-,-,-,-,-,-,-,-,-,-,-,-,-,-,-,-,-,-,-,-,-,-,-,-,-,-,-,-,-,-,-,-,-,-,-,-,-,-,-,-,-,-,-,-,-,-,-,-,-,-,-,-,-,-,-,-,-,-,-,-,-,-,-,-,-,-,-,-,-,-,-,-,-,-,-,-,-,-,-
Lontra_canadensis,C,L,W,L,W,L,G,A,A,L,G,L,G,Q,A,S,S,R,L,R,L,A,V,L,P,E,D,R,L,Q,M,K,W,R,E,V,E,G,S,G,L,G,Y,L,V,Q,V,K,P,V,A,G,D,A,E,Q,E,V,I,L,T,T,K,T,P,K,A,T,V,G,G,L,S,P,S,K,G,Y,T,V,Q,I,F,K,L,T,G,S,G,N,A,L,L,A,Q,R,E,F,V,I,Q,D,L,K,S,H,A,A,S,R,S,S,Q,K,P,L,E,A,-,A,T,E,P,T,P,S,H,T,G,S,P,G,P,-,-,-,-,E,P,R,V,A,S,S,P,S,Q,D,S,P,N,L,A,N,P,Q,F,R,C,T,P,P,T,P,V,D,M,I,F,L,M,D,G,S,W,S,I,G,H,S,H,F,Q,-,V,K,D,F,L,A,S,V,I,E,L,F,E,I,G,P,N,K,V,Q,V,G,L,T,Q,Y,S,G,D,P,Q,T,E,W,D,L,S,A,F,R,S,K,D,K,V,L,A,A,V,C,S,L,H,Y,K,G,G,N,T,F,T,G,L,A,L,T,H,V,R,E,Q,N,L,K,P,G,A,G,P,R,P,E,A,A,K,V,V,V,L,V,T,D,G,K,S,Q,D,D,A,R,A,A,G,H,V,L,K,D,L,G,V,A,V,F,A,V,G,V,K,N,A,D,E,A,E,L,R,L,L,A,-,P,P,L,D,I,T,V,H,S,V,Q,D,F,P,Q,L,G,T,L,A,G,L,L,S,R,L,I,C,Q,K,V,Q,G,G,S,-,-,-,A,V,A,T,P,A,P,D,T,V,F,T,P,T,R,F,I,L,T,Q,A,N,P,S,S,V,H,L,S,W,T,P,D,P,Q,L,P,L,K,Y,L,V,T,W,R,P,S,R,G,G,P,L,Q,E,M,V,L,D,G,P,T,S,S,M,T,L,H,S,L,T,I,G,T,E,Y,L,V,S,V,F,P,V,G,E,A,G,V,G,E,G,L,R,G,L,V,T,T,A,P,L,P,P,P,Q,A,L,T,L,A,A,V,T,P,T,T,V,R,F,T,W,R,P,S,A,E,A,T,Q,Y,L,V,R,C,S,P,A,P,L,R,H,Q,E,E,G,R,K,V,R,V,G,Q,P,E,V,L,R,D,S,L,E,P,G,T,D,Y,D,V,R,V,Q,S,L,Q,G,P,E,A,S,E,A,R,G,I,R,A,R,T,A,A,L,A,P,R,R,H,L,G,F,L,D,V,S,H,D,S,A,R,V,F,W,E,G,A,P,R,P,V,-,L,F,R,V,G,F,V,S,S,E,G,S,H,S,G,Q,V,E,A,P,G,N,A,T,S,A,T,L,G,P,L,F,S,S,T,T,Y,S,V,C,V,T,C,L,Y,P,A,G,G,S,S,T,L,T,G,Q,L,T,-,-,-,V,P,S,P,S,K,L,S,A,T,E,L,P,G,D,E,V,Q,L,E,W,E,A,A,S,A,S,G,V,L,V,H,Q,I,K,W,T,P,M,G,D,G,K,A,R,E,I,S,V,P,G,S,L,G,M,E,V,L,P,G,L,R,S,H,L,G,Y,E,I,T,I,L,A,Y,-,-,-,-,-,-,-,D,P,V,S,L,C,Y,T,P,-,-,-,-,R,S,P,P,S,D,L,A,L,A,S,E,S,P,S,S,L,R,V,T,W,T,P,P,-,G,H,V,L,H,Y,W,L,T,Y,V,L,A,S,G,S,G,P,E,K,S,I,S,V,P,G,P,S,N,H,V,T,L,P,S,L,L,A,A,T,K,Y,R,I,Q,V,S,A,V,Y,G,A,G,E,S,A,P,V,S,A,T,G,R,T,-,M,S,P,R,L,R,P,-,-,-,-,P,C,F,D,L,M,A,A,F,G,L,-,E,Q,E,H,A,S,L,R,G,L,A,M,E,R,A,A,F,G,C,A,W,T,F,T,L,F,K,D,A,Q,L,T,R,R,A,-,P,Q,L,A,A,E,H,T,V,V,F,V,L,R,V,L,P,K,T,P,R,E,A,F,A,L,W,Q,M,T,A,E,D,L,Q,P,I,L,G,V,L,L,D,A,G,R,K,S,L,T,Y,F,N,H,D,P,R,A,T,L,Q,E,V,T,F,D,L,P,E,V,R,K,I,F,F,G,S,F,H,K,V,H,V,A,V,G,R,S,K,V,R,L,Y,V,D,C,Q,K,V,A,E,R,P,T,G,E,A,G,S,R,P,A,T,G,F,V,M,L,G,R,L,A,K,A,R,D,P,R,S,S,S,A,T,F,Q,L,Q,L,L,H,I,V,C,S,D,S,W,A,E,E,D,V,C,C,E,L,P,A,A,K,D,G,E,T,C,L,A,F,S,S,A,C,T,C,S,S,Q,T,P,G,P,P,G,P,Q,G,P,P,G,L,P,G,R,N,G,A,P,G,E,Q,G,F,P,G,P,R,-,-,-,-,-,-,-,-,-,-,-,-,-,-,-,-,-,-,-,-,-,-,-,-,-,-,-,-,-,-,-,-,G,P,P,G,V,K,G,E,K,G,D,H,G,L,P,G,L,K,G,H,P,G,H,Q,G,T,P,G,K,V,G,L,Q,G,P,G,M,Q,G,L,E,G,S,A,G,L,P,G,P,P,G,P,F,Q,G,T,V,G,A,R,G,T,S,G,E,R,G,P,L,G,A,V,G,P,G,L,P,G,P,K,G,E,R,G,E,K,H,V,L,K,F,H,S,F,C,E,S,A,R,P,P,T,P,I,L,E,A,P,G,P,P,-,-,-,-,-,-,-,-,S,T,L,G,E,A,Q,L,A,G,D,D,G,L,R,P
Lynx_canadensis,-,-,-,-,-,-,-,-,-,-,-,-,-,-,-,-,-,-,-,-,-,-,-,-,-,-,-,-,-,-,-,-,-,-,-,-,-,-,-,-,-,-,-,-,-,-,-,-,-,-,-,G,D,A,E,Q,D,V,M,L,T,T,K,A,P,K,A,T,V,G,G,L,S,P,S,K,G,Y,T,A,Q,I,F,R,L,T,G,S,G,T,T,L,L,A,Q,R,E,F,V,I,E,E,L,K,-,-,-,-,-,-,-,-,-,R,P,L,G,A,-,A,P,E,P,T,P,S,H,V,G,S,P,A,P,-,-,-,-,E,P,P,V,A,S,S,P,S,Q,D,P,P,T,L,A,S,P,Q,F,R,C,T,P,P,T,P,V,D,M,I,F,L,V,D,G,S,W,S,I,G,H,S,H,F,Q,Q,V,K,D,F,L,A,S,V,I,E,P,F,D,I,G,P,D,K,V,Q,V,G,L,T,Q,Y,S,G,D,P,Q,T,E,W,D,L,S,T,F,G,A,K,E,D,V,L,A,A,V,R,S,L,R,Y,K,G,G,N,T,F,T,G,L,A,L,S,H,V,L,E,Q,N,L,R,P,G,A,G,P,R,P,E,A,A,T,V,V,I,L,V,T,D,G,K,S,Q,D,D,A,R,A,A,G,R,A,L,K,D,L,G,V,D,I,F,A,V,G,V,K,N,A,D,E,A,E,L,Q,L,L,A,S,R,P,L,D,I,T,V,H,N,V,Q,D,F,P,Q,L,G,T,L,A,G,L,L,S,R,L,I,C,Q,K,V,Q,G,R,S,-,-,-,-,-,-,-,-,-,-,D,T,L,F,A,P,T,D,L,V,V,T,Q,V,T,S,S,S,V,H,L,S,W,T,P,A,P,Q,L,P,L,K,Y,R,I,V,W,Q,P,S,R,G,G,T,P,R,E,V,V,V,E,G,P,A,S,S,M,E,L,H,N,L,T,A,G,T,Q,Y,L,V,S,V,L,P,V,L,R,A,G,F,G,E,G,L,R,R,L,V,T,T,A,P,L,P,P,P,Q,A,L,A,L,A,A,V,T,P,R,T,I,R,L,T,W,Q,P,S,A,G,A,T,R,Y,L,V,R,C,L,S,A,S,A,K,G,Q,E,E,G,R,E,V,R,V,G,Q,P,E,V,L,L,D,G,L,E,P,G,R,D,Y,D,V,W,V,Q,S,L,R,G,A,E,A,S,E,A,R,G,I,R,A,R,T,S,T,L,A,P,P,G,H,L,S,F,S,D,V,S,H,D,S,A,R,V,S,W,E,G,V,S,K,P,V,R,L,F,R,I,S,F,A,S,S,D,G,S,H,S,G,E,V,E,A,P,G,N,A,T,S,A,T,V,G,P,L,S,S,S,T,A,Y,S,V,R,V,T,C,L,Y,P,G,G,S,S,S,V,L,T,G,R,L,T,T,R,K,V,P,S,P,S,Q,L,S,V,T,E,L,P,G,D,E,V,R,L,E,W,T,A,A,A,A,S,G,V,L,V,Y,Q,I,K,W,T,P,L,G,D,G,K,A,H,E,I,S,V,P,G,H,R,D,V,A,V,L,P,G,L,R,S,H,L,E,Y,E,I,T,I,L,A,Y,Y,R,D,G,A,R,S,D,P,V,S,L,R,Y,T,P,-,-,P,H,R,S,P,P,S,D,L,A,L,A,S,K,S,P,D,S,L,Q,V,S,W,T,P,P,S,G,H,V,L,H,Y,R,L,T,Y,L,P,A,S,G,S,G,P,E,K,S,I,S,V,P,G,L,S,N,H,V,T,L,P,N,L,L,A,A,S,K,Y,R,V,L,V,S,A,V,Y,G,A,G,E,S,R,T,V,S,A,V,G,H,T,A,A,C,P,A,L,S,P,D,G,S,L,S,G,F,D,L,M,A,A,F,G,L,V,E,K,E,Y,A,S,I,R,G,V,A,M,E,A,S,A,F,G,R,A,R,T,F,T,L,F,K,D,A,Q,L,M,R,R,A,D,V,H,L,A,A,E,H,T,V,V,F,L,L,R,L,L,P,E,T,P,R,E,T,F,A,L,W,Q,M,T,A,E,H,S,Q,P,V,L,G,V,L,L,D,A,G,R,K,S,L,T,Y,F,N,H,D,P,R,A,T,L,Q,E,V,T,F,D,L,P,E,V,R,R,I,F,F,G,S,F,H,K,V,H,V,A,V,G,R,S,K,V,R,L,Y,V,D,C,R,K,V,A,E,R,P,M,G,E,A,G,S,P,P,V,T,G,F,V,M,L,G,R,L,A,K,A,R,G,P,R,S,S,S,A,T,F,Q,L,Q,T,L,Q,I,V,C,N,D,S,W,A,E,E,D,M,C,C,E,L,P,A,S,K,D,G,E,T,C,P,A,F,S,S,S,C,A,C,S,S,Q,T,P,G,P,P,G,P,Q,G,P,P,G,L,P,G,R,N,G,V,P,G,E,Q,G,F,P,G,P,R,G,E,P,G,P,P,G,Q,T,G,P,E,G,P,G,G,Q,Q,G,S,P,G,T,Q,G,R,T,V,Q,G,P,V,G,P,P,G,V,K,G,E,K,G,D,H,G,A,P,G,L,Q,G,H,P,G,H,Q,G,P,P,G,K,V,G,L,Q,G,P,G,M,R,G,L,E,G,S,A,G,L,P,G,P,P,G,P,F,Q,G,T,A,G,A,R,G,S,G,G,Q,R,G,L,P,G,P,V,G,L,G,L,P,G,P,K,G,E,R,G,E,K,H,V,L,K,F,-,-,-,H,E,S,A,R,P,P,R,P,I,L,Q,A,L,G,H,P,-,-,-,-,-,-,-,-,S,S,H,G,E,A,W,L,G,G,R,D,G,P,H,P
Manis_javanica,-,-,-,-,-,-,-,-,-,-,-,-,-,-,-,-,-,-,-,-,-,-,-,-,-,-,-,-,-,-,-,-,-,-,-,-,-,-,-,-,-,-,-,-,-,-,-,-,-,-,-,-,-,-,-,-,-,-,-,-,-,-,-,-,-,-,-,-,-,-,-,-,-,-,-,-,-,-,-,-,-,-,-,-,-,-,-,-,-,-,-,-,-,-,-,-,-,-,-,-,-,-,-,-,-,-,-,-,-,-,-,-,-,-,-,-,-,-,-,-,-,-,-,-,-,-,-,-,-,-,-,-,-,-,-,-,-,-,-,-,-,-,-,-,-,-,-,-,-,-,-,-,-,-,-,-,-,-,-,-,-,-,-,-,-,-,-,-,-,-,-,-,-,-,-,-,-,-,-,-,-,-,-,-,-,-,-,-,-,-,-,-,-,-,-,-,-,-,-,-,-,-,-,-,-,-,-,-,-,-,-,-,-,-,-,-,-,-,-,-,-,-,-,-,-,-,-,-,-,-,-,-,-,-,-,-,-,-,-,-,-,-,-,-,-,-,-,-,-,-,-,-,-,-,-,-,-,-,-,-,-,-,-,-,-,-,-,-,-,-,-,-,-,-,-,-,-,-,-,-,-,-,-,-,-,-,-,-,-,-,-,-,-,-,-,-,-,-,-,-,-,-,-,-,-,-,-,-,-,-,-,-,-,-,-,-,-,-,-,-,-,-,-,-,-,-,-,-,-,-,-,-,-,-,-,-,-,-,-,-,-,-,-,-,-,-,-,-,-,-,-,-,-,-,-,-,-,-,-,-,-,-,-,-,-,-,-,-,-,-,-,-,-,-,-,-,-,-,-,-,-,-,-,-,-,-,-,-,-,-,-,-,-,-,-,-,-,-,-,-,-,-,-,-,-,-,-,-,-,-,-,-,-,-,-,-,-,-,-,-,-,-,-,-,-,-,-,-,-,-,-,-,-,-,-,-,-,-,-,-,-,-,-,-,-,-,-,-,-,-,-,-,-,-,-,-,-,-,-,-,-,-,-,-,-,-,-,-,-,-,-,-,-,-,-,-,-,-,-,-,-,-,-,-,-,-,-,-,-,-,-,-,-,-,-,-,-,-,-,-,-,-,-,-,-,-,-,-,-,-,-,-,-,-,-,-,-,-,-,-,-,-,-,-,-,-,-,-,-,-,-,-,-,-,-,-,-,-,-,-,-,-,-,-,-,-,-,-,-,-,-,-,-,-,-,-,-,-,-,-,-,-,-,-,-,-,-,-,-,-,-,-,-,-,-,-,-,-,-,-,-,-,-,-,-,-,-,-,-,-,-,-,-,-,-,-,-,-,-,-,-,-,-,-,-,-,-,-,-,-,-,-,-,-,-,-,-,-,-,-,-,-,-,-,-,-,-,-,-,-,-,-,-,-,-,-,-,-,-,-,-,-,-,-,-,-,-,-,-,-,-,-,-,-,-,-,-,-,-,-,-,-,-,-,-,-,-,-,-,-,-,-,-,-,-,-,-,-,-,-,-,-,-,-,-,-,-,-,-,-,-,-,-,-,-,-,-,-,-,-,-,-,-,-,-,-,-,-,-,-,-,-,-,-,-,-,-,-,-,-,-,-,-,-,-,-,-,-,-,-,-,-,-,-,-,-,-,-,-,-,-,-,-,-,-,-,-,-,-,-,-,-,-,-,-,-,-,-,-,-,-,-,-,-,-,-,-,-,-,-,-,-,-,-,-,-,-,-,-,-,-,-,-,-,-,-,-,-,-,-,-,-,-,-,-,-,-,-,-,-,-,-,-,-,-,-,-,-,-,-,-,-,-,-,-,-,-,-,-,-,-,-,-,-,-,-,-,-,-,-,-,-,-,-,-,-,-,-,-,-,-,-,-,-,-,-,-,-,-,-,-,-,-,-,-,-,-,-,-,-,-,-,-,-,-,-,-,-,-,-,-,-,-,-,-,-,-,-,-,-,-,-,-,-,-,-,-,-,-,-,-,-,-,-,-,-,-,-,-,-,-,-,-,-,-,-,-,-,-,-,-,-,-,-,-,-,-,-,-,-,-,-,-,-,-,-,-,-,-,-,-,-,-,-,-,-,-,-,-,-,-,-,-,-,-,-,-,-,-,-,-,-,-,-,-,-,-,-,-,-,-,-,-,-,-,-,-,-,-,-,-,-,-,-,-,-,-,-,-,-,-,-,-,-,-,-,-,-,-,-,-,-,-,-,-,-,-,-,-,-,-,-,-,-,-,-,-,-,-,-,-,-,-,-,-,-,-,-,-,-,-,-,-,-,-,-,-,-,-,-,-,-,-,-,-,-,-,-,-,-,-,-,-,-,-,-,-,-,-,-,-,-,-,-,-,-,-,-,-,-,-,-,-,-,-,-,-,-,-,-,-,-,-,-,-,-,-,-,-,-,-,-,-,-,-,-,-,-,-,-,-,-,-,-,-,-,-,-,-,-,-,-,-,-,-,-,-,-,-,-,-,-,-,-,-,-,-,-,-,-,-,-,-,-,-,-,-,-,-,-,-,-,-,-,-,-,-,-,-,-,-,-,-,-,-,-,-,-,-,-,-,-,-,-,-,-,-,-,-,-,-,-,-,-,-,-,-,-,-,-,-,-,-,-,-,-,-,-,-,-,-,-,-,-,-,-,-,-,-,-,-,-,-,-,-,-,-,-,-,-,-,-,-,-,-,-,-,-,-,-,-,-,-,-,-,-,-,-,-,-,-,-,-,-,-,-,-,-,-,-,-,-,-,-,-,-,-,-,-,-,-,-,-,-,-,-,-,-
Manis_pentadactyla,G,F,W,L,W,L,G,V,A,L,G,P,S,Q,A,S,G,R,L,R,L,A,V,L,P,E,D,Q,L,Q,M,K,W,R,G,S,E,G,S,G,L,G,D,L,A,Q,V,-,P,M,A,G,D,S,E,Q,E,V,R,L,T,P,K,T,P,K,A,T,V,G,G,L,S,P,S,R,G,H,T,V,Q,I,F,K,L,T,G,S,G,N,V,L,L,A,R,R,Q,F,V,I,E,D,L,N,S,N,A,V,-,-,-,S,R,R,P,L,R,T,-,A,L,E,P,T,S,S,P,A,G,S,P,D,P,-,-,-,-,E,P,R,V,T,L,T,P,R,R,D,P,L,T,P,A,S,P,P,F,H,C,M,P,S,T,P,M,D,I,I,F,L,V,D,G,S,R,S,I,G,H,S,P,F,Q,Q,V,K,D,L,L,V,S,I,T,E,P,F,E,I,G,R,D,-,V,Q,V,G,L,T,Q,C,S,G,D,P,K,T,E,W,D,L,N,T,F,G,T,K,D,K,V,P,A,T,V,H,I,L,R,Y,R,G,G,N,T,F,T,G,L,A,L,T,H,V,L,E,Q,N,L,K,P,A,A,S,S,G,P,E,A,A,K,V,V,V,L,V,T,D,G,K,S,Q,D,N,V,R,A,A,G,C,I,L,K,D,L,G,V,D,V,F,A,V,G,V,K,N,A,D,E,G,E,L,R,L,L,-,-,-,-,-,D,-,-,-,-,-,-,-,-,F,P,Q,L,S,T,L,A,S,L,L,S,C,L,I,C,Q,K,V,Q,G,R,R,P,Q,R,-,-,A,A,L,A,L,G,P,I,S,A,P,V,S,L,V,L,T,Q,V,T,P,S,S,V,H,L,S,W,T,P,A,P,Q,P,P,L,K,Y,L,I,M,W,W,P,S,R,G,G,I,P,R,E,M,V,V,E,G,P,P,S,S,V,Q,L,N,N,L,T,S,S,T,E,Y,R,E,S,-,F,P,V,Y,Q,A,G,V,G,E,G,L,R,G,L,V,T,T,A,P,L,P,P,P,R,E,L,T,L,A,T,V,M,P,R,T,I,R,L,A,W,Q,P,S,A,G,A,T,Q,Y,L,V,R,C,T,G,T,S,P,-,-,-,-,-,-,-,Q,V,W,V,G,Q,P,E,A,L,L,G,G,L,G,P,G,R,D,Y,D,V,W,V,Q,S,L,-,G,A,Q,A,S,K,A,R,G,V,R,A,R,T,P,A,L,A,P,A,T,P,L,G,L,A,D,V,S,H,D,S,A,R,V,-,F,E,G,A,L,R,P,-,H,L,F,R,V,R,Y,V,S,S,E,G,G,R,S,G,Q,M,E,A,P,G,N,A,T,S,A,A,L,S,P,H,S,S,S,T,T,Y,T,V,H,V,T,C,F,Y,P,G,G,S,S,S,T,L,T,G,H,V,T,T,R,E,V,P,S,P,S,W,L,S,V,T,E,L,P,G,D,K,V,W,L,E,W,T,A,T,V,A,S,G,V,-,V,Y,Q,I,T,W,T,P,L,G,D,G,K,A,R,E,I,S,T,R,R,N,L,C,V,A,V,L,P,G,L,R,R,H,T,E,Y,D,I,T,V,L,A,Y,S,R,D,G,A,H,S,D,P,V,S,L,R,Y,A,P,-,-,V,S,R,S,P,P,S,N,L,A,V,A,S,K,S,S,N,S,L,P,V,S,W,T,P,P,S,G,H,V,L,H,Y,Q,L,T,C,A,S,A,S,G,S,G,S,E,K,S,I,S,I,P,G,S,R,S,H,V,T,L,P,D,L,P,A,A,T,E,Y,R,V,L,V,S,A,V,Y,S,A,G,E,S,V,A,V,S,S,T,G,R,T,-,G,D,P,T,L,S,P,R,S,S,L,P,G,F,D,L,M,V,A,L,G,L,V,E,T,E,Y,A,S,I,R,G,V,A,M,E,P,S,V,S,G,Q,A,R,A,F,T,L,L,K,H,A,Q,L,T,R,R,A,D,A,C,P,A,A,E,H,T,M,V,F,F,L,R,L,L,P,K,T,P,R,E,A,F,A,L,W,K,M,T,A,K,D,F,Q,P,T,L,G,V,L,P,D,A,G,R,K,S,L,I,F,F,N,H,V,P,G,A,T,L,Q,E,V,S,-,-,-,-,K,V,R,T,I,F,L,G,S,F,H,K,V,H,V,A,M,S,H,S,T,G,R,L,H,V,D,C,R,K,V,A,E,R,P,I,G,E,A,G,S,P,P,A,T,G,F,I,L,L,G,R,L,A,K,A,R,G,P,Q,G,S,S,S,V,L,Q,L,Q,T,L,Q,I,M,C,G,D,P,W,A,E,E,D,R,C,C,E,L,P,A,A,K,D,G,E,S,C,P,A,L,P,S,D,G,T,C,S,-,Q,V,P,G,P,Q,G,P,S,V,S,P,G,V,P,R,R,S,R,A,P,G,E,R,G,F,P,G,P,R,-,-,-,-,-,-,-,-,-,-,-,-,-,-,-,-,-,-,-,-,-,-,-,-,-,-,-,-,-,-,-,-,G,P,P,G,V,E,G,E,-,G,D,H,G,L,P,G,L,Q,G,H,P,G,H,Q,G,S,P,G,K,V,S,L,Q,G,P,G,M,R,G,L,V,G,T,A,G,L,P,S,P,-,G,P,F,Q,G,M,A,G,A,R,G,T,S,G,E,-,G,P,P,G,A,-,-,-,-,-,-,G,A,R,G,E,R,G,E,K,H,L,L,K,F,N,P,F,H,E,S,A,R,P,P,M,P,I,L,E,-,-,-,-,-,-,-,-,-,-,-,-,-,-,-,-,-,-,-,-,-,-,-,-,-,-,-,-,-
Mastomys_coucha,-,-,-,-,-,-,-,-,-,-,-,-,-,-,-,S,S,R,L,R,L,A,V,L,P,E,D,Q,L,Q,M,K,W,R,E,T,E,G,N,G,L,G,Y,L,V,Q,V,T,P,M,A,G,D,L,E,Q,E,L,I,L,T,T,K,T,P,K,A,T,V,G,G,L,S,P,S,K,S,Y,T,L,Q,I,F,E,L,T,D,S,G,P,V,L,L,A,R,R,E,F,V,I,E,D,L,K,S,Q,S,L,G,R,G,S,R,R,L,A,G,A,-,T,L,E,P,T,-,-,-,-,-,-,-,-,-,-,-,-,-,-,-,-,-,-,-,-,-,-,-,-,-,-,-,-,-,-,P,Q,F,Q,C,T,P,P,T,P,A,D,I,I,F,L,V,D,G,S,W,S,I,G,H,N,H,F,Q,Q,V,K,D,F,L,A,S,I,I,T,H,F,A,I,G,P,D,K,V,Q,V,G,L,T,Q,Y,S,G,D,P,Q,T,E,W,D,L,N,S,F,H,T,K,E,Q,V,L,A,A,V,H,H,L,R,Y,K,G,G,N,T,F,T,G,L,A,L,T,H,V,L,E,Q,N,L,K,P,A,A,G,V,R,P,E,A,A,K,M,L,I,L,V,T,D,G,K,S,Q,D,D,V,R,T,A,A,R,I,L,K,D,Q,D,T,D,V,F,V,V,G,V,K,N,V,D,E,A,E,L,K,L,L,A,S,Q,P,L,D,I,T,V,H,N,V,L,D,F,P,Q,L,A,T,L,A,P,L,L,S,R,L,I,C,Q,K,I,Q,G,-,-,-,-,-,-,-,-,-,-,-,L,D,P,L,P,T,P,T,R,L,I,L,T,H,A,T,S,S,S,I,H,L,S,W,T,P,A,L,Y,P,P,L,K,Y,L,I,V,W,Q,P,S,R,G,G,A,P,K,E,V,V,V,E,G,P,V,S,S,M,E,L,G,N,L,T,S,N,T,E,Y,L,V,S,V,L,P,V,Y,E,S,G,V,G,K,S,L,Q,G,Q,A,T,T,A,P,L,S,P,P,G,P,L,T,L,A,A,V,T,P,R,T,L,H,V,T,W,P,P,S,A,G,A,T,Q,Y,L,V,R,Y,L,L,A,A,S,T,G,E,E,Q,K,R,E,V,H,V,G,Q,P,E,V,L,L,D,G,L,E,P,G,Q,D,Y,D,V,S,V,Q,S,L,Q,G,S,E,A,S,E,A,Q,S,I,R,A,R,T,S,V,L,G,P,P,R,H,L,S,F,S,D,V,R,Y,N,S,I,R,V,S,W,E,A,-,Q,R,P,V,R,L,V,K,V,S,Y,I,S,S,D,G,S,H,S,G,Q,T,Q,V,P,G,N,I,T,S,A,T,L,G,P,L,S,S,S,T,M,Y,T,V,R,V,T,C,F,Y,F,G,G,G,S,S,V,L,T,G,H,V,T,T,Q,K,A,P,S,P,S,Q,L,S,V,M,E,L,P,G,D,A,V,K,L,S,W,L,A,T,A,L,S,G,V,L,V,Y,Q,I,K,W,M,P,L,G,E,G,K,A,H,E,I,S,V,P,G,T,L,G,T,A,I,L,S,G,L,M,K,H,V,E,Y,E,I,T,I,L,A,Y,Y,R,D,G,T,H,S,D,P,V,S,L,R,Y,T,P,S,A,A,S,R,S,P,P,S,S,L,A,L,S,S,E,T,P,N,S,L,Q,V,N,W,T,P,P,S,G,S,V,L,H,Y,R,L,N,Y,A,L,A,S,G,S,G,P,E,K,S,I,S,V,P,G,T,R,S,H,V,V,L,R,D,L,M,S,A,T,K,Y,R,V,L,V,S,A,V,Y,G,A,G,E,S,M,A,V,S,A,T,Y,R,T,A,A,C,P,A,L,H,P,D,S,S,L,S,G,F,D,L,M,V,A,F,G,L,V,A,K,E,Y,A,S,I,R,G,V,A,M,E,P,S,V,L,G,L,V,P,T,F,T,L,F,K,D,A,Q,L,M,R,R,V,D,S,Y,P,A,T,E,H,T,I,V,F,L,V,R,L,L,P,E,T,P,R,E,A,F,A,L,W,Q,M,M,A,E,D,F,Q,P,I,L,G,V,L,L,D,A,G,R,K,S,L,T,Y,F,N,H,D,S,R,A,A,L,Q,E,V,T,F,D,L,Q,D,A,K,K,I,F,F,G,S,F,H,K,V,H,I,A,V,G,H,S,K,V,R,L,Y,V,D,C,R,K,V,A,E,R,P,I,G,N,A,G,S,P,P,T,A,G,F,I,T,L,G,R,L,A,K,A,R,G,P,R,S,S,S,A,I,F,Q,L,Q,M,L,Q,I,V,C,S,D,T,W,A,D,K,D,R,C,C,E,L,P,A,L,R,D,G,E,T,C,P,A,F,S,S,A,C,A,Y,S,S,E,S,P,G,P,P,G,P,Q,G,P,P,G,L,P,G,R,N,G,T,P,G,Q,Q,G,Q,P,G,P,K,G,E,P,G,P,P,G,Q,T,G,P,E,G,P,G,G,Q,Q,G,S,P,G,T,Q,G,R,T,V,Q,G,P,M,G,P,P,G,A,K,G,E,K,G,N,H,G,L,P,G,L,Q,G,L,P,G,Q,Q,G,I,T,G,K,T,G,L,Q,G,P,G,M,R,G,L,E,G,P,A,G,Q,P,G,P,P,G,P,F,Q,G,L,A,G,A,R,G,T,N,G,E,R,G,P,P,G,A,V,G,P,G,L,P,G,S,K,G,E,R,G,E,K,H,V,L,K,L,N,S,F,H,E,N,A,R,P,P,M,P,-,-,-,-,-,-,-,-,-,-,-,-,-,-,-,-,-,-,-,-,E,A,L,L,W,G,H,I,L,H,P,-
Meles_meles,-,-,-,-,-,-,-,-,-,-,-,-,-,-,-,-,-,-,-,-,-,-,-,-,-,-,-,-,-,-,-,-,-,-,-,-,-,-,-,-,-,-,-,-,-,-,-,-,-,-,-,-,-,-,-,-,-,-,-,-,-,-,-,-,-,-,-,-,-,-,-,-,-,-,-,-,-,-,-,-,-,-,-,-,-,-,-,-,-,-,-,-,-,-,-,-,-,-,-,-,-,-,-,-,-,-,-,-,-,-,-,-,-,-,-,-,-,-,-,-,-,-,-,-,-,-,-,-,-,-,-,-,-,-,-,-,-,-,-,-,-,-,-,-,-,-,-,-,-,-,-,-,-,-,-,-,-,-,-,-,-,-,-,-,-,-,-,-,-,-,-,-,-,-,-,-,-,-,-,-,-,-,-,-,-,-,-,-,-,-,-,-,-,-,-,-,-,-,-,-,-,-,-,-,-,-,-,-,-,-,-,-,-,-,-,-,-,-,-,-,-,-,-,-,-,-,-,-,-,-,-,-,-,-,-,-,-,-,-,-,-,-,-,-,-,-,-,-,-,-,-,-,-,-,-,-,-,-,-,-,-,-,-,-,-,-,-,-,-,-,-,-,-,-,-,-,-,-,-,-,-,-,-,-,-,-,-,-,-,-,-,-,-,-,-,-,-,-,-,-,-,-,-,-,-,-,-,-,-,-,-,-,-,-,-,-,-,-,-,-,-,-,-,-,-,-,-,-,-,-,-,-,-,-,-,-,-,-,-,-,-,-,-,-,-,-,-,-,-,-,-,-,-,-,-,-,-,-,-,-,-,-,-,-,-,-,-,-,-,-,-,-,-,-,-,-,-,-,-,-,-,-,-,-,-,-,-,-,-,-,-,-,-,-,-,-,-,-,-,-,-,-,-,-,-,-,-,-,-,-,-,-,-,-,-,-,-,-,-,-,-,-,-,-,-,-,-,-,-,-,-,-,-,-,-,-,-,-,-,-,-,-,-,-,-,-,-,-,-,-,-,-,-,-,-,-,-,-,-,-,-,-,-,-,-,-,-,-,-,-,-,-,-,-,-,-,-,-,-,-,-,-,-,-,-,-,-,-,-,-,-,-,-,-,-,-,-,-,-,-,-,-,-,-,-,-,-,-,-,-,-,-,-,-,-,-,-,-,-,-,-,-,-,-,-,-,-,-,-,-,-,-,-,-,-,-,-,-,-,-,-,-,-,-,-,-,-,-,-,-,-,-,-,-,-,-,-,-,-,-,-,-,-,-,-,-,-,-,-,-,-,-,-,-,-,-,-,-,-,-,-,-,-,-,-,-,-,-,-,-,-,-,-,-,-,-,-,-,-,-,-,-,-,-,-,-,-,-,-,-,-,-,-,-,-,-,-,-,-,-,-,-,-,-,-,-,-,-,-,-,-,-,-,-,-,-,-,-,-,-,-,-,-,-,-,-,-,-,-,-,-,-,-,-,-,-,-,-,-,-,-,-,-,-,-,-,-,-,-,-,-,-,-,-,-,-,-,-,-,-,-,-,-,-,-,-,-,-,-,-,-,-,-,-,-,-,-,-,-,-,-,-,-,-,-,-,-,-,-,-,-,-,-,-,-,-,-,-,-,-,-,-,-,-,-,-,-,-,-,-,-,-,-,-,-,-,-,-,-,-,-,-,-,-,-,-,-,-,-,-,-,-,-,-,-,-,-,-,-,-,-,-,-,-,-,-,-,-,-,-,-,-,-,-,-,-,-,-,-,-,-,-,-,-,-,-,-,-,-,-,-,-,-,-,-,-,-,-,-,-,-,-,-,-,-,-,-,-,-,-,-,-,-,-,-,-,-,-,-,-,-,-,-,-,-,-,-,-,-,-,-,-,-,-,-,-,-,-,-,-,-,-,-,-,-,-,-,-,-,-,-,-,-,-,-,-,-,-,-,-,-,-,-,-,-,-,-,-,-,-,-,-,-,-,-,-,-,-,-,-,-,-,-,-,-,-,-,-,-,-,-,-,-,-,-,-,-,-,-,-,-,-,-,-,-,-,-,-,-,-,-,-,-,-,-,-,-,-,-,-,-,-,-,-,-,-,-,-,-,-,-,-,-,-,-,-,-,-,-,-,-,-,-,-,-,-,-,-,-,-,-,-,-,-,-,-,-,-,-,-,-,-,-,-,-,-,-,-,-,-,-,-,-,-,-,-,-,-,-,-,-,-,-,-,-,-,-,-,-,-,-,-,-,-,-,-,-,-,-,-,-,-,-,-,-,-,-,-,-,-,-,-,-,-,-,-,-,-,-,-,-,-,-,-,-,-,-,-,-,-,-,-,-,-,-,-,-,-,-,-,-,-,-,-,-,-,-,-,-,-,-,-,-,-,-,-,-,-,-,-,-,-,-,-,-,-,-,-,-,-,-,-,-,-,-,-,-,-,-,-,-,-,-,-,-,-,-,-,-,-,-,-,-,-,-,-,-,-,-,-,-,-,-,-,-,-,-,-,-,-,-,-,-,-,-,-,-,-,-,-,-,-,-,-,-,-,-,-,-,-,-,-,-,-,-,-,-,-,-,-,-,-,-,-,-,-,-,-,-,-,-,-,-,-,-,-,-,-,-,-,-,-,-,-,-,-,-,-,-,-,-,-,-,-,-,-,-,-,-,-,-,-,-,-,-,-,-,-,-,-,-,-,-,-,-,-,-,-,-,-,-,-,-,-,-,-,-,-,-,-,-,-,-,-,-,-,-,-,-,-,-,-,-,-,-,-,-,-,-,-,-,-,-,-,-,-,-,-,-,-,-,-,-,-,-,-,-,-
Meriones_unguiculatus,-,-,-,-,-,-,-,-,-,-,-,-,-,-,-,-,-,-,-,-,-,-,-,-,-,-,-,-,-,-,-,-,-,-,-,-,-,-,-,-,-,-,-,-,-,-,-,-,-,-,-,-,-,-,-,-,-,-,-,-,-,-,-,-,-,-,-,-,-,-,-,-,-,-,-,-,-,-,-,-,-,-,-,-,-,-,-,-,-,-,-,-,-,-,-,-,-,-,-,-,-,-,-,-,-,-,-,-,-,-,-,-,-,-,-,-,-,-,-,-,-,-,-,-,-,-,-,-,-,-,-,-,-,-,-,-,-,-,-,-,-,-,-,-,-,-,-,-,-,-,-,-,-,-,-,-,-,-,-,-,-,-,-,-,-,-,-,-,-,-,-,-,-,-,-,-,-,-,-,-,-,-,-,-,-,-,-,-,-,-,-,-,-,-,-,-,-,-,-,-,-,-,-,-,-,-,-,-,-,-,-,-,-,-,-,-,-,-,-,-,-,-,-,-,-,-,-,-,-,-,-,-,-,-,-,-,-,-,-,-,-,-,-,-,-,-,-,-,-,-,-,-,-,-,-,-,-,-,-,-,-,-,-,-,-,-,-,-,-,-,-,-,-,-,-,-,-,-,-,-,-,-,-,-,-,-,-,-,-,-,-,-,-,-,-,-,-,-,-,-,-,-,-,-,-,-,-,-,-,-,-,-,-,-,-,-,-,-,-,-,-,-,-,-,-,-,-,-,-,-,-,-,-,-,-,-,-,-,-,-,-,-,-,-,-,-,-,-,-,-,-,-,-,-,-,-,-,-,-,-,-,-,-,-,-,-,-,-,-,-,-,-,-,-,-,-,-,-,-,-,-,-,-,-,-,-,-,-,-,-,-,-,-,-,-,-,-,-,-,-,-,-,-,-,-,-,-,-,-,-,-,-,-,-,-,-,-,-,-,-,-,-,-,-,-,-,-,-,-,-,-,-,-,-,-,-,-,-,-,-,-,-,-,-,-,-,-,-,-,-,-,-,-,-,-,-,-,-,-,-,-,-,-,-,-,-,-,-,-,-,-,-,-,-,-,-,-,-,-,-,-,-,-,-,-,-,-,-,-,-,-,-,-,-,-,-,-,-,-,-,-,-,-,-,-,-,-,-,-,-,-,-,-,-,-,-,-,-,-,-,-,-,-,-,-,-,-,-,-,-,-,-,-,-,-,-,-,-,-,-,-,-,-,-,-,-,-,-,-,-,-,-,-,-,-,-,-,-,-,-,-,-,-,-,-,-,-,-,-,-,-,-,-,-,-,-,-,-,-,-,-,-,-,-,-,-,-,-,-,-,-,-,-,-,-,-,-,-,-,-,-,-,-,-,-,-,-,-,-,-,-,-,-,-,-,-,-,-,-,-,-,-,-,-,-,-,-,-,-,-,-,-,-,-,-,-,-,-,-,-,-,-,-,-,-,-,-,-,-,-,-,-,-,-,-,-,-,-,-,-,-,-,-,-,-,-,-,-,-,-,-,-,-,-,-,-,-,-,-,-,-,-,-,-,-,-,-,-,-,-,-,-,-,-,-,-,-,-,-,-,-,-,-,-,-,-,-,-,-,-,-,-,-,-,-,-,-,-,-,-,-,-,-,-,-,-,-,-,-,-,-,-,-,-,-,-,-,-,-,-,-,-,-,-,-,-,-,-,-,-,-,-,-,-,-,-,-,-,-,-,-,-,-,-,-,-,-,-,-,-,-,-,-,-,-,-,-,-,-,-,-,-,-,-,-,-,-,-,-,-,-,-,-,-,-,-,-,-,-,-,-,-,-,-,-,-,-,-,-,-,-,-,-,-,-,-,-,-,-,-,-,-,-,-,-,-,-,-,-,-,-,-,-,-,-,-,-,-,-,-,-,-,-,-,-,-,-,-,-,-,-,-,-,-,-,-,-,-,-,-,-,-,-,-,-,-,-,-,-,-,-,-,-,-,-,-,-,-,-,-,-,-,-,-,-,-,-,-,-,-,-,-,-,-,-,-,-,-,-,-,-,-,-,-,-,-,-,-,-,-,-,-,-,-,-,-,-,-,-,-,-,-,-,-,-,-,-,-,-,-,-,-,-,-,-,-,-,-,-,-,-,-,-,-,-,-,-,-,-,-,-,-,-,-,-,-,-,-,-,-,-,-,-,-,-,-,-,-,-,-,-,-,-,-,-,-,-,-,-,-,-,-,-,-,-,-,-,-,-,-,-,-,-,-,-,-,-,-,-,-,-,-,-,-,-,-,-,-,-,-,-,-,-,-,-,-,-,-,-,-,-,-,-,-,-,-,-,-,-,-,-,-,-,-,-,-,-,-,-,-,-,-,-,-,-,-,-,-,-,-,-,-,-,-,-,-,-,-,-,-,-,-,-,-,-,-,-,-,-,-,-,-,-,-,-,-,-,-,-,-,-,-,-,-,-,-,-,-,-,-,-,-,-,-,-,-,-,-,-,-,-,-,-,-,-,-,-,-,-,-,-,-,-,-,-,-,-,-,-,-,-,-,-,-,-,-,-,-,-,-,-,-,-,-,-,-,-,-,-,-,-,-,-,-,-,-,-,-,-,-,-,-,-,-,-,-,-,-,-,-,-,-,-,-,-,-,-,-,-,-,-,-,-,-,-,-,-,-,-,-,-,-,-,-,-,-,-,-,-,-,-,-,-,-,-,-,-,-,-,-,-,-,-,-,-,-,-,-,-,-,-,-,-,-,-,-,-,-,-,-,-,-,-,-,-,-,-,-,-,-,-,-,-,-,-,-,-,-,-,-,-,-,-,-,-,-,-,-
Mesocricetus_auratus,C,L,W,M,-,L,G,A,T,L,A,L,G,Q,V,S,G,R,L,R,L,A,V,L,P,E,D,Q,L,Q,M,K,W,R,E,A,E,G,I,G,L,G,Y,L,V,Q,V,T,P,M,A,G,D,L,E,Q,E,L,I,L,T,T,K,T,P,K,A,T,V,G,G,L,N,P,S,K,G,Y,T,L,Q,I,F,E,L,T,D,S,E,P,V,L,L,A,R,R,E,F,V,I,E,D,L,K,S,H,S,L,S,R,G,S,R,R,-,-,-,-,-,-,-,-,-,-,-,-,-,-,-,-,-,-,-,-,-,-,-,-,-,-,-,-,-,-,-,-,-,-,-,-,-,-,-,-,P,Q,F,H,C,T,P,P,T,P,T,D,I,I,F,L,V,D,G,S,W,S,I,G,H,R,H,F,Q,Q,V,K,D,F,L,A,S,I,I,T,P,F,E,I,G,P,D,K,V,Q,V,G,L,T,Q,Y,S,G,D,P,Q,T,E,W,D,L,N,S,F,N,T,K,E,Q,V,L,A,A,I,H,S,L,R,Y,R,G,G,N,T,F,T,G,L,A,L,T,H,V,L,G,Q,N,L,K,P,A,A,G,A,R,P,E,A,A,K,V,L,I,L,V,T,D,G,K,S,Q,D,D,V,R,T,A,A,R,L,L,K,D,Q,D,V,D,V,F,V,V,G,V,K,N,A,D,E,A,E,L,K,L,L,A,S,Q,P,L,D,I,T,V,H,N,V,L,D,F,P,Q,L,A,T,L,A,A,L,L,S,R,L,V,C,Q,K,I,Q,G,-,-,-,-,-,A,A,T,T,L,A,L,D,P,L,P,M,P,T,R,L,N,L,T,H,A,T,S,S,S,V,H,L,S,W,T,P,A,L,Y,P,P,L,K,Y,L,I,V,W,Q,P,S,R,G,G,A,P,K,E,V,V,V,E,G,P,V,S,S,M,E,L,R,N,L,T,S,N,T,E,Y,L,V,S,V,L,P,V,Y,E,S,G,F,G,K,S,L,Q,G,R,A,I,T,A,P,L,P,P,P,G,A,L,T,L,A,S,V,T,P,R,T,L,R,F,T,W,Q,P,S,A,G,A,T,Q,Y,L,V,R,-,-,-,-,-,-,-,G,E,E,Q,R,R,E,V,L,V,G,Q,P,E,V,L,L,D,G,L,E,P,G,R,D,Y,E,V,S,V,Q,S,L,R,G,P,E,A,S,E,V,R,I,V,N,A,R,T,A,A,L,G,P,P,R,H,L,S,F,S,D,V,S,Y,N,S,A,C,V,S,W,E,A,-,Q,R,P,V,R,L,V,K,V,S,Y,V,S,S,D,G,S,H,S,G,Q,A,Q,V,P,G,N,A,T,S,A,T,L,G,P,L,S,S,S,T,K,Y,T,V,R,V,T,S,F,Y,F,G,G,G,S,S,M,L,T,G,H,V,T,T,K,K,A,P,S,P,S,Q,L,S,V,M,E,L,P,G,D,A,V,K,L,S,W,V,A,A,A,L,S,G,V,L,V,Y,Q,I,K,W,M,P,L,G,E,G,K,A,H,E,I,S,V,P,G,T,R,D,T,A,V,L,P,G,L,M,G,H,V,E,Y,E,I,T,I,L,A,Y,Y,R,D,G,T,R,S,D,P,V,S,L,R,Y,V,P,S,S,A,S,R,S,P,P,S,N,L,V,L,S,S,E,T,P,N,S,L,Q,V,S,W,T,P,S,S,G,H,V,L,H,Y,R,V,N,Y,S,L,A,S,G,S,G,P,E,K,S,I,S,V,P,G,T,R,S,H,V,T,L,P,D,L,L,S,A,T,K,Y,R,V,L,V,S,A,V,Y,G,A,G,E,S,V,A,A,S,A,T,C,R,T,A,A,C,P,A,L,H,P,D,S,P,L,S,G,F,D,L,M,V,A,F,G,L,V,A,K,E,Y,A,S,I,R,G,V,A,M,E,P,S,A,L,G,E,A,P,T,F,T,L,F,K,D,A,Q,L,M,R,R,A,D,I,Y,P,A,T,E,H,T,I,V,F,L,V,R,L,L,P,E,T,P,R,E,A,F,A,L,W,Q,M,V,A,E,D,F,Q,P,I,V,G,V,L,L,D,A,G,R,K,S,L,T,Y,F,N,H,D,P,R,A,A,L,Q,E,V,T,F,D,L,Q,D,A,K,K,I,F,F,G,S,F,H,K,V,H,V,A,V,G,H,S,K,V,R,L,Y,V,D,C,R,K,V,A,E,R,P,I,G,D,A,G,S,P,P,T,A,G,F,I,T,L,G,R,L,A,K,V,R,G,P,R,S,S,S,A,T,F,Q,L,Q,M,L,Q,I,V,C,S,D,T,W,A,D,K,D,R,C,C,E,L,P,A,L,R,D,G,E,T,C,P,A,S,P,S,P,C,A,C,S,S,E,T,P,G,P,P,G,P,Q,G,P,P,G,L,P,G,R,N,G,T,P,G,Q,Q,G,H,P,G,P,K,G,E,P,G,P,P,G,Q,T,G,P,E,G,P,G,G,Q,Q,G,S,P,G,T,Q,G,R,T,V,Q,G,P,M,G,P,P,G,V,K,G,E,K,G,D,H,G,L,P,G,L,Q,G,L,S,G,Q,Q,G,I,P,G,K,T,G,L,Q,G,P,G,M,R,G,L,E,G,P,A,G,L,P,G,P,P,G,P,F,Q,G,L,A,G,A,R,G,S,N,G,E,R,G,P,P,G,A,V,G,P,G,L,P,G,S,K,G,E,R,G,E,K,H,V,M,K,L,N,S,F,H,E,N,A,R,P,P,M,P,F,M,V,E,T,A,K,P,S,R,P,S,I,E,P,P,G,S,H,N,E,A,L,L,G,G,H,V,H,H,P,-
Microcebus_murinus,-,-,-,-,-,-,-,-,-,-,-,-,-,-,-,-,-,-,-,-,-,-,-,-,-,-,-,-,-,-,-,-,-,-,-,-,-,-,-,-,-,-,-,-,-,-,-,-,-,-,-,-,-,-,-,-,-,-,-,-,-,-,-,-,-,-,-,-,-,-,-,-,-,-,-,-,-,-,-,-,-,-,-,-,-,-,-,-,-,-,-,-,-,-,-,-,-,-,-,-,-,-,-,-,-,-,-,-,-,-,-,-,-,-,-,-,-,-,-,-,-,-,-,-,-,-,-,-,-,-,-,-,-,-,-,-,-,-,-,-,-,-,-,-,-,-,-,-,-,-,-,-,-,-,-,-,-,-,-,-,-,-,-,-,-,-,-,-,-,-,-,-,-,-,-,-,-,-,-,-,-,-,-,-,-,-,-,-,-,-,-,-,-,-,-,-,-,-,-,-,-,-,-,-,-,-,-,-,-,-,-,-,-,-,-,-,-,-,-,-,-,-,-,-,-,-,-,-,-,-,-,-,-,-,-,-,-,-,-,-,-,-,-,-,-,-,-,-,-,-,-,-,-,-,-,-,-,-,-,-,-,-,-,-,-,-,-,-,-,-,-,-,-,-,-,-,-,-,-,-,-,-,-,-,-,-,-,-,-,-,-,-,-,-,-,-,-,-,-,-,-,-,-,-,-,-,-,-,-,-,-,-,-,-,-,-,-,-,-,-,-,-,-,-,-,-,-,-,-,-,-,-,-,-,-,-,-,-,-,-,-,-,-,-,-,-,-,-,-,-,-,-,-,-,-,-,-,-,-,-,-,-,-,-,-,-,-,-,-,-,-,-,-,-,-,-,-,-,-,-,-,-,-,-,-,-,-,-,-,-,-,-,-,-,-,-,-,-,-,-,-,-,-,-,-,-,-,-,-,-,-,-,-,-,-,-,-,-,-,-,-,-,-,-,-,-,-,-,-,-,-,-,-,-,-,-,-,-,-,-,-,-,-,-,-,-,-,-,-,-,-,-,-,-,-,-,-,-,-,-,-,-,-,-,-,-,-,-,-,-,-,-,-,-,-,-,-,-,-,-,-,-,-,-,-,-,-,-,-,-,-,-,-,-,-,-,-,-,-,-,-,-,-,-,-,-,-,-,-,-,-,-,-,-,-,-,-,-,-,-,-,-,-,-,-,-,-,-,-,-,-,-,-,-,-,-,-,-,-,-,-,-,-,-,-,-,-,-,-,-,-,-,-,-,-,-,-,-,-,-,-,-,-,-,-,-,-,-,-,-,-,-,-,-,-,-,-,-,-,-,-,-,-,-,-,-,-,-,-,-,-,-,-,-,-,-,-,-,-,-,-,-,-,-,-,-,-,-,-,-,-,-,-,-,-,-,-,-,-,-,-,-,-,-,-,-,-,-,-,-,-,-,-,-,-,-,-,-,-,-,-,-,-,-,-,-,-,-,-,-,-,-,-,-,-,-,-,-,-,-,-,-,-,-,-,-,-,-,-,-,-,-,-,-,-,-,-,-,-,-,-,-,-,-,-,-,-,-,-,-,-,-,-,-,-,-,-,-,-,-,-,-,-,-,-,-,-,-,-,-,-,-,-,-,-,-,-,-,-,-,-,-,-,-,-,-,-,-,-,-,-,-,-,-,-,-,-,-,-,-,-,-,-,-,-,-,-,-,-,-,-,-,-,-,-,-,-,-,-,-,-,-,-,-,-,-,-,-,-,-,-,-,-,-,-,-,-,-,-,-,-,-,-,-,-,-,-,-,-,-,-,-,-,-,-,-,-,-,-,-,-,-,-,-,-,-,-,-,-,-,-,-,-,-,-,-,-,-,-,-,-,-,-,-,-,-,-,-,-,-,-,-,-,-,-,-,-,-,-,-,-,-,-,-,-,-,-,-,-,-,-,-,-,-,-,-,-,-,-,-,-,-,-,-,-,-,-,-,-,-,-,-,-,-,-,-,-,-,-,-,-,-,-,-,-,-,-,-,-,-,-,-,-,-,-,-,-,-,-,-,-,-,-,-,-,-,-,-,-,-,-,-,-,-,-,-,-,-,-,-,-,-,-,-,-,-,-,-,-,-,-,-,-,-,-,-,-,-,-,-,-,-,-,-,-,-,-,-,-,-,-,-,-,-,-,-,-,-,-,-,-,-,-,-,-,-,-,-,-,-,-,-,-,-,-,-,-,-,-,-,-,-,-,-,-,-,-,-,-,-,-,-,-,-,-,-,-,-,-,-,-,-,-,-,-,-,-,-,-,-,-,-,-,-,-,-,-,-,-,-,-,-,-,-,-,-,-,-,-,-,-,-,-,-,-,-,-,-,-,-,-,-,-,-,-,-,-,-,-,-,-,-,-,-,-,-,-,-,-,-,-,-,-,-,-,-,-,-,-,-,-,-,-,-,-,-,-,-,-,-,-,-,-,-,-,-,-,-,-,-,-,-,-,-,-,-,-,-,-,-,-,-,-,-,-,-,-,-,-,-,-,-,-,-,-,-,-,-,-,-,-,-,-,-,-,-,-,-,-,-,-,-,-,-,-,-,-,-,-,-,-,-,-,-,-,-,-,-,-,-,-,-,-,-,-,-,-,-,-,-,-,-,-,-,-,-,-,-,-,-,-,-,-,-,-,-,-,-,-,-,-,-,-,-,-,-,-,-,-,-,-,-,-,-,-,-,-,-,-,-,-,-,-,-,-,-,-,-,-,-,-,-,-,-,-,-,-,-,-,-,-,-,-,-,-,-,-,-,-,-,-,-,-,-,-,-,-,-,-,-,-,-,-,-,-,-,-,-
Microtus_fortis,-,-,-,-,-,-,-,-,-,-,-,-,-,-,-,-,-,-,-,-,-,-,-,-,-,-,-,-,-,-,-,-,-,-,-,-,-,-,-,-,-,-,-,-,-,-,-,-,-,-,-,-,-,-,-,-,-,-,-,-,-,-,-,-,-,-,-,-,-,-,-,-,-,-,-,-,-,-,-,-,-,-,-,-,-,-,-,-,-,-,-,-,-,-,-,-,-,-,-,-,-,-,-,-,-,-,-,-,-,-,-,-,-,-,-,-,-,-,-,-,-,-,-,-,-,-,-,-,-,-,-,-,-,-,-,-,-,-,-,-,-,-,-,-,-,-,-,-,-,-,-,L,A,D,P,Q,F,H,C,M,P,P,T,P,T,D,I,I,F,L,V,D,G,S,W,S,I,G,H,S,H,F,Q,Q,V,K,D,F,L,A,S,I,I,T,P,F,E,I,G,P,D,K,V,Q,V,G,L,T,Q,Y,S,G,D,P,Q,T,E,W,D,L,N,S,F,H,T,K,E,Q,V,L,A,A,V,H,S,L,R,Y,R,G,G,N,T,F,T,G,L,A,L,T,H,V,L,G,Q,N,L,K,P,A,A,G,A,R,P,E,A,V,K,V,L,I,L,V,T,D,G,K,S,Q,D,D,V,R,T,A,A,Q,I,L,K,D,Q,N,I,N,V,F,V,V,G,V,K,N,A,D,E,A,E,L,K,L,L,A,S,Q,P,L,D,I,T,V,H,N,V,L,D,F,P,Q,L,A,T,L,A,A,L,L,S,R,L,V,C,Q,K,I,Q,G,-,-,-,-,-,A,A,S,A,L,A,L,D,P,I,P,M,P,T,R,L,V,L,T,H,I,T,S,S,S,V,H,L,S,W,T,P,A,S,Y,P,P,L,K,Y,L,I,V,W,Q,P,S,R,G,G,A,P,K,E,V,V,V,E,G,P,V,S,S,M,E,L,R,N,L,T,S,N,T,E,Y,M,V,S,V,F,P,V,Y,E,S,G,F,G,K,S,L,Q,G,W,A,T,T,A,P,L,P,P,P,G,A,L,T,L,A,S,A,T,P,R,T,L,H,I,T,W,Q,P,S,A,G,A,T,Q,Y,L,V,R,-,-,-,-,-,-,-,G,E,K,Q,R,R,E,V,H,V,E,Q,P,E,V,L,L,E,G,L,E,P,G,R,D,Y,E,V,S,V,Q,S,L,Q,G,P,E,A,S,E,V,R,S,I,S,A,R,T,T,A,L,G,P,P,R,H,L,S,F,S,D,V,N,H,S,S,A,C,V,S,W,E,A,-,P,R,P,V,R,L,V,K,V,S,Y,V,S,S,D,G,S,H,S,G,Q,T,Q,V,P,G,N,A,T,S,A,T,L,G,P,L,S,S,S,T,K,Y,T,V,R,V,T,C,F,Y,F,G,G,G,S,S,T,L,T,G,H,V,T,T,K,K,A,P,S,P,I,Q,L,S,V,V,E,L,A,G,D,S,V,K,L,S,W,V,A,A,A,L,S,G,V,L,V,Y,Q,I,K,W,T,P,L,G,E,G,K,A,H,E,I,S,V,P,G,T,L,D,T,A,I,L,P,G,L,M,S,H,V,E,Y,E,I,T,I,L,A,Y,Y,R,D,G,T,R,S,D,P,V,S,L,R,Y,I,P,T,S,A,S,R,N,P,P,S,S,L,V,L,S,S,E,T,P,N,S,L,Q,V,S,W,T,P,P,S,G,H,V,L,H,Y,R,L,N,Y,A,P,A,S,G,S,G,P,E,K,S,I,S,V,P,G,T,R,S,H,V,V,L,P,D,L,L,S,A,T,K,Y,R,V,L,V,S,A,V,Y,G,A,G,E,S,T,A,V,S,A,T,Y,R,T,A,A,C,P,A,L,N,S,D,S,S,L,S,G,F,D,L,M,V,A,F,G,L,V,A,K,E,Y,A,S,I,R,G,V,A,M,E,P,S,A,L,G,A,A,P,T,F,T,L,F,K,D,A,Q,L,M,R,R,A,D,I,Y,P,A,T,E,H,T,I,V,F,L,V,R,L,L,P,E,T,P,R,E,A,F,A,L,W,Q,M,M,A,E,D,F,Q,P,I,A,G,V,L,L,D,A,G,R,K,S,L,T,Y,F,N,H,D,P,R,A,T,L,Q,E,V,T,F,D,L,Q,D,A,K,K,V,F,F,G,S,F,H,K,V,H,V,A,V,G,H,S,K,V,R,L,Y,V,D,C,R,K,V,A,E,R,P,I,G,D,P,G,S,P,P,T,A,G,F,I,T,L,G,R,L,A,K,A,R,G,P,R,S,S,S,A,T,F,Q,L,Q,M,L,Q,I,V,C,S,D,T,W,A,D,K,D,K,C,C,E,L,P,A,L,R,D,G,E,T,C,P,A,F,P,S,S,C,A,C,S,S,E,T,P,G,P,P,G,P,Q,G,P,P,G,L,P,G,R,N,G,T,P,G,Q,Q,G,Y,P,G,P,K,G,E,P,G,P,P,G,Q,T,G,P,E,G,P,G,G,Q,Q,G,S,P,G,T,Q,G,R,T,V,Q,G,P,M,G,P,P,G,V,K,G,E,K,G,D,H,G,L,P,G,L,Q,G,L,S,G,Q,Q,G,I,P,G,K,T,G,L,Q,G,P,G,M,R,G,L,E,G,P,A,G,L,P,G,P,P,G,P,F,Q,G,S,A,G,A,R,G,T,N,G,E,R,G,P,P,G,A,V,G,P,G,L,P,G,S,K,G,E,R,G,E,K,H,V,M,K,L,N,S,F,H,E,N,A,R,P,P,M,P,F,M,V,E,T,A,K,P,G,R,-,-,-,-,-,-,-,-,-,-,-,-,-,-,-,-,-,-,-,-,-,-
Microtus_ochrogaster,C,L,W,M,L,L,G,A,T,L,A,F,G,Q,V,S,G,R,L,R,L,T,V,L,P,E,D,Q,L,Q,M,K,W,R,E,A,E,G,S,G,L,G,Y,L,V,Q,V,T,P,M,A,G,D,L,E,Q,E,L,I,L,T,T,K,M,P,K,A,T,V,G,G,L,N,P,S,K,G,Y,I,L,Q,I,F,E,L,T,D,S,G,P,V,L,L,V,R,R,E,F,V,I,E,D,L,K,S,H,S,L,S,R,G,S,R,R,-,-,-,-,-,-,-,-,-,-,-,-,-,-,-,-,-,-,-,-,-,-,-,-,-,-,-,-,-,-,-,-,-,-,-,-,-,L,A,D,P,Q,F,H,C,V,P,P,T,P,T,D,I,I,F,L,V,D,G,S,W,S,I,G,H,S,H,F,Q,Q,V,K,D,F,L,A,S,I,I,T,P,F,E,I,G,P,D,K,V,Q,V,G,L,T,Q,Y,S,G,D,P,Q,T,E,W,D,L,N,S,F,H,T,K,E,Q,V,L,A,A,V,H,S,L,R,Y,R,G,G,N,T,F,T,G,L,A,L,T,H,V,L,G,Q,N,L,K,P,A,A,G,A,R,S,E,A,A,K,V,L,I,L,V,T,D,G,K,S,Q,D,D,V,R,T,A,A,R,I,L,K,D,Q,D,I,D,V,F,V,V,G,V,K,N,A,D,E,A,E,L,K,L,L,A,S,Q,P,L,D,I,T,V,H,N,V,L,D,F,P,Q,L,A,T,L,A,A,L,L,S,R,L,V,C,Q,K,I,Q,G,-,-,-,-,-,A,A,A,T,L,A,L,D,P,L,P,M,P,T,R,L,V,L,T,H,V,T,S,S,S,V,H,L,S,W,T,P,A,S,Y,P,P,L,K,Y,L,I,V,W,Q,P,S,R,G,G,A,P,K,E,V,V,V,E,G,P,V,S,S,M,E,L,R,N,L,T,S,N,T,E,Y,M,V,S,V,F,P,V,Y,E,S,G,F,G,K,S,L,Q,G,W,A,T,T,A,P,L,P,P,P,G,A,L,T,L,A,S,A,T,P,R,T,L,H,L,T,W,Q,P,S,A,G,A,T,Q,Y,L,V,R,-,-,-,-,-,-,-,G,E,K,Q,R,R,E,V,H,V,G,Q,P,E,V,L,L,E,G,L,E,P,G,R,D,Y,E,V,S,V,Q,S,L,R,G,P,E,A,S,E,V,R,S,I,S,A,R,T,T,A,L,G,P,P,R,H,L,S,F,S,D,V,N,H,S,S,A,C,V,S,W,E,A,-,Q,R,P,V,R,L,V,K,V,S,Y,V,S,S,D,G,S,H,S,G,Q,T,Q,V,P,G,N,A,T,S,A,T,L,G,P,L,S,S,S,T,K,Y,T,V,R,V,T,C,F,Y,F,G,G,G,S,S,V,L,T,G,H,V,T,T,K,K,A,P,S,P,I,Q,L,S,V,V,E,L,A,G,D,S,V,K,L,S,W,V,A,P,A,L,S,G,V,L,V,Y,Q,I,K,W,T,P,L,G,E,G,K,A,H,E,I,S,V,P,G,T,L,D,T,A,I,L,P,G,L,M,S,H,V,E,Y,E,I,T,I,L,A,Y,Y,R,D,G,T,R,S,D,P,V,S,L,R,Y,I,P,T,S,A,S,R,N,P,P,S,S,L,V,L,S,S,E,T,P,N,S,L,Q,V,S,W,T,P,P,S,G,H,V,L,H,Y,R,L,N,Y,A,P,A,S,G,S,G,P,E,K,S,V,S,V,P,G,T,R,S,H,V,V,L,P,D,L,L,S,A,T,K,Y,R,V,L,V,S,A,V,Y,G,A,G,E,S,T,A,V,S,A,T,Y,R,T,A,A,C,P,A,L,N,S,D,S,S,L,S,G,F,D,L,M,V,A,F,G,L,V,A,K,E,Y,A,S,V,R,G,V,A,M,E,P,S,A,L,G,A,A,P,T,F,T,L,F,K,D,A,Q,L,M,R,R,A,D,I,Y,P,A,T,E,H,T,I,V,F,L,V,R,L,L,P,E,T,P,R,E,A,F,A,L,W,Q,M,M,A,E,D,F,Q,P,I,V,G,V,L,L,D,A,G,R,K,S,L,T,Y,F,N,H,D,P,R,A,A,L,Q,E,V,T,F,D,L,Q,D,A,K,K,V,F,F,G,S,F,H,K,V,H,V,A,V,G,H,F,K,V,R,L,Y,V,D,C,R,K,V,A,E,R,P,I,G,D,P,G,S,P,P,T,A,G,F,I,T,L,G,R,L,A,K,A,R,G,P,R,S,S,S,A,T,F,Q,L,Q,M,L,Q,I,V,C,S,D,T,W,A,D,K,D,K,C,C,E,L,P,A,L,R,D,G,E,T,C,P,A,F,P,S,S,C,A,C,S,S,E,T,P,G,P,P,G,P,Q,G,P,P,G,L,P,G,R,N,G,S,P,G,Q,Q,G,H,P,G,P,K,G,E,P,G,P,P,G,Q,T,G,P,E,G,P,G,G,Q,Q,G,S,P,G,T,Q,G,R,T,V,Q,G,P,M,G,P,P,G,V,K,G,E,K,G,D,H,G,L,P,G,L,Q,G,L,S,G,Q,Q,G,I,P,G,K,T,G,L,Q,G,P,G,M,R,G,L,E,G,P,A,G,L,P,G,P,P,G,P,F,Q,G,S,A,G,A,R,G,T,N,G,E,R,G,P,P,G,A,V,G,P,G,L,P,G,S,K,G,E,R,G,E,K,H,V,M,K,L,N,S,F,H,E,N,A,R,P,P,M,P,-,-,-,-,-,-,K,P,G,R,P,S,V,E,S,P,G,S,H,N,E,D,L,L,G,G,H,V,H,H,P,-
Microtus_oregoni,C,L,W,M,L,L,G,A,T,L,A,L,G,Q,V,S,G,R,L,R,L,A,V,L,P,E,D,Q,L,Q,M,K,W,R,E,A,E,G,S,G,L,G,Y,L,V,Q,V,T,P,M,A,G,D,L,E,Q,E,L,I,L,T,T,K,M,P,K,A,T,V,G,G,L,S,P,S,K,G,Y,I,L,Q,I,F,E,L,T,D,S,G,P,V,L,L,V,R,R,E,F,V,I,E,D,L,K,S,H,S,L,S,R,G,S,R,R,-,-,-,-,-,-,-,-,-,-,-,-,-,-,-,-,-,-,-,-,-,-,-,-,-,-,-,-,-,-,-,-,-,-,-,-,-,-,-,-,P,Q,F,H,C,M,P,P,T,P,T,D,I,I,F,L,V,D,G,S,W,S,I,G,H,S,H,F,Q,Q,V,K,D,F,L,A,S,I,I,T,P,F,E,I,G,P,D,K,V,Q,V,G,L,T,Q,Y,S,G,D,P,R,T,E,W,D,L,N,S,F,H,T,K,E,Q,V,L,A,A,V,H,S,L,R,Y,R,G,G,N,T,F,T,G,L,A,L,T,H,V,L,G,Q,N,L,K,P,A,A,G,A,R,S,E,A,A,K,V,L,I,L,V,T,D,G,K,S,Q,D,D,V,R,T,A,A,R,I,L,K,D,Q,D,I,D,V,F,V,V,G,V,K,N,A,D,E,A,E,L,K,L,L,A,S,Q,P,L,D,I,T,V,H,N,V,L,D,F,P,Q,L,A,T,L,A,A,L,L,S,R,L,V,C,Q,K,I,Q,G,-,-,-,-,-,A,E,A,T,L,A,L,D,P,L,P,M,P,T,R,L,V,L,T,H,V,T,S,S,S,V,H,L,S,W,T,P,A,S,Y,P,P,L,K,Y,L,I,V,W,Q,P,S,R,G,G,A,P,K,E,V,V,V,E,G,P,V,S,S,M,E,L,R,N,L,T,S,N,T,E,Y,M,V,S,V,F,P,V,Y,E,S,G,F,G,K,S,L,Q,G,W,A,T,T,A,P,L,P,P,P,G,A,L,T,L,A,S,A,T,P,R,T,L,H,L,T,W,Q,P,S,A,G,A,T,Q,Y,L,V,R,-,-,-,-,-,-,-,G,E,K,Q,R,R,E,V,H,V,G,Q,P,E,V,L,L,E,G,L,E,P,G,R,D,Y,E,V,S,V,Q,S,L,R,G,P,E,A,S,E,V,R,S,I,S,A,R,T,T,A,L,W,P,P,R,H,L,S,F,S,D,V,N,H,S,S,A,C,V,S,W,E,A,-,Q,R,P,V,R,L,V,K,V,S,Y,V,S,S,D,G,S,H,S,G,Q,T,Q,V,P,G,N,A,T,S,A,I,L,G,P,L,S,S,S,T,K,Y,T,V,R,V,T,C,F,Y,F,G,G,G,S,S,V,L,T,G,H,V,T,T,K,K,A,P,S,P,I,Q,L,S,V,V,E,L,A,G,D,S,V,K,L,S,W,V,A,A,A,L,S,G,V,L,V,Y,Q,I,K,W,T,P,L,G,E,G,K,A,H,E,I,S,V,P,G,T,L,D,T,A,I,L,P,G,L,M,S,H,V,E,Y,E,I,T,I,L,A,Y,Y,R,N,G,T,H,S,D,P,V,S,L,R,Y,I,P,T,S,A,S,R,N,P,P,S,S,L,V,L,S,S,E,T,P,N,S,L,Q,V,S,W,T,P,P,S,G,H,V,L,H,Y,R,L,N,Y,A,P,A,S,G,S,G,P,E,K,S,I,S,V,P,G,T,R,S,H,V,V,L,P,D,L,L,S,A,T,K,Y,R,V,L,V,S,A,V,Y,G,A,G,E,S,T,A,V,S,A,T,Y,R,T,A,A,C,P,A,L,N,S,D,S,S,L,S,G,F,D,L,M,V,A,F,G,L,V,A,K,E,Y,A,S,V,R,G,V,A,M,E,P,S,A,L,G,A,A,P,T,F,T,L,F,K,D,A,Q,L,M,R,R,A,D,I,Y,P,A,T,E,H,T,I,V,F,L,V,R,L,L,P,E,T,P,R,E,A,F,A,L,W,Q,M,M,A,E,D,F,Q,P,I,V,G,V,L,L,D,A,G,R,K,S,L,T,Y,F,N,H,D,P,R,A,A,L,Q,E,V,T,F,D,L,Q,D,A,K,K,V,F,F,G,S,F,H,K,V,H,V,A,V,G,H,F,K,V,R,L,Y,V,D,C,R,K,V,A,E,R,P,I,G,D,P,G,S,P,P,T,A,G,F,I,T,L,G,R,L,A,K,A,R,G,P,R,S,S,S,A,T,F,Q,L,Q,M,L,Q,I,V,C,S,D,T,W,A,D,K,D,K,C,C,E,L,P,A,L,R,D,G,E,T,C,P,A,F,P,S,S,C,A,C,S,S,E,T,P,G,P,P,G,P,Q,G,P,P,G,L,P,G,R,N,G,T,P,G,Q,Q,G,H,P,G,P,K,G,E,P,G,P,P,G,Q,T,G,P,K,G,P,G,G,Q,Q,G,S,P,G,T,Q,G,R,T,V,Q,G,P,M,G,L,P,G,V,K,G,E,K,G,D,H,G,L,P,G,L,Q,G,L,S,G,Q,Q,G,I,P,G,K,T,G,L,Q,G,P,G,M,R,G,L,E,G,P,A,G,L,P,G,P,P,G,P,F,Q,G,S,A,G,A,R,G,T,N,G,E,R,G,P,P,G,A,V,G,P,G,L,P,G,S,K,G,E,R,G,E,K,H,V,M,K,L,N,S,F,H,E,N,A,R,P,P,M,P,-,-,-,-,-,-,-,-,-,-,-,-,-,-,S,P,G,S,H,N,E,D,L,L,G,G,H,V,H,H,P,-
Mirounga_angustirostris,W,L,W,L,W,L,G,I,S,L,G,L,G,Q,A,S,S,R,L,R,L,A,V,L,P,E,D,Q,L,Q,M,K,W,R,E,S,E,G,G,S,L,G,Y,L,V,Q,L,K,P,R,A,G,D,A,E,Q,E,V,M,L,T,T,K,T,P,K,A,T,V,G,G,L,S,P,S,K,G,Y,T,V,Q,I,F,E,L,T,S,S,G,N,A,L,L,A,Q,Q,E,F,V,I,E,D,L,K,S,H,S,V,S,R,S,G,R,M,P,L,E,A,-,A,V,E,P,M,P,S,H,V,G,S,P,D,P,-,-,-,-,E,P,R,V,A,L,S,P,S,Q,D,P,P,T,P,A,S,P,Q,F,R,C,T,P,P,T,P,V,D,M,I,F,L,V,D,G,S,W,S,I,G,H,G,H,F,Q,Q,V,K,D,F,L,A,S,V,I,E,P,F,E,I,G,P,N,K,V,Q,V,G,L,T,Q,Y,S,G,D,P,Q,T,E,W,D,L,S,A,F,R,T,K,E,E,V,V,T,A,V,R,S,L,R,Y,R,G,G,N,T,F,T,G,L,A,L,T,H,V,W,E,Q,N,L,K,P,G,A,G,T,R,P,E,A,A,K,V,V,I,L,V,T,D,G,K,S,Q,D,D,V,R,A,A,G,H,V,L,K,D,L,G,V,A,V,F,A,V,G,V,K,N,A,D,E,A,E,L,Q,L,L,A,S,P,P,L,D,I,T,V,H,N,V,Q,D,F,P,Q,L,G,T,L,A,G,L,L,S,R,L,I,C,Q,K,V,Q,G,G,S,G,T,-,A,A,A,T,P,A,P,D,T,A,C,T,P,T,S,L,V,V,T,Q,V,T,S,S,S,V,H,L,S,W,T,P,A,P,Q,L,P,L,K,Y,L,I,T,W,R,P,S,G,G,G,T,P,R,E,V,V,V,E,G,P,T,S,S,A,E,L,H,S,L,M,A,G,T,E,Y,L,V,S,V,F,P,V,G,K,A,G,V,G,Q,G,L,R,G,L,V,T,T,A,P,L,P,A,P,Q,A,L,T,L,A,A,V,T,P,R,T,I,R,L,T,W,R,P,S,A,G,A,T,Q,Y,L,V,R,C,L,P,A,F,L,R,G,Q,E,E,G,R,E,V,R,V,G,Q,P,E,A,L,L,D,G,L,E,P,G,T,D,Y,D,V,W,V,Q,S,L,Q,G,T,E,A,S,E,A,R,G,I,R,A,R,T,A,T,L,A,P,P,R,H,L,G,F,S,D,V,S,H,D,S,A,R,V,F,W,E,G,I,P,R,P,V,R,L,F,R,V,S,F,V,S,S,E,G,S,H,S,G,Q,V,E,T,P,G,N,A,T,S,A,T,L,G,P,L,S,S,S,T,T,Y,S,V,R,V,T,C,L,Y,P,A,G,G,S,S,T,L,T,G,R,L,T,T,R,K,V,P,S,P,S,Q,L,S,V,T,E,L,P,G,D,E,V,Q,L,E,W,A,A,A,A,A,S,G,V,L,V,Y,Q,I,K,W,T,P,L,G,D,G,K,A,R,E,I,S,V,P,G,N,L,G,M,A,V,L,P,G,F,R,S,H,L,E,Y,E,I,T,I,L,A,Y,Y,R,D,G,A,R,S,D,P,V,S,L,R,Y,T,P,-,-,A,L,R,S,P,P,S,N,L,A,L,A,S,E,S,P,S,S,L,R,V,S,W,T,P,P,R,G,H,V,L,R,Y,R,L,T,Y,V,L,A,S,G,S,G,S,E,K,S,I,S,V,P,G,P,S,S,H,V,T,L,P,D,L,L,A,A,T,K,Y,R,V,L,V,S,A,V,Y,G,A,G,E,S,M,P,V,S,A,T,G,Q,T,-,A,C,P,A,L,S,P,D,G,P,L,P,G,F,D,L,M,A,A,F,G,L,V,E,K,E,Y,A,S,I,R,G,V,A,M,E,R,A,A,F,S,C,A,R,T,F,T,L,F,K,D,A,Q,L,T,R,R,A,G,L,Q,L,A,A,E,Y,T,V,V,F,L,L,R,V,L,P,E,T,P,R,E,S,F,A,L,W,Q,M,T,A,E,D,F,Q,P,V,L,G,V,L,L,D,A,G,R,K,S,L,T,Y,F,N,H,D,P,R,A,T,L,Q,E,V,T,F,D,L,P,E,V,R,R,I,F,F,G,S,F,H,K,V,H,V,A,V,G,R,S,R,V,R,L,Y,V,D,C,R,K,V,A,E,R,P,I,G,E,A,G,S,P,P,A,A,G,F,V,M,L,G,R,L,A,K,A,R,G,P,W,S,S,S,A,T,F,Q,L,Q,M,L,Q,I,V,C,S,E,S,W,A,E,E,D,V,C,C,E,L,P,A,A,K,D,G,E,T,C,P,A,F,P,S,A,C,T,C,S,S,Q,T,P,G,P,P,G,P,Q,G,P,P,G,L,P,G,R,I,G,A,P,G,E,Q,G,F,P,G,P,R,-,-,-,-,-,-,-,-,-,-,-,-,-,-,-,-,-,-,-,-,-,-,-,-,-,-,-,-,-,-,-,-,G,P,P,G,V,K,G,E,K,G,D,H,G,L,P,G,L,Q,G,H,P,G,H,Q,G,A,P,G,K,V,G,L,Q,G,P,G,M,R,G,L,E,G,S,A,G,L,P,G,P,P,G,P,F,Q,G,T,A,G,A,R,G,T,G,G,E,R,G,P,P,G,A,V,G,P,G,L,P,G,P,K,G,E,R,G,E,K,-,-,-,-,-,-,-,-,-,-,-,-,-,-,-,-,-,-,-,-,-,-,-,-,-,-,-,-,-,-,-,-,-,-,-,-,-,-,-,-,-,-,-,-,-,-,-,-,-
Mirounga_leonina,W,L,W,L,W,L,G,I,S,L,G,L,G,R,A,S,S,R,L,R,L,A,V,L,P,E,D,Q,L,Q,M,K,W,R,E,S,E,G,G,S,L,G,Y,L,V,Q,L,K,P,R,A,G,D,A,E,Q,E,V,M,L,T,T,K,T,P,K,A,T,V,G,G,L,S,P,S,K,G,Y,T,V,Q,I,F,E,L,T,S,S,G,N,A,L,L,A,Q,Q,E,F,V,I,E,D,L,K,S,H,S,V,S,R,S,G,R,M,P,L,E,A,-,A,V,E,P,M,P,S,H,V,G,S,P,D,P,-,-,-,-,E,P,R,V,A,L,S,P,S,Q,D,P,P,T,P,A,S,P,Q,F,R,C,T,P,P,T,P,V,D,M,I,F,L,V,D,G,S,W,S,I,G,H,G,H,F,Q,Q,V,K,D,F,L,A,S,V,I,E,P,F,E,I,G,P,N,K,V,Q,V,G,L,T,Q,Y,S,G,D,P,Q,T,E,W,D,L,S,A,F,R,T,K,E,E,V,V,T,A,V,R,S,L,R,Y,R,G,G,N,T,F,T,G,L,A,L,T,H,V,W,E,Q,N,L,K,P,G,A,G,T,R,P,E,A,A,K,V,V,I,L,V,T,D,G,K,S,Q,D,D,V,R,A,A,G,H,V,L,K,D,L,G,V,A,V,F,A,V,G,V,K,N,A,D,E,A,E,L,Q,L,L,A,S,P,P,L,D,I,T,V,H,N,V,Q,D,F,P,Q,L,G,T,L,A,G,L,L,S,R,L,I,C,Q,K,V,Q,G,G,S,G,T,-,A,A,A,T,P,A,P,D,T,A,C,T,P,T,S,L,V,V,T,Q,V,T,S,S,S,V,H,L,S,W,T,P,A,P,Q,L,P,L,K,Y,L,I,T,W,R,P,S,G,G,G,T,P,R,E,V,V,V,E,G,P,T,S,S,A,E,L,H,S,L,M,A,G,T,E,Y,L,V,S,V,F,P,V,G,K,A,G,V,G,Q,G,L,R,G,L,V,T,T,A,P,L,P,A,P,Q,A,L,T,L,A,A,V,T,P,R,T,I,R,L,T,W,R,P,S,A,G,A,T,Q,Y,L,V,R,C,L,P,A,F,P,R,G,Q,E,E,G,R,E,V,R,V,G,Q,P,E,A,L,L,D,G,L,E,P,G,T,D,Y,D,V,W,V,Q,S,L,Q,G,T,E,A,S,E,A,R,G,I,R,A,R,T,A,T,L,A,P,P,R,H,L,G,F,S,D,V,S,H,D,S,A,R,V,F,W,E,G,I,P,R,P,V,R,L,F,R,V,S,F,V,S,S,E,G,S,H,S,G,Q,V,E,T,P,G,N,A,T,S,A,T,L,G,P,L,S,S,S,T,T,Y,S,V,R,V,T,C,L,Y,A,A,G,G,S,S,T,L,T,G,R,L,T,T,R,K,V,P,S,P,S,Q,L,S,V,T,E,L,P,G,D,E,V,Q,L,E,W,A,A,A,A,A,S,G,V,L,V,Y,Q,I,K,W,T,P,L,G,D,G,K,A,R,E,I,S,V,P,G,N,L,D,M,A,V,L,P,G,F,R,S,H,L,E,Y,E,I,T,I,L,A,Y,Y,R,D,G,A,R,S,D,P,V,S,L,R,Y,T,P,-,-,A,L,R,S,P,P,S,N,L,A,L,A,S,E,S,P,S,S,L,R,V,S,W,T,P,P,R,G,H,V,L,R,Y,R,L,T,Y,V,L,A,S,G,S,G,S,E,K,S,I,S,V,P,G,P,S,S,H,V,T,L,P,D,L,L,A,A,T,K,Y,R,V,L,V,S,A,V,Y,G,A,G,E,S,M,P,V,S,A,T,G,Q,T,-,A,C,P,A,L,S,P,D,G,P,L,P,G,F,D,L,M,A,A,F,G,L,V,E,K,E,Y,A,S,I,R,G,V,A,M,E,R,A,A,F,S,C,A,R,T,F,T,L,F,K,D,A,Q,L,T,R,R,A,G,L,Q,L,A,A,E,Y,T,V,V,F,L,L,R,V,L,P,E,T,P,R,E,S,F,A,L,W,Q,M,T,A,E,D,F,Q,P,V,L,G,V,L,L,D,A,G,R,K,S,L,T,Y,F,N,H,D,P,R,A,T,L,Q,E,V,T,F,D,L,P,E,V,R,R,I,F,F,G,S,F,H,K,V,H,V,A,V,G,R,S,R,V,R,L,Y,V,D,C,R,K,V,A,E,R,P,I,G,E,A,G,S,P,P,A,A,G,F,V,M,L,G,R,L,A,K,A,R,G,P,W,S,S,S,A,T,F,Q,L,Q,M,L,Q,I,V,C,S,E,S,W,A,E,E,D,V,C,C,E,L,P,A,A,K,D,G,E,T,C,P,A,F,P,S,A,C,T,C,S,S,Q,T,P,G,P,P,G,P,Q,G,P,P,G,L,P,G,R,I,G,A,P,G,E,Q,G,F,P,G,P,R,-,-,-,-,-,-,-,-,-,-,-,-,-,-,-,-,-,-,-,-,-,-,-,-,-,-,-,-,-,-,-,-,G,P,P,G,V,K,G,E,K,G,D,H,G,L,P,G,L,Q,G,H,P,G,H,Q,G,A,P,G,K,V,G,L,Q,G,P,G,M,R,G,L,E,G,S,A,G,L,P,G,P,P,G,P,F,Q,G,T,A,G,A,R,G,T,G,G,E,R,G,P,P,G,A,V,G,P,G,L,P,G,P,K,G,E,R,G,E,K,-,-,-,-,-,-,-,-,-,-,-,-,-,-,-,-,-,-,-,-,-,-,-,-,-,-,-,-,-,-,-,-,-,-,-,-,-,-,-,-,-,-,-,-,-,-,-,-,-
Monodelphis_domestica,-,-,-,-,-,-,-,-,-,-,-,-,-,-,-,-,-,R,L,R,L,T,V,L,S,E,D,R,L,Q,M,K,W,K,E,S,E,G,N,T,N,G,Y,K,V,Q,V,K,P,M,A,G,D,S,E,Q,E,V,M,L,T,T,K,T,P,K,V,T,V,V,G,L,S,P,T,K,E,Y,T,L,Q,I,F,A,L,S,G,S,R,D,T,L,L,A,R,R,R,F,V,I,E,D,L,K,S,I,S,T,G,R,N,S,R,K,P,S,G,E,-,T,L,E,F,I,P,S,S,V,-,-,-,-,-,-,-,-,-,-,-,-,-,-,-,-,-,-,-,-,-,-,-,-,G,G,P,Q,F,Y,C,D,T,S,I,P,V,D,I,V,F,L,V,D,G,S,W,S,I,G,R,S,N,F,R,L,I,R,E,F,L,A,N,V,I,S,P,F,H,I,A,Q,D,K,V,R,I,G,L,S,Q,Y,S,G,D,P,R,T,E,W,N,L,N,S,F,S,T,K,E,D,I,L,E,A,I,R,N,L,R,Y,K,G,G,N,T,F,T,G,L,A,L,T,H,V,L,E,Q,N,L,K,L,E,A,G,S,R,S,E,A,V,K,V,V,I,L,L,T,D,G,K,S,Q,D,D,A,G,L,A,A,Q,V,L,K,D,V,G,I,D,I,F,A,I,G,V,K,N,A,D,E,S,E,L,T,H,L,A,S,L,P,L,D,V,T,V,H,N,V,L,D,F,P,L,L,G,N,L,T,S,R,L,I,R,L,L,C,W,K,I,Q,E,R,S,R,S,R,-,-,-,-,-,-,-,-,P,H,P,S,P,T,N,L,I,V,S,E,V,T,A,S,G,F,R,L,A,W,T,P,-,-,-,-,-,-,K,Y,R,I,I,Y,H,P,S,R,G,G,T,P,R,E,V,T,V,E,G,A,T,S,S,A,Q,L,L,N,L,T,S,N,T,E,Y,L,V,T,V,F,P,V,Y,K,D,G,V,G,E,G,L,R,D,I,V,T,T,L,P,L,S,P,P,S,S,L,T,I,F,S,V,D,H,N,S,I,H,L,T,W,K,P,S,N,K,A,T,E,Y,L,V,H,C,-,-,-,-,-,-,-,-,-,-,-,R,E,V,L,V,R,D,P,E,V,L,L,K,G,L,A,P,G,T,E,Y,S,I,A,V,Y,A,L,F,G,E,E,I,S,E,P,Q,S,I,Q,A,K,T,L,S,L,D,L,P,K,H,L,S,F,S,E,V,S,H,S,S,V,R,V,H,W,E,A,S,L,R,G,V,R,M,Y,H,V,S,Y,V,S,L,E,G,N,Q,A,G,E,I,D,V,S,R,N,A,S,S,V,N,L,A,P,L,S,S,S,T,S,Y,I,V,S,V,T,S,V,Y,K,D,G,D,S,S,T,L,T,G,R,V,T,T,R,K,V,P,A,P,S,H,L,K,V,T,E,L,P,G,D,D,V,R,L,E,W,A,A,A,A,A,S,G,V,V,V,Y,Q,I,K,W,T,P,L,G,E,G,K,A,Y,E,I,S,V,P,G,N,L,G,T,A,T,L,P,G,L,G,K,H,A,E,Y,E,I,S,I,L,A,Y,Y,R,D,G,A,R,S,D,T,V,S,L,Q,Y,T,P,-,-,M,S,R,N,P,P,L,N,L,V,L,A,S,E,T,P,S,S,L,R,I,L,W,T,S,P,N,D,N,V,L,H,Y,R,L,T,Y,A,L,A,S,G,S,G,P,E,K,T,I,I,V,P,G,P,E,N,H,V,T,L,P,L,L,L,P,G,T,K,Y,K,V,M,V,S,A,V,Y,S,L,G,E,S,K,V,V,S,A,I,G,R,T,A,A,C,P,A,L,H,A,N,N,S,L,P,G,F,D,M,M,E,A,F,G,L,V,E,K,K,Y,A,S,I,K,G,V,S,V,E,P,S,I,F,S,G,T,R,I,Y,T,L,F,R,D,V,Q,L,M,R,R,A,E,I,H,P,A,A,E,H,T,I,S,F,L,L,R,V,L,P,E,T,P,R,E,P,F,A,L,W,Q,I,T,D,E,T,F,E,P,L,L,G,V,T,L,D,A,G,R,K,S,L,A,Y,F,N,R,D,H,K,A,E,L,Q,E,V,T,F,D,L,Q,E,V,K,K,I,F,Y,G,S,F,H,K,-,-,-,-,-,-,-,-,-,-,-,-,-,-,-,-,-,-,-,-,-,-,-,-,-,-,-,-,-,-,-,-,-,-,-,-,-,-,-,-,-,-,-,-,-,-,-,-,-,-,-,-,-,-,-,-,-,-,-,-,-,-,-,-,-,-,-,-,-,-,-,-,-,-,-,-,-,-,-,-,D,A,E,T,C,P,A,L,A,S,T,C,T,C,S,L,D,Q,P,G,P,P,G,P,P,G,P,P,G,T,P,G,R,R,G,I,Q,G,E,Q,G,T,P,G,P,R,G,E,P,G,P,P,G,Q,T,G,P,E,G,P,G,G,Q,Q,G,S,P,G,T,Q,G,L,T,V,Q,G,P,V,G,P,P,G,L,K,G,E,K,G,D,I,G,H,P,G,L,Q,G,H,P,G,H,Q,G,P,P,G,R,H,G,L,Q,G,P,G,M,R,G,F,E,G,T,A,G,F,P,G,P,P,G,P,F,Q,G,I,A,G,A,R,G,I,N,G,E,K,G,S,P,G,D,V,G,P,G,L,P,G,P,K,G,E,R,G,E,K,H,V,L,K,F,D,P,Y,H,E,N,T,R,P,P,V,P,V,W,E,E,D,V,K,P,G,K,P,L,P,G,L,P,N,L,P,G,Q,K,G,D,R,G,K,D,G,F,-,-
Mus_caroli,C,L,W,M,F,L,G,T,T,L,A,L,G,Q,V,S,S,R,L,R,L,A,V,L,P,E,D,Q,L,Q,M,K,W,R,E,A,E,G,S,G,L,G,F,L,V,Q,V,T,P,M,A,G,D,L,E,Q,E,L,I,L,T,T,K,T,P,K,A,T,V,G,G,L,N,P,S,K,S,Y,T,L,Q,I,F,E,L,T,D,S,G,P,V,L,L,A,R,R,E,F,V,I,E,D,L,K,S,Q,S,L,G,R,G,S,R,R,L,A,G,A,-,T,L,E,P,T,-,-,-,-,-,-,-,-,-,-,-,-,-,-,-,-,-,-,-,-,-,-,-,-,-,-,-,-,-,-,P,Q,F,Q,C,T,P,P,T,P,A,D,I,I,F,L,V,D,G,S,W,S,I,G,H,N,H,F,Q,Q,V,K,D,F,L,A,S,I,I,T,Q,F,A,I,G,P,D,K,V,L,V,G,L,T,Q,Y,S,G,D,P,Q,T,E,W,D,L,N,S,F,Q,T,K,E,Q,V,L,A,A,V,H,H,L,H,Y,K,G,G,N,T,F,T,G,L,A,L,T,H,V,L,E,Q,N,L,K,P,A,A,G,V,R,P,E,A,A,K,V,L,I,L,V,T,D,G,K,S,Q,D,D,V,R,T,A,A,R,I,L,K,D,Q,D,I,D,V,F,V,V,G,V,K,N,V,D,E,A,E,L,K,L,L,A,S,Q,P,L,D,I,T,V,H,N,V,L,D,F,P,Q,L,A,T,L,A,P,L,L,S,R,L,I,C,Q,K,I,Q,G,-,-,-,-,-,A,A,G,T,R,V,L,D,P,L,P,T,P,T,R,L,T,L,T,H,A,T,S,S,S,I,H,L,S,W,T,P,A,L,Y,P,P,L,K,Y,L,I,V,W,Q,P,S,R,G,G,A,P,K,E,V,V,V,E,G,P,V,S,S,M,E,L,G,N,L,T,S,N,T,E,Y,L,V,S,V,L,P,V,Y,E,S,G,V,G,K,S,L,Q,G,R,A,T,T,A,P,L,P,P,P,G,P,L,T,L,A,A,V,T,P,R,T,L,R,V,T,W,P,P,S,-,G,V,T,Q,Y,L,V,Q,Y,L,L,A,T,S,T,G,E,E,Q,K,R,E,V,H,V,G,Q,P,E,V,L,L,D,G,L,E,P,G,Q,D,Y,A,V,S,V,Q,S,L,R,G,P,E,A,S,E,A,Q,S,I,R,A,R,T,S,A,L,G,P,P,R,H,L,T,F,S,D,V,R,Y,N,S,T,C,V,S,W,E,A,-,Q,R,P,M,R,L,V,K,V,S,Y,V,S,S,D,G,S,H,S,G,Q,T,Q,V,P,G,N,I,T,S,A,T,L,G,P,L,S,S,S,T,M,Y,T,I,R,V,T,C,F,Y,L,G,G,G,S,S,V,L,T,G,H,V,T,T,Q,K,A,P,S,P,G,Q,L,S,V,M,E,L,P,G,D,A,V,K,L,S,W,L,A,T,A,L,S,G,V,L,V,Y,Q,I,K,W,M,P,L,G,E,G,K,A,H,E,I,S,V,P,G,T,L,G,T,A,I,L,P,G,L,M,K,H,V,E,Y,E,I,T,I,L,A,Y,Y,R,D,G,T,R,S,D,P,V,S,L,R,Y,T,P,S,A,A,S,R,S,P,P,S,S,L,A,L,S,S,K,T,P,N,S,L,Q,V,N,W,T,P,P,S,G,H,V,L,H,Y,R,L,N,Y,T,L,A,S,G,S,G,P,E,K,S,I,S,V,P,G,T,R,S,H,V,V,L,R,D,L,M,S,A,T,K,Y,R,V,L,V,S,A,V,Y,G,A,G,E,S,M,A,V,S,A,T,Y,R,T,A,A,C,P,A,L,H,P,D,S,S,L,S,-,-,-,-,-,-,-,-,-,-,-,-,-,-,-,-,-,-,-,-,-,-,-,-,-,-,-,-,-,-,-,-,-,-,-,-,-,-,-,-,-,-,-,-,-,-,D,I,Y,P,S,T,E,H,T,I,V,F,L,V,R,L,L,P,E,T,P,R,E,A,F,A,L,W,Q,M,M,A,E,D,F,Q,P,V,L,G,V,L,L,D,A,G,R,K,S,L,T,Y,F,N,H,D,S,R,A,A,L,Q,E,V,T,F,D,L,Q,D,A,K,K,I,F,F,G,S,F,H,K,V,H,I,A,V,G,H,S,K,V,R,L,Y,V,D,C,R,K,V,A,E,R,P,I,G,D,A,G,S,P,P,T,G,G,F,I,T,L,G,R,L,A,K,A,R,G,P,R,S,S,S,A,T,F,Q,I,Q,M,L,Q,I,V,C,S,D,T,W,A,D,K,D,R,C,C,E,I,P,A,L,R,D,G,E,T,C,P,A,F,P,S,A,C,A,Y,S,S,E,T,P,G,P,P,G,P,Q,G,P,P,G,L,P,G,R,N,G,P,P,G,Q,Q,G,H,P,G,P,K,G,E,P,G,P,P,G,Q,T,G,P,E,G,P,G,G,Q,Q,G,S,P,G,T,Q,G,R,A,V,Q,G,P,M,G,P,P,G,A,K,G,E,K,G,D,Q,G,L,S,G,L,Q,G,L,S,G,Q,Q,G,I,P,G,K,T,G,L,Q,G,P,G,M,R,G,L,E,G,P,A,G,L,P,G,P,P,G,P,F,Q,G,L,A,G,A,R,G,T,N,G,E,R,G,A,P,G,A,V,G,P,G,L,P,G,S,K,G,E,R,G,E,K,H,V,L,K,L,N,S,F,H,E,N,A,R,P,P,M,P,-,-,-,-,-,-,-,-,-,-,-,-,-,-,-,-,-,-,-,-,E,A,L,L,W,G,H,I,L,R,P,-
Mus_musculus,C,L,W,M,F,L,G,T,T,L,A,L,G,Q,V,S,S,R,L,R,L,A,V,L,P,E,D,Q,L,Q,M,K,W,R,E,A,E,G,S,G,L,G,F,L,V,Q,V,T,P,M,A,G,D,L,E,Q,E,L,I,L,T,T,K,T,P,K,A,T,V,G,G,L,N,P,S,K,S,Y,T,L,Q,I,F,E,L,T,D,S,G,P,I,L,L,A,R,R,E,F,V,I,E,D,L,K,S,Q,S,L,G,R,G,S,R,R,L,A,G,A,-,T,L,E,P,T,-,-,-,-,-,-,-,-,-,-,-,-,-,-,-,-,-,-,-,-,-,-,-,-,-,-,-,-,-,-,P,Q,F,Q,C,T,P,P,T,P,A,D,I,I,F,L,V,D,G,S,W,S,I,G,H,N,H,F,Q,Q,V,K,D,F,L,A,S,I,I,T,Q,F,A,I,G,P,D,K,V,Q,V,G,L,T,Q,Y,S,G,D,P,Q,T,E,W,D,L,N,S,F,Q,T,K,E,Q,V,L,A,A,V,H,H,L,R,Y,K,G,G,N,T,F,T,G,L,A,L,T,H,V,L,E,Q,N,L,K,P,A,A,G,V,R,P,E,A,A,K,V,L,I,L,V,T,D,G,K,S,Q,D,D,V,R,T,A,A,R,I,L,K,D,Q,D,I,D,V,F,V,V,G,V,K,N,V,D,E,A,E,L,K,L,L,A,S,Q,P,L,D,I,T,V,H,N,V,L,D,F,P,Q,L,D,T,L,A,P,L,L,S,R,L,I,C,Q,K,I,Q,G,-,-,-,-,-,A,A,G,T,R,V,L,D,P,L,P,T,P,T,R,L,I,L,T,H,A,T,S,S,S,I,H,L,S,W,T,P,A,L,Y,P,P,L,K,Y,L,I,V,W,Q,P,S,R,G,G,A,P,K,E,V,V,V,E,G,P,V,S,S,M,E,L,G,N,L,T,S,S,T,E,Y,L,V,S,V,L,P,V,Y,E,S,G,V,G,K,S,L,Q,G,R,A,T,T,A,P,L,P,P,P,G,P,L,T,L,A,A,V,T,P,R,T,L,H,V,T,W,P,P,S,A,G,V,T,Q,Y,L,V,Q,Y,L,L,A,T,S,T,G,E,E,Q,K,R,E,V,H,V,G,Q,P,E,V,L,L,D,G,L,E,P,G,Q,D,Y,D,V,S,V,Q,S,L,R,G,P,E,A,S,E,V,Q,S,I,R,A,R,T,S,A,L,G,P,P,R,H,L,T,F,S,D,V,R,Y,N,S,T,C,V,S,W,E,A,-,Q,R,P,V,R,L,V,K,V,S,Y,I,S,S,D,G,S,H,S,G,Q,T,Q,V,P,G,N,L,T,S,A,T,L,G,P,L,S,S,S,T,M,Y,T,V,R,V,T,C,F,Y,L,G,G,G,S,S,V,L,T,G,H,V,T,T,Q,K,A,P,S,P,G,Q,L,S,V,M,E,L,P,G,D,A,V,K,L,S,W,L,A,T,A,L,S,G,V,L,V,Y,Q,I,K,W,M,P,L,G,E,G,K,A,R,E,I,S,V,P,G,T,L,G,T,A,T,L,P,G,L,M,K,H,V,E,Y,E,I,T,I,L,A,Y,Y,R,D,G,T,R,S,D,P,V,S,L,R,Y,T,P,S,A,A,S,R,S,P,P,S,S,L,A,L,S,S,E,T,P,N,S,L,Q,V,N,W,T,P,P,S,G,H,V,L,H,Y,R,L,N,Y,T,L,A,S,G,S,G,P,E,K,S,I,S,V,P,G,T,R,S,H,A,V,L,R,D,L,M,S,A,T,K,Y,R,V,L,V,S,A,V,Y,R,A,G,E,S,M,A,V,S,A,T,Y,R,T,A,A,C,P,A,L,H,P,D,S,S,L,S,G,F,D,L,M,V,A,F,G,L,V,A,K,E,Y,A,S,I,R,G,V,A,M,E,P,S,A,L,G,V,V,P,T,F,T,L,F,K,D,A,Q,L,M,R,R,V,D,I,Y,P,A,T,E,H,T,I,V,F,L,V,R,L,L,P,E,T,P,R,E,A,F,A,L,W,Q,M,M,A,E,D,F,Q,P,I,L,G,V,L,L,D,A,G,R,K,S,L,T,Y,F,N,H,D,S,R,A,A,L,Q,E,V,T,F,D,L,Q,D,A,K,K,I,F,F,G,S,F,H,K,V,H,I,A,V,G,H,S,K,V,R,L,Y,V,D,C,R,K,V,A,E,R,P,I,G,D,A,G,S,P,P,T,G,G,F,I,T,L,G,R,L,A,K,A,R,G,P,R,S,S,S,A,T,F,Q,L,Q,M,L,Q,I,V,C,S,D,T,W,A,D,K,D,R,C,C,E,I,P,A,L,R,D,G,E,T,C,P,A,F,P,S,A,C,A,Y,S,S,E,T,P,G,P,P,G,P,Q,G,P,P,G,L,P,G,R,N,G,P,P,G,Q,Q,G,H,P,G,P,K,G,E,P,G,P,P,G,Q,T,G,P,E,G,P,G,G,Q,Q,G,S,P,G,T,Q,G,R,A,V,Q,G,P,M,G,P,P,G,A,K,G,E,K,G,D,Q,G,L,S,G,L,Q,G,L,S,G,Q,Q,G,I,P,G,K,T,G,L,Q,G,P,G,M,R,G,L,E,G,P,A,G,L,P,G,P,P,G,P,F,Q,G,L,A,G,A,R,G,T,N,G,E,R,G,A,P,G,A,V,G,P,G,L,P,G,S,K,G,E,R,G,E,K,H,V,L,K,L,N,S,F,H,E,N,A,R,P,P,M,P,-,-,-,-,-,-,-,-,-,-,-,-,-,-,-,-,-,-,-,-,E,A,L,L,W,G,H,I,L,R,P,-
Mus_pahari,C,L,W,M,F,L,G,T,T,L,A,L,G,Q,V,S,S,R,L,R,L,A,V,L,P,E,D,Q,L,Q,M,K,W,R,E,A,E,G,S,G,L,G,Y,L,V,Q,V,T,P,M,A,G,D,L,E,Q,E,L,I,L,T,T,K,T,P,K,A,T,V,G,G,L,S,P,S,K,S,Y,T,L,Q,I,F,E,L,T,D,S,G,P,V,L,L,A,R,R,A,F,V,I,E,D,L,K,S,Q,T,L,G,R,G,S,R,R,L,A,G,A,-,T,L,E,P,T,-,-,-,-,-,-,-,-,-,-,-,-,-,-,-,-,-,-,-,-,-,-,-,-,-,-,-,-,-,-,P,Q,F,Q,C,T,P,P,T,P,A,D,I,I,F,L,V,D,G,S,W,S,I,G,H,S,H,F,Q,Q,V,K,D,F,L,A,N,I,V,T,Q,F,A,I,G,P,D,K,V,Q,V,G,L,T,Q,Y,S,G,D,P,Q,T,E,W,D,L,N,S,F,Q,T,K,E,Q,V,V,A,A,V,H,H,L,R,Y,K,G,G,N,T,F,T,G,L,A,L,T,H,V,L,E,Q,N,L,K,P,A,A,G,V,R,P,E,A,A,K,V,L,I,L,V,T,D,G,K,S,Q,D,D,V,R,T,A,A,R,I,L,K,D,Q,D,I,D,V,F,V,V,G,V,K,N,V,D,E,A,E,L,K,L,L,A,S,Q,P,L,D,I,T,V,H,N,V,L,D,F,P,Q,L,A,T,L,A,P,L,L,S,R,L,I,C,Q,K,I,Q,G,-,-,-,-,-,A,A,A,T,R,V,L,D,P,L,P,T,P,T,R,L,I,L,T,H,A,T,S,S,S,I,H,L,S,W,T,P,A,L,Y,P,P,L,K,Y,L,I,V,W,Q,P,S,R,G,G,A,P,K,E,V,V,V,E,G,P,V,S,S,M,E,L,G,N,L,T,S,N,T,E,Y,L,V,S,V,L,P,V,Y,E,S,G,I,G,K,S,L,Q,G,R,A,T,T,A,P,L,P,P,P,G,P,L,T,L,A,A,V,T,P,R,T,L,H,V,T,W,P,P,S,A,G,V,T,Q,Y,L,V,R,Y,L,L,A,T,S,T,G,E,E,Q,K,R,E,V,H,V,G,Q,P,E,V,L,L,D,G,L,E,P,G,Q,D,Y,D,V,S,V,Q,S,L,R,G,P,E,A,S,E,A,R,S,I,R,A,R,T,S,V,L,G,P,P,R,H,L,T,F,S,D,V,R,Y,N,S,T,C,V,S,W,E,A,-,Q,R,P,V,R,L,V,K,V,S,Y,V,S,S,D,G,S,H,S,G,Q,T,Q,V,P,G,N,I,T,S,A,T,L,G,P,L,S,S,S,T,M,Y,T,V,R,V,T,C,F,Y,L,G,G,G,S,S,M,L,T,G,H,V,I,T,Q,K,A,P,S,P,G,Q,L,S,V,M,E,L,P,G,D,A,V,K,L,S,W,L,A,T,A,L,S,G,V,L,V,Y,Q,I,K,W,M,P,L,G,E,G,K,A,H,E,I,S,V,P,G,T,L,G,T,A,I,L,P,G,L,M,K,H,V,E,Y,E,I,T,I,L,A,Y,Y,R,D,G,T,R,S,D,P,V,S,L,R,Y,T,P,S,A,A,S,R,S,P,P,S,S,L,A,L,S,S,E,T,P,N,S,L,Q,V,N,W,T,P,P,S,G,H,V,L,H,Y,R,L,N,Y,T,L,A,S,G,S,G,A,E,K,S,I,S,V,P,G,T,R,S,H,V,V,L,R,D,L,M,S,A,T,K,Y,R,V,L,V,S,A,V,Y,G,A,G,E,S,M,A,V,S,A,T,Y,R,T,A,A,C,P,A,L,H,P,D,S,S,L,S,G,F,D,L,M,V,A,F,G,L,V,A,K,E,Y,A,S,I,R,G,V,A,M,E,P,S,A,L,G,V,V,P,T,F,T,L,F,K,D,A,Q,L,M,R,R,V,D,I,Y,P,A,T,E,H,T,I,V,F,L,V,R,L,L,P,E,T,P,R,E,A,F,A,L,W,Q,M,M,A,E,D,L,Q,P,I,L,G,V,L,L,D,A,G,R,K,S,L,T,Y,F,N,H,D,S,R,A,A,L,Q,E,V,T,F,D,L,Q,D,A,K,K,I,F,F,G,S,F,H,K,V,H,I,A,V,G,H,S,K,V,R,L,Y,V,D,C,R,K,V,A,E,R,P,I,G,D,A,G,S,P,P,A,G,G,F,I,T,L,G,R,L,A,K,A,R,G,P,R,S,S,S,A,T,F,Q,L,Q,M,L,Q,I,V,C,S,D,T,W,A,D,K,D,K,C,C,E,I,P,A,L,R,D,G,E,T,C,P,A,F,P,S,A,C,A,Y,S,S,V,T,P,G,P,P,G,P,Q,G,P,P,G,L,P,G,R,N,G,P,P,G,Q,Q,G,H,P,G,P,K,G,E,P,G,P,P,G,Q,T,G,P,E,G,P,G,G,Q,Q,G,S,P,G,T,Q,G,R,T,V,Q,G,P,M,G,P,S,G,A,K,G,E,K,G,D,Q,G,L,P,G,L,Q,G,L,S,G,Q,Q,G,I,P,G,K,T,G,L,Q,G,P,G,M,R,G,L,E,G,P,A,G,L,P,G,P,P,G,P,F,Q,G,L,A,G,A,R,G,T,N,G,E,R,G,P,P,G,A,V,G,P,G,L,P,G,S,K,G,E,R,G,E,K,H,V,L,K,L,N,S,F,H,E,N,A,R,P,P,M,P,-,-,-,-,-,-,-,-,-,-,-,-,-,-,-,-,-,-,-,-,E,A,L,L,W,G,H,I,L,H,P,-
Mustela_erminea,C,L,W,L,W,L,G,V,A,L,G,L,G,Q,A,S,S,R,L,R,L,A,V,L,P,E,D,R,L,Q,-,-,-,-,-,-,-,-,-,-,-,-,-,-,-,-,-,-,P,A,A,G,D,A,E,Q,E,V,I,L,T,T,K,T,P,K,A,-,V,G,R,L,S,P,S,K,G,Y,T,V,Q,I,F,K,L,T,G,S,G,N,A,L,L,A,Q,R,E,F,V,L,Q,D,L,K,S,H,A,A,S,G,S,S,R,K,P,P,Q,A,-,A,V,E,P,T,P,S,H,A,G,S,P,G,P,-,-,-,-,E,P,R,V,A,S,S,P,G,Q,D,S,P,K,P,A,N,P,Q,F,R,G,T,P,P,T,P,G,D,M,L,F,L,V,D,G,S,W,S,M,G,H,S,H,F,Q,Q,V,K,D,F,L,A,S,I,I,E,P,F,E,I,G,P,N,K,V,Q,V,G,L,T,Q,Y,S,G,D,P,Q,T,E,W,D,L,S,A,F,R,S,K,D,K,V,L,A,A,V,C,S,L,R,Y,K,G,G,N,T,F,T,G,L,A,L,T,H,V,R,E,Q,N,L,K,P,G,A,G,P,R,P,E,A,A,K,V,V,V,L,V,M,D,D,K,S,Q,D,N,A,R,A,A,G,H,V,L,K,D,L,G,V,A,V,F,A,V,G,G,Q,N,A,D,E,A,E,L,R,L,L,E,-,P,P,L,D,I,T,V,H,S,M,Q,D,F,P,Q,L,G,T,L,A,S,L,L,S,R,L,I,C,Q,K,V,Q,G,R,S,-,-,-,-,-,-,-,-,-,-,-,-,-,-,-,-,-,R,L,T,L,T,Q,V,T,P,S,S,I,H,L,S,W,T,P,D,P,Q,L,R,L,K,Y,L,V,T,W,R,P,-,R,G,G,P,P,Q,E,V,V,L,D,G,P,A,L,S,M,T,L,H,N,L,T,V,G,T,E,Y,L,V,S,V,L,P,V,S,E,A,G,V,G,E,G,L,G,G,L,V,T,T,A,P,L,P,P,P,Q,A,L,T,L,A,A,G,T,P,T,T,V,R,L,T,W,R,P,S,A,-,A,T,Q,Y,L,V,R,C,S,P,A,S,P,S,H,R,E,R,Q,R,R,V,Q,V,G,Q,P,E,V,L,L,D,G,L,K,P,G,T,D,Y,D,V,Q,V,Q,S,L,Q,G,P,E,A,S,E,A,Q,G,I,R,A,R,T,-,-,-,-,P,P,R,H,L,G,F,S,D,G,S,H,D,S,A,R,V,F,W,E,G,V,P,R,P,V,L,L,F,R,V,G,F,V,T,S,E,G,S,H,S,G,Q,V,E,A,P,G,K,A,T,S,A,T,L,G,P,L,F,S,-,T,T,Y,S,V,R,V,T,S,L,D,P,A,G,G,S,S,T,V,T,G,R,L,T,T,R,K,V,P,S,P,S,K,L,S,A,T,E,L,P,G,D,E,V,Q,L,E,W,A,A,A,S,A,S,G,A,L,V,H,Q,I,K,W,T,P,V,G,D,G,K,A,G,E,I,S,V,P,G,S,L,G,V,A,V,L,P,G,L,R,S,H,L,E,Y,E,I,T,I,V,A,F,Y,R,H,G,A,R,S,D,P,V,S,L,Y,Y,T,P,-,-,-,-,R,S,P,P,S,D,L,A,L,A,S,K,S,P,S,S,L,R,V,T,W,M,P,P,S,G,H,V,L,H,Y,Q,L,T,Y,V,L,D,S,G,S,G,P,E,K,S,I,S,V,P,G,P,R,N,H,V,T,L,P,D,L,L,A,A,T,K,Y,R,V,Q,V,S,A,V,Y,G,A,R,E,N,A,P,V,S,A,S,G,R,-,-,-,-,-,-,-,-,-,-,-,-,-,-,G,F,D,L,V,A,T,F,G,L,V,G,Q,E,H,A,S,L,R,G,V,A,M,E,C,A,A,S,G,G,A,R,T,F,T,L,L,K,D,A,R,L,T,R,W,A,G,S,Q,L,A,A,E,H,T,V,V,F,L,L,R,A,L,P,E,T,P,R,E,A,F,A,L,Q,Q,M,T,A,E,D,L,Q,P,I,P,G,V,L,L,D,A,G,R,K,S,L,T,Y,F,N,H,N,P,R,A,T,L,Q,E,V,T,F,D,L,P,E,V,R,K,I,F,F,G,S,F,H,K,V,H,V,A,V,G,H,S,K,V,R,L,Y,V,D,C,Q,K,V,A,E,R,P,I,G,E,A,G,S,P,P,A,T,G,F,V,M,L,G,R,L,A,K,A,R,G,P,R,S,S,S,A,T,L,Q,L,Q,L,L,H,F,V,C,R,D,S,W,G,-,K,D,V,C,C,E,L,P,A,P,K,D,G,E,T,A,-,A,F,S,S,A,C,T,C,S,S,Q,T,P,G,P,P,G,P,P,G,P,P,G,L,P,G,R,N,R,A,P,G,E,Q,G,F,P,G,P,R,-,-,-,-,-,-,-,-,-,-,-,-,-,-,-,-,-,-,-,-,-,-,-,-,-,-,-,-,-,-,-,-,G,P,P,G,V,K,G,E,K,G,D,H,G,F,P,G,L,K,G,H,P,G,H,Q,G,A,P,G,K,V,G,L,Q,G,P,G,M,R,G,L,E,G,S,A,S,L,P,G,P,P,G,P,F,H,G,T,A,R,A,R,G,T,S,G,E,R,G,P,P,G,A,V,G,P,G,L,P,G,P,T,G,E,R,-,E,G,-,-,-,-,-,-,-,-,R,E,S,A,R,P,P,R,P,I,L,E,-,-,-,-,-,-,-,-,-,-,-,-,-,-,-,-,-,-,-,-,-,-,-,-,-,-,-,-,-
Mustela_putorius_furo,C,L,W,L,W,L,G,V,A,L,G,L,G,Q,A,S,S,C,L,R,L,A,V,L,P,E,H,R,L,Q,T,K,W,R,E,A,E,G,S,G,F,G,F,L,G,Q,V,K,P,A,A,G,D,A,E,Q,E,V,V,L,T,T,K,A,P,-,-,-,V,G,R,L,S,P,S,K,G,Y,T,V,Q,I,F,K,L,T,G,S,G,N,A,L,L,A,Q,R,E,F,V,R,K,D,L,K,S,H,A,T,S,G,S,S,R,K,P,P,E,A,-,A,A,E,P,T,P,S,H,A,G,S,P,G,P,-,-,-,-,E,P,R,V,A,S,S,P,G,Q,D,S,P,K,P,A,N,P,Q,F,C,G,T,P,P,T,P,G,D,M,L,F,L,V,D,G,S,W,S,V,G,H,S,H,F,Q,Q,V,K,D,F,L,A,S,I,I,E,P,F,E,I,G,P,N,K,V,Q,V,G,L,T,Q,Y,S,G,D,P,Q,T,E,W,D,L,S,A,F,R,S,K,D,K,V,L,T,A,V,C,S,L,R,Y,K,G,G,N,T,F,T,G,L,A,L,T,H,V,R,E,Q,N,L,K,P,G,A,G,P,R,P,E,A,A,K,V,V,V,L,V,T,D,G,K,S,Q,D,D,A,H,A,A,G,R,V,L,K,D,L,G,V,A,V,F,A,V,G,G,Q,N,A,D,E,A,E,L,R,L,L,E,S,P,P,L,D,I,T,V,H,S,V,R,D,F,P,Q,L,G,T,L,A,G,L,L,S,R,L,I,C,Q,K,V,Q,G,G,S,-,-,-,-,-,-,-,-,-,-,-,-,-,-,-,-,-,-,L,T,L,T,Q,A,T,P,S,S,I,H,L,S,W,T,P,D,P,Q,L,P,L,K,Y,L,V,T,W,R,P,S,-,G,V,A,P,H,R,V,V,L,D,G,P,A,L,S,M,T,L,H,N,L,T,V,G,P,E,Y,L,V,S,V,L,P,V,G,E,A,G,V,G,K,G,L,G,G,L,V,T,T,A,P,L,P,L,P,Q,A,L,T,L,A,A,G,T,P,T,T,V,R,L,T,W,R,P,-,-,-,-,-,-,-,-,-,-,-,-,-,-,-,-,-,-,-,-,-,-,-,-,V,Q,V,G,Q,P,E,V,L,L,D,G,L,K,P,G,T,D,Y,D,V,Q,V,Q,S,L,Q,-,-,-,-,-,-,-,-,-,-,-,-,-,-,-,-,-,-,-,-,-,-,-,-,-,-,-,-,-,-,-,-,-,-,-,-,-,-,-,-,-,-,-,-,-,-,-,-,-,-,-,-,-,-,-,-,-,-,-,-,-,-,-,-,-,-,-,-,-,-,-,-,-,-,-,-,-,-,-,-,-,-,-,-,-,-,-,-,-,-,-,-,-,-,-,-,-,-,-,-,-,-,-,-,-,-,-,-,-,-,-,-,-,-,-,-,-,-,-,-,-,-,-,-,-,-,-,-,-,-,-,-,-,-,-,-,-,-,-,-,-,-,-,-,-,-,-,-,-,-,-,-,-,-,-,-,-,-,-,-,-,-,-,-,-,-,-,-,-,-,-,-,-,-,-,-,-,-,-,-,-,-,-,-,-,-,-,-,-,-,-,-,-,-,-,-,-,-,-,-,-,-,-,-,-,-,-,-,-,-,-,-,-,-,-,-,-,-,-,-,-,-,-,-,-,-,-,-,-,-,-,-,-,-,-,-,-,-,-,-,-,-,-,-,-,-,I,S,D,P,G,P,R,N,H,L,T,L,P,D,L,L,A,A,T,K,Y,R,V,Q,V,S,A,V,Y,G,A,R,E,S,A,P,V,S,A,T,G,R,-,-,-,-,-,-,-,-,-,-,-,-,-,-,G,F,D,L,V,A,G,F,G,L,V,E,Q,E,H,A,S,L,R,G,V,A,V,E,R,A,A,S,S,C,T,R,T,F,T,L,L,K,D,A,R,L,T,R,-,-,-,-,-,-,-,-,-,-,-,-,-,-,-,-,-,-,-,-,-,-,-,-,-,-,-,-,-,-,-,-,-,-,-,-,-,-,-,-,-,-,-,-,-,-,A,G,R,K,S,L,T,Y,F,N,H,D,P,R,A,T,L,Q,E,V,T,F,D,L,P,E,V,K,K,I,F,F,G,S,F,H,K,V,H,G,A,V,G,H,S,K,V,R,L,Y,V,D,C,Q,K,V,A,E,R,P,I,G,E,A,G,S,P,P,A,T,G,F,V,M,L,G,R,L,A,K,A,R,G,P,R,S,S,S,A,T,L,Q,L,Q,L,L,H,F,V,R,R,D,S,W,-,-,-,-,-,C,C,E,L,P,A,-,-,-,-,-,-,-,-,A,F,S,S,A,C,T,C,S,S,Q,T,-,-,-,P,G,P,P,G,P,P,G,L,P,G,R,N,G,A,P,G,E,Q,G,F,P,G,P,R,-,-,-,-,-,-,-,-,-,-,-,-,-,-,-,-,-,-,-,-,-,-,-,-,-,-,-,-,-,-,-,-,-,-,-,-,-,-,-,-,-,-,-,-,-,-,-,-,-,-,-,-,-,-,-,-,-,-,-,-,-,-,-,-,-,-,-,-,-,-,-,-,-,-,-,-,-,-,-,-,-,-,-,-,-,-,-,-,-,-,-,-,-,-,-,-,-,-,-,-,-,-,-,-,-,-,-,-,-,-,-,-,-,-,-,-,-,-,-,-,-,-,-,-,-,-,-,-,-,-,-,-,-,-,-,-,-,-,-,-,-,-,-,-,-,-,-,-,-,-,-,-,-,-,-,-,-,-,-,-,-,-,-,-,-,-,-
Myodes_glareolus,C,L,W,M,L,L,G,A,T,L,A,L,G,L,V,S,G,R,L,R,L,A,V,L,P,E,D,Q,L,Q,M,K,W,R,E,A,E,G,S,G,L,G,Y,L,V,Q,V,T,P,M,A,G,D,L,E,Q,E,L,I,L,T,T,K,M,P,K,A,T,V,G,G,L,S,P,S,K,G,Y,I,L,Q,I,F,E,L,T,D,S,G,P,V,L,L,A,R,R,E,F,V,I,E,D,L,K,S,H,S,Q,S,R,-,-,-,-,-,-,-,-,-,-,-,-,-,-,-,-,-,-,-,-,-,D,P,E,K,T,P,E,P,S,I,A,F,T,S,S,R,D,W,P,I,L,A,D,P,Q,F,H,C,T,P,L,T,P,T,D,I,I,F,L,V,D,G,S,W,S,I,G,H,S,H,F,Q,Q,V,K,D,F,L,A,S,I,I,T,P,F,E,I,G,P,D,K,V,Q,V,G,L,T,Q,Y,S,G,D,P,Q,T,E,W,D,L,N,S,F,H,T,K,E,Q,V,L,A,A,V,H,S,L,H,Y,R,G,G,N,T,F,T,G,L,A,L,T,H,V,L,G,Q,N,L,K,P,A,A,G,A,R,P,E,A,A,K,V,L,I,L,V,T,D,G,K,S,Q,D,D,V,R,T,A,A,R,I,L,K,D,Q,D,I,D,V,F,V,V,G,V,K,N,A,D,E,A,E,L,K,L,L,A,S,Q,P,L,D,I,T,V,H,N,V,L,D,F,P,Q,L,A,T,L,A,A,L,L,S,R,L,V,C,Q,K,I,Q,G,-,-,-,-,-,A,A,A,T,L,A,L,D,P,L,P,M,P,T,R,L,V,L,T,H,V,T,S,S,S,V,H,L,S,W,T,P,A,S,Y,P,P,L,K,Y,L,I,V,W,Q,P,S,R,G,G,A,P,K,E,V,V,V,E,G,P,V,S,S,T,E,L,R,N,L,T,S,N,T,E,Y,L,V,S,V,F,P,V,Y,E,S,G,F,G,K,S,L,Q,G,W,A,T,T,A,P,L,P,P,P,G,A,L,T,L,A,S,A,T,P,R,T,L,H,L,T,W,Q,P,S,D,G,A,T,Q,Y,L,V,R,Y,L,P,T,F,Y,P,G,E,K,Q,R,R,E,V,H,V,G,Q,P,E,V,L,L,E,G,L,E,P,G,H,D,Y,E,V,S,V,Q,S,L,R,G,P,E,A,S,E,V,R,S,I,S,A,R,T,T,A,L,G,P,P,R,P,L,S,F,S,D,V,N,Y,N,S,A,C,V,S,W,E,A,-,Q,R,P,V,R,L,V,K,V,S,Y,V,S,S,D,G,S,H,S,G,Q,T,Q,V,P,G,N,A,T,S,A,T,L,G,P,L,S,S,S,T,K,Y,T,I,R,V,T,C,F,Y,F,G,G,G,S,S,M,L,T,G,H,V,T,T,K,K,A,P,S,P,I,Q,L,S,V,V,E,L,P,G,D,A,V,K,L,S,W,V,A,A,A,L,S,G,V,L,V,Y,Q,I,K,W,M,P,L,G,E,G,K,A,H,E,I,S,V,P,G,T,L,D,T,A,T,L,P,G,L,M,S,H,V,E,Y,E,I,T,I,L,A,Y,Y,R,D,G,T,R,S,D,P,V,S,L,R,Y,I,P,T,A,A,S,R,N,P,P,S,S,L,V,L,S,S,E,T,P,N,S,L,Q,V,S,W,T,P,P,S,G,H,V,L,H,Y,R,L,N,Y,A,P,A,S,G,S,G,P,E,K,S,I,S,V,P,G,T,R,S,H,V,V,L,P,D,L,L,S,A,T,K,Y,R,V,L,V,S,A,V,Y,G,A,G,E,S,T,A,V,S,A,T,Y,R,T,A,A,C,P,A,L,N,S,D,S,S,L,S,G,F,D,L,M,V,A,F,G,L,V,A,K,E,Y,A,S,I,R,G,V,A,M,E,P,S,A,L,G,A,A,P,T,F,T,L,F,K,D,A,Q,L,M,R,R,A,D,I,Y,P,A,A,E,H,T,I,V,F,L,V,R,L,L,P,E,T,P,R,E,A,F,A,L,W,Q,M,M,A,E,D,F,Q,P,L,V,G,V,L,L,D,A,G,R,K,S,L,T,Y,F,N,H,D,P,R,A,A,L,Q,E,V,T,F,D,L,Q,D,A,K,K,V,F,F,G,S,F,H,K,V,H,V,A,V,G,H,S,K,V,R,L,Y,V,D,C,R,K,V,A,E,R,P,I,G,D,P,G,S,P,P,T,A,G,F,I,A,L,G,R,L,A,K,A,R,G,P,R,S,S,S,A,T,F,Q,L,Q,M,L,Q,I,V,C,S,D,T,W,A,E,K,D,K,C,C,E,L,P,A,L,R,D,G,E,T,C,P,A,F,P,S,S,C,A,C,S,S,E,T,P,G,P,P,G,P,Q,G,P,P,G,L,P,G,R,N,G,T,P,G,Q,Q,G,H,P,G,P,K,G,E,P,G,P,P,G,Q,T,G,P,E,G,P,G,G,Q,Q,G,S,P,G,T,Q,G,R,T,V,Q,G,P,M,G,P,P,G,V,K,G,E,K,G,D,H,G,L,P,G,L,Q,G,L,S,G,Q,Q,G,I,P,G,K,A,G,L,Q,G,P,G,M,R,G,L,E,G,P,A,G,L,P,G,P,P,G,P,F,Q,G,S,A,G,A,R,G,T,N,G,E,R,G,P,P,G,A,V,G,P,G,L,P,G,S,K,G,E,R,G,E,K,H,V,M,K,L,N,S,F,Y,E,N,A,R,P,P,M,P,F,M,V,E,T,A,K,S,G,R,P,S,V,E,S,P,G,S,H,K,E,D,L,L,G,G,H,V,H,H,P,-
Neogale_vison,C,L,W,L,W,L,G,V,A,L,G,L,G,Q,A,S,S,R,L,R,L,A,V,L,P,E,D,R,L,Q,M,K,W,R,E,A,E,G,S,G,L,G,Y,L,V,Q,V,K,P,A,A,G,D,A,E,Q,E,G,I,L,T,T,K,T,P,K,A,P,G,G,D,L,S,P,S,K,G,Y,T,V,Q,I,F,K,L,T,G,S,G,N,A,L,L,A,Q,R,E,F,V,H,K,D,L,K,S,H,A,A,S,G,S,S,R,K,P,P,D,A,-,A,A,E,P,T,P,S,H,A,G,S,P,G,P,-,-,-,-,E,P,R,V,A,S,S,P,G,Q,D,S,P,T,-,A,N,P,Q,F,R,C,T,P,P,T,P,M,D,K,L,F,L,V,D,G,S,W,S,I,G,H,S,H,F,Q,Q,V,K,D,F,L,A,R,I,I,E,P,F,E,I,G,P,N,K,V,Q,V,G,L,T,Q,Y,S,G,D,H,Q,T,E,W,D,L,S,A,F,R,S,K,D,K,V,L,A,A,V,C,S,L,R,Y,K,A,G,N,T,F,T,G,L,A,L,T,H,V,R,E,Q,N,L,K,P,G,A,G,P,H,P,E,A,A,K,V,V,V,L,V,T,D,G,K,S,Q,D,H,A,R,A,P,G,R,V,L,K,D,L,G,V,A,V,F,A,V,G,G,E,R,A,D,E,A,E,L,R,L,L,A,S,P,P,A,D,V,T,V,H,S,V,R,D,S,P,R,L,G,T,L,A,G,V,L,S,R,L,I,C,Q,K,V,Q,G,-,-,-,-,-,-,-,-,-,-,-,-,-,-,-,-,G,S,Q,R,L,T,L,T,Q,A,T,P,S,S,I,H,L,S,W,T,P,D,P,Q,L,P,L,K,Y,L,V,T,W,R,P,S,-,G,W,P,P,A,E,V,V,L,D,G,P,A,S,S,V,T,L,H,N,L,T,V,G,T,E,Y,L,V,S,V,L,L,V,G,E,A,G,V,G,E,G,L,G,G,L,V,S,T,A,P,L,P,P,P,Q,A,L,T,L,A,A,G,T,P,T,T,V,R,L,T,W,-,-,-,-,-,-,-,-,-,-,-,-,-,-,-,-,-,-,-,-,-,-,-,-,-,-,-,-,-,-,-,-,-,-,-,-,-,-,-,-,-,-,-,-,-,-,-,-,-,-,-,-,-,-,-,-,-,-,-,-,-,-,-,-,-,-,-,-,-,-,-,-,-,-,-,-,-,-,-,-,-,-,-,-,-,-,-,-,-,-,-,-,-,-,-,-,-,-,-,-,-,-,-,-,-,-,-,-,-,-,-,-,-,-,-,-,-,-,-,-,-,-,-,-,-,-,-,-,-,-,-,-,-,-,-,-,-,-,-,-,-,-,-,-,-,-,-,-,-,-,-,-,-,-,-,-,-,-,-,-,-,-,-,-,-,-,-,-,-,-,-,-,-,-,-,-,-,-,-,-,-,-,-,-,-,-,-,-,-,-,-,-,-,-,-,-,-,-,-,-,-,-,-,-,-,-,-,-,-,-,-,-,-,-,-,-,-,-,-,-,-,-,-,-,-,-,-,-,-,-,-,-,-,-,-,-,-,-,-,-,-,-,-,-,-,-,-,-,-,-,-,-,-,-,-,-,-,-,-,-,-,-,-,-,-,-,-,-,-,-,-,-,-,-,-,-,-,-,-,-,-,-,-,-,-,-,-,-,-,-,-,-,-,-,-,-,-,-,-,-,-,-,-,-,-,-,-,-,-,-,-,-,-,-,-,-,-,-,-,-,-,-,-,-,-,-,-,-,-,-,-,-,-,-,-,-,-,-,-,-,-,-,-,-,-,-,-,-,-,-,-,-,-,-,-,G,F,D,L,V,A,A,F,G,L,V,E,Q,E,H,A,S,L,R,G,A,A,M,E,R,A,A,F,G,C,A,R,T,F,T,L,F,K,D,-,-,-,-,-,-,-,-,-,-,-,-,-,-,-,-,-,-,-,-,-,-,-,-,-,-,-,-,-,-,-,-,-,-,-,-,-,-,-,-,-,-,-,-,-,-,-,-,-,-,-,-,-,-,-,-,-,-,-,-,-,-,-,P,R,A,T,L,Q,E,V,T,F,D,L,P,E,V,R,K,I,F,F,G,S,F,H,K,V,H,V,A,V,G,R,S,K,V,R,L,H,V,D,R,Q,K,V,A,E,R,P,N,G,E,A,G,S,P,P,A,T,G,F,-,M,A,G,R,L,A,K,A,R,G,P,R,S,S,S,A,T,L,Q,L,Q,L,L,H,F,V,C,S,D,S,W,-,-,E,D,A,C,C,E,L,P,A,A,G,E,-,-,-,-,-,-,-,-,-,-,-,-,-,-,-,-,-,P,G,P,P,K,Q,M,G,P,E,G,L,V,G,R,Q,G,S,P,G,-,-,-,-,-,-,-,-,-,-,-,-,-,-,-,-,-,-,-,-,-,-,-,-,-,-,-,-,-,-,T,E,A,R,T,V,Q,G,P,G,G,P,P,R,V,K,G,E,K,G,D,H,G,L,P,G,L,K,G,H,P,G,H,Q,G,V,P,G,K,V,G,V,Q,R,P,G,M,R,G,L,E,G,S,A,S,L,P,G,P,P,G,P,F,H,G,T,A,G,A,R,G,T,S,G,E,R,R,P,P,G,A,V,G,P,G,L,P,G,P,K,G,E,R,G,E,K,Q,V,R,K,F,H,S,F,R,E,S,A,R,A,P,R,P,I,L,E,-,-,-,-,-,-,-,-,-,-,-,-,-,-,-,-,-,-,-,-,-,-,-,-,-,-,-,-,-
Odobenus_rosmarus_divergens,-,-,-,-,-,-,-,-,-,-,-,-,-,-,-,S,S,R,L,R,L,A,V,L,P,E,D,Q,L,Q,M,K,W,R,E,S,G,G,G,N,L,G,Y,L,V,Q,V,K,P,R,A,G,D,T,E,Q,E,V,M,L,T,T,K,T,P,K,A,T,V,G,G,L,S,P,S,K,G,Y,T,V,Q,I,F,E,L,T,S,S,G,N,A,L,L,A,Q,R,E,F,V,I,E,D,L,K,S,N,S,V,S,R,S,S,Q,M,P,L,E,A,-,A,V,E,P,M,P,S,H,V,G,S,P,D,P,-,-,-,-,E,P,R,V,A,L,S,P,S,Q,D,P,P,T,-,A,S,P,Q,F,R,C,T,P,P,T,P,V,D,M,I,F,L,V,D,G,S,W,S,I,G,H,G,H,F,Q,Q,V,K,D,F,L,A,S,V,I,E,P,F,E,I,G,P,N,K,V,Q,V,G,L,T,Q,Y,S,G,D,P,Q,T,E,W,D,L,S,A,F,R,T,K,E,E,V,V,T,A,V,H,S,L,R,Y,R,G,G,N,T,F,T,G,L,A,L,T,H,V,W,E,Q,N,L,K,P,G,A,G,T,R,P,E,A,A,K,V,V,I,L,V,T,D,G,K,S,Q,D,D,A,R,A,A,G,R,V,L,K,D,L,G,V,A,V,F,A,V,G,V,K,N,A,D,E,A,E,L,Q,L,L,A,S,P,P,L,D,I,T,V,H,N,V,Q,D,F,P,Q,L,G,T,L,A,G,L,L,S,R,L,I,C,Q,K,V,Q,G,G,S,V,T,-,A,A,G,T,P,A,P,D,T,A,C,T,P,S,S,L,V,L,T,P,V,T,S,S,S,I,H,L,S,W,T,P,A,P,Q,L,P,L,K,Y,L,I,T,W,R,P,S,R,G,G,T,P,R,E,V,V,V,E,G,P,T,S,S,A,E,L,H,S,L,T,A,G,T,E,Y,L,V,S,V,F,P,V,G,K,A,G,V,G,Q,G,L,R,G,L,V,T,T,V,P,L,P,A,P,Q,A,L,T,L,A,A,V,T,P,R,T,I,R,L,A,W,R,P,S,A,G,A,T,Q,Y,L,V,R,C,S,P,A,F,P,P,G,Q,E,E,G,R,E,V,R,V,G,Q,P,E,V,L,L,D,G,L,E,P,G,T,D,Y,D,V,W,V,Q,S,L,Q,G,T,E,A,S,E,A,R,G,I,R,A,R,T,A,T,L,V,P,P,R,H,L,G,F,S,D,V,S,H,D,S,V,R,V,F,W,E,G,I,P,R,P,V,R,L,F,R,V,S,F,V,S,S,E,G,S,H,S,G,Q,V,E,A,P,G,N,A,S,S,A,T,L,G,P,L,S,S,S,T,T,Y,S,V,R,L,T,C,L,Y,P,A,G,G,S,S,T,L,T,G,R,L,T,T,R,K,V,P,S,P,S,Q,L,S,V,T,E,L,P,G,D,E,V,Q,L,E,W,A,A,A,A,A,S,G,V,L,V,Y,Q,I,K,W,T,P,L,G,D,G,K,A,H,E,I,S,V,P,G,N,L,G,V,A,V,L,P,G,L,Q,R,H,L,E,Y,E,I,T,I,L,A,Y,Y,R,D,G,A,R,S,D,P,V,S,L,R,Y,T,P,-,-,-,-,R,S,P,P,S,N,L,A,L,A,S,E,S,P,S,S,L,R,V,S,W,T,P,P,S,G,H,V,L,R,Y,R,L,T,Y,V,L,A,S,G,S,G,P,E,K,S,I,S,V,P,G,S,R,S,H,V,T,L,P,D,L,L,A,A,T,K,Y,R,V,L,V,S,A,V,Y,G,A,G,E,S,M,P,V,S,A,T,G,R,T,-,A,C,P,A,L,S,P,D,G,P,L,P,G,F,D,L,M,A,A,F,G,L,V,E,K,E,Y,A,S,I,R,G,V,A,M,E,R,A,A,F,S,C,A,R,T,F,T,L,F,K,D,A,Q,L,T,R,R,A,G,L,Q,L,A,A,E,H,T,V,V,F,L,L,R,V,L,P,E,T,P,R,E,S,F,A,L,W,Q,M,T,A,E,D,F,Q,P,I,L,G,V,L,L,D,A,G,R,K,S,L,T,Y,F,N,H,D,P,R,A,T,L,Q,E,V,T,F,D,L,P,E,V,R,R,I,F,F,G,S,F,H,K,V,H,V,A,V,G,R,S,K,V,R,L,Y,V,D,C,R,K,V,A,E,R,P,I,G,E,A,G,S,P,P,A,A,G,F,V,M,L,G,R,L,A,K,A,R,G,P,R,S,S,S,A,T,F,Q,L,Q,M,L,Q,I,V,C,S,E,S,W,A,E,E,D,V,C,C,E,L,P,A,A,K,D,G,E,T,C,P,A,F,P,S,A,C,T,C,S,S,Q,T,P,G,P,P,G,P,Q,G,P,P,G,L,P,G,R,N,G,A,P,G,E,Q,G,F,P,G,P,R,-,-,-,-,-,-,-,-,-,-,-,-,-,-,-,-,-,-,-,-,-,-,-,-,-,-,-,-,-,-,-,-,G,P,P,G,V,K,G,E,K,G,D,H,G,L,P,G,L,Q,G,H,P,G,L,Q,G,A,P,G,K,V,G,L,Q,G,P,G,M,R,G,L,E,G,S,T,G,P,P,G,P,P,G,P,F,Q,G,T,A,G,A,R,G,T,G,G,E,R,G,P,P,G,A,V,G,P,G,L,P,G,P,K,G,E,R,G,E,K,H,V,L,K,F,H,S,F,H,E,S,A,R,P,L,R,P,I,W,E,A,P,R,H,P,-,-,-,-,-,-,-,-,G,T,L,S,E,A,R,L,G,G,D,V,G,P,R,P
Odocoileus_virginianus_texanus,G,I,C,L,Y,L,S,V,T,L,G,L,S,Q,A,S,G,R,L,R,L,A,V,L,P,E,D,R,L,Q,M,K,W,R,E,S,E,G,S,S,L,G,Y,L,V,Q,V,K,P,R,A,G,D,P,E,Q,E,V,M,L,T,T,K,T,P,K,A,T,V,G,G,L,S,P,S,K,G,Y,T,L,Q,I,F,E,L,T,G,S,G,N,V,L,L,A,R,R,E,F,V,I,E,D,L,K,S,N,S,M,S,R,S,G,Q,R,P,L,G,A,-,T,L,E,P,T,P,S,H,A,G,S,P,D,L,-,-,-,-,E,P,P,G,A,L,A,P,S,Q,D,P,P,T,L,G,G,P,Q,F,R,C,T,P,P,T,P,A,D,M,I,F,L,V,D,G,S,W,S,I,G,H,S,H,F,Q,Q,V,K,D,F,L,A,S,V,I,E,P,F,E,I,G,P,G,K,V,Q,V,G,L,T,Q,Y,S,G,A,P,Q,T,E,W,D,L,N,A,F,G,T,K,E,E,V,L,S,A,V,H,N,L,R,Y,R,G,G,N,T,F,T,G,L,A,L,T,H,V,L,E,Q,N,L,K,P,R,A,G,L,R,P,E,A,A,K,L,V,I,L,V,T,D,G,K,S,Q,D,D,A,H,A,A,G,H,V,L,K,G,L,G,V,D,I,F,A,V,G,V,K,N,A,D,E,T,E,L,R,L,L,A,S,Q,P,L,D,I,T,V,H,N,V,Q,D,F,P,Q,L,S,T,L,S,G,L,L,S,R,L,I,C,Q,K,V,Q,G,R,S,P,R,G,-,-,A,T,P,A,V,D,P,P,P,A,P,T,R,L,V,L,T,Q,V,T,S,S,S,V,L,L,S,W,S,P,A,P,Q,P,P,L,K,Y,L,I,V,W,R,P,S,K,G,G,A,P,R,E,V,V,V,E,G,P,T,S,S,A,Q,L,H,N,L,T,S,S,T,E,Y,L,V,S,V,F,P,I,Y,K,A,G,V,G,E,G,L,Q,G,L,A,T,T,A,P,L,P,P,P,Q,A,L,T,L,A,A,V,T,P,K,T,V,R,L,T,W,Q,P,S,A,E,A,T,Q,Y,L,V,R,W,L,P,A,S,P,K,G,E,E,E,R,R,E,V,R,V,G,R,P,E,V,L,L,D,G,L,A,P,G,R,D,Y,E,V,W,V,Q,S,L,R,G,A,E,T,S,E,S,R,G,I,R,A,R,T,P,A,L,A,T,P,R,H,L,S,F,S,D,V,S,H,D,S,A,R,V,S,W,E,G,T,A,R,P,V,R,L,F,R,V,S,Y,I,S,G,K,G,G,H,S,G,Q,M,E,V,P,G,N,A,T,A,A,T,L,G,P,L,S,S,S,T,T,Y,T,V,R,V,T,C,L,Y,P,G,D,R,S,S,T,L,T,G,R,L,T,T,R,K,V,P,S,P,S,Q,L,S,V,T,E,L,P,G,D,E,V,R,L,Q,W,A,A,A,A,V,S,G,V,L,V,Y,Q,I,T,W,T,P,L,G,E,G,K,A,R,E,I,S,V,P,G,N,L,G,T,A,I,L,P,G,L,G,R,H,S,E,Y,E,I,T,I,L,A,Y,Y,R,D,G,A,R,S,D,P,V,S,L,R,Y,T,P,-,-,V,S,R,S,P,P,S,N,L,A,L,A,S,E,S,P,D,S,L,R,V,S,W,T,P,P,S,G,H,V,L,H,Y,R,L,S,Y,A,L,A,S,G,S,G,P,E,K,S,I,S,V,P,G,P,G,S,H,V,T,I,P,D,L,L,A,A,T,K,Y,R,V,L,V,S,A,V,Y,G,A,G,E,S,V,A,V,S,A,T,G,R,T,-,A,C,P,A,L,H,L,D,G,S,L,P,G,F,D,L,M,V,A,F,G,L,V,E,K,E,Y,A,S,I,R,G,V,A,M,E,P,S,A,F,G,P,T,R,T,F,T,L,F,K,D,S,Q,L,T,R,R,A,D,I,H,L,A,T,E,H,T,V,V,F,L,L,R,L,L,P,E,T,P,R,E,A,F,A,L,W,Q,V,A,S,E,D,F,Q,P,I,L,G,V,L,L,D,A,G,R,K,S,L,T,Y,F,N,R,D,P,R,A,T,L,Q,E,V,T,F,D,L,P,E,V,R,R,I,F,F,G,S,F,H,K,V,H,V,A,V,G,R,S,K,V,R,L,Y,V,D,C,R,K,V,A,E,R,P,I,G,E,A,G,S,L,P,A,A,G,F,V,M,L,G,R,L,A,K,A,R,G,P,R,S,S,S,A,S,F,Q,L,Q,V,L,Q,I,V,C,N,D,S,W,A,E,E,D,R,C,C,E,L,P,A,S,K,E,G,E,S,C,P,A,F,P,S,A,C,A,C,S,S,K,T,P,G,P,P,G,P,Q,G,P,P,G,L,P,G,R,N,G,A,P,G,E,Q,G,F,P,G,P,R,-,-,-,-,-,-,-,-,-,-,-,-,-,-,-,-,-,-,-,-,-,-,-,-,-,-,-,-,-,-,-,-,G,P,P,G,V,K,G,E,K,G,D,L,G,H,P,G,L,Q,G,H,P,G,L,Q,G,T,P,G,K,V,G,V,Q,G,P,G,M,R,G,L,E,G,T,A,G,L,P,G,P,P,G,P,F,Q,G,T,A,G,A,R,G,S,N,G,E,R,G,P,P,G,A,V,G,P,G,L,P,G,P,K,G,E,R,G,E,K,H,V,L,K,L,H,A,C,H,E,S,T,R,P,P,M,P,I,L,E,A,P,R,A,L,-,-,-,-,-,-,-,-,G,T,S,S,K,S,R,L,V,G,H,G,G,P,R,P
Onychomys_torridus,C,L,W,M,L,L,G,A,T,L,A,L,G,Q,V,S,G,H,L,R,L,A,V,L,P,E,D,Q,L,Q,M,K,W,R,E,A,E,G,S,G,L,G,Y,L,V,Q,V,T,P,M,A,G,D,L,E,Q,E,L,I,L,T,T,K,T,P,K,A,T,V,G,G,L,S,P,S,K,G,Y,T,L,Q,I,F,E,L,T,D,S,G,P,V,L,L,A,R,R,E,F,V,I,E,D,L,K,S,H,S,L,S,R,G,S,R,R,-,-,-,-,-,-,-,-,-,-,-,-,-,-,-,-,-,D,P,E,K,T,P,E,P,S,I,A,F,T,S,S,R,D,R,P,I,F,A,D,T,Q,F,C,C,T,P,P,T,P,T,D,I,I,F,L,V,D,G,S,W,S,I,G,H,S,H,F,Q,Q,V,K,D,F,L,A,S,I,I,T,P,F,E,I,G,P,D,K,V,Q,V,G,L,T,Q,Y,S,G,A,P,Q,T,E,W,D,L,K,S,F,H,T,K,E,Q,V,L,A,A,V,H,S,L,R,Y,R,G,G,N,T,F,T,G,L,A,L,T,H,V,L,G,Q,N,L,K,P,A,A,G,A,R,P,E,A,A,K,V,L,I,L,V,T,D,G,K,S,Q,D,D,V,R,T,A,A,R,I,L,K,D,Q,D,I,D,V,F,V,V,G,V,K,N,A,D,E,A,E,L,K,L,L,A,S,Q,P,L,D,I,T,V,H,N,V,L,D,F,P,Q,L,A,T,L,A,A,L,L,S,R,L,I,C,Q,K,I,Q,G,-,-,-,-,-,A,A,A,T,L,A,L,D,P,F,P,M,P,T,R,L,V,L,T,H,V,T,S,S,S,V,H,L,S,W,T,P,A,L,Y,P,P,L,K,Y,L,I,V,W,Q,P,S,R,G,G,A,P,K,E,V,V,V,E,G,P,V,S,S,M,E,L,R,N,L,T,S,N,T,E,Y,L,V,S,V,L,P,V,Y,E,S,G,V,G,K,S,L,Q,G,R,A,T,T,A,P,L,P,P,P,G,A,L,T,L,A,S,V,T,P,R,T,L,R,L,T,W,Q,P,S,A,G,A,T,Q,Y,L,V,Q,C,L,L,A,A,S,P,G,E,E,Q,R,R,K,V,H,V,G,Q,P,E,V,L,L,D,G,L,E,P,G,R,D,Y,E,I,S,V,Q,S,L,R,G,S,E,A,S,E,V,R,S,I,N,A,R,T,T,T,L,G,P,P,R,H,L,S,F,S,D,V,S,Y,N,S,A,C,V,S,W,E,A,-,Q,R,P,V,R,L,V,K,V,S,Y,V,S,S,D,G,S,H,S,G,Q,A,Q,V,S,G,N,T,T,S,A,T,L,G,P,L,S,S,S,T,K,Y,I,I,R,V,T,C,F,Y,F,G,G,G,S,S,M,L,T,G,H,V,T,T,K,K,A,P,S,P,S,Q,L,S,V,M,E,L,Q,G,D,A,V,K,L,S,W,V,A,S,A,L,S,G,V,L,V,Y,Q,I,K,W,M,P,L,G,E,G,K,A,H,E,I,S,V,P,G,T,L,D,T,A,I,L,P,G,L,M,S,H,V,E,Y,E,I,T,I,L,A,Y,Y,R,D,G,T,H,S,D,P,V,S,L,R,Y,I,P,S,S,A,S,R,S,P,P,S,S,L,V,L,S,S,K,T,P,N,S,L,Q,V,S,W,T,P,P,S,S,N,V,L,H,Y,R,L,N,Y,T,L,A,S,G,S,G,P,Q,K,S,I,S,V,P,S,T,R,S,H,V,V,L,P,D,L,L,S,A,T,K,Y,R,V,L,V,S,A,V,Y,G,A,G,E,S,I,A,V,S,A,T,Y,R,T,A,A,C,P,A,L,H,P,D,S,S,V,S,G,F,D,L,M,V,A,F,G,L,V,A,K,E,Y,A,S,I,R,G,V,A,M,E,P,S,A,L,G,V,A,P,T,F,T,V,F,K,D,A,Q,L,M,R,R,A,D,I,H,P,A,A,E,H,T,I,V,F,L,V,R,L,L,P,E,T,P,R,E,A,F,A,L,W,Q,M,M,A,E,D,F,Q,P,I,L,G,V,L,L,D,A,G,R,K,S,L,T,Y,F,N,H,D,P,R,A,A,L,Q,E,V,T,F,D,L,Q,D,A,K,K,V,F,F,G,S,F,H,K,V,H,V,A,V,G,H,S,K,V,R,L,Y,V,D,C,R,K,V,A,E,R,P,I,G,D,A,G,S,P,P,T,A,G,F,I,T,L,G,R,L,A,K,A,R,G,P,R,S,S,S,A,T,F,Q,L,Q,M,L,Q,I,M,C,S,D,T,W,A,E,K,D,R,C,C,E,L,P,A,L,R,D,G,E,T,C,P,A,F,S,S,A,C,A,C,S,S,E,T,P,G,P,P,G,P,Q,G,P,P,G,L,P,G,R,N,G,T,P,G,Q,Q,G,H,P,G,P,K,G,E,P,G,P,P,G,Q,T,G,P,E,G,P,G,G,Q,Q,G,S,P,G,T,Q,G,R,T,V,Q,G,P,M,G,P,P,G,V,K,G,E,K,G,D,R,G,L,L,G,L,Q,G,L,S,G,Q,Q,G,I,P,G,K,T,G,L,Q,G,P,G,M,R,G,L,E,G,P,A,G,L,P,G,P,P,G,P,F,H,G,L,A,G,A,R,G,I,N,G,E,R,G,P,P,G,A,V,G,P,G,L,P,G,S,K,G,E,R,G,E,K,H,V,L,K,L,N,S,F,N,E,N,A,R,P,P,M,P,-,-,-,-,-,-,-,-,-,-,-,-,-,-,S,P,G,S,H,N,K,D,L,L,G,G,H,V,H,H,P,-
Ornithorhynchus_anatinus,-,-,-,-,-,-,-,-,-,-,-,-,-,-,-,-,-,R,L,K,L,T,V,L,S,E,D,R,L,Q,M,K,W,K,E,T,E,G,N,T,N,G,Y,K,V,Q,V,K,P,M,A,G,D,S,E,Q,E,V,M,L,T,T,K,T,P,K,A,T,V,G,G,L,S,P,T,K,E,Y,T,L,Q,I,Y,V,L,N,G,S,Q,D,T,L,F,A,R,R,K,F,V,I,E,D,L,K,S,S,S,L,A,R,S,N,R,R,I,A,G,A,-,S,A,E,P,K,S,S,-,-,-,-,-,-,-,-,-,-,-,-,-,-,-,-,-,-,-,-,-,-,-,-,-,P,G,G,S,P,F,Q,C,N,S,S,A,P,V,D,I,I,F,L,V,D,G,S,W,S,I,G,R,S,N,F,R,L,V,R,E,F,L,A,S,L,I,S,P,F,N,I,A,R,D,K,I,S,I,G,L,S,Q,Y,S,G,D,P,R,T,E,W,D,L,N,K,F,A,S,K,D,K,V,L,E,A,V,R,N,L,R,Y,K,G,G,N,T,F,T,G,L,A,L,T,H,V,L,E,Q,N,L,K,L,E,A,G,P,R,P,E,A,D,K,I,V,I,L,L,T,D,G,K,S,Q,D,E,A,N,A,A,A,Q,A,L,K,D,L,G,I,S,I,F,A,I,G,V,K,N,A,D,E,A,E,L,R,Q,V,A,S,H,P,L,D,I,T,V,H,N,V,L,D,F,P,L,L,S,S,L,A,D,P,L,S,R,I,L,C,K,K,I,K,E,R,S,-,-,-,-,-,-,-,-,-,-,-,-,-,P,G,P,T,N,L,I,I,S,E,V,T,S,K,T,F,R,L,S,W,T,P,-,-,-,-,-,-,-,-,-,-,-,-,-,-,-,-,-,-,-,-,-,E,V,T,V,D,G,S,A,S,S,V,M,L,V,N,L,T,S,H,T,E,Y,L,V,S,V,F,P,V,Y,E,S,S,V,G,D,G,L,R,G,V,T,A,T,L,P,L,S,P,P,R,S,L,R,V,T,E,V,T,H,H,S,I,K,V,S,W,Q,P,T,D,E,T,T,E,Y,L,V,-,-,-,-,-,-,-,-,-,E,E,D,G,K,E,V,K,V,E,Q,T,E,V,L,L,E,G,L,R,P,G,T,E,Y,T,V,A,V,Y,A,L,D,G,E,E,A,S,E,-,-,-,-,-,-,-,-,-,-,-,-,P,T,R,Y,L,T,F,S,E,V,S,H,N,S,V,R,V,H,W,E,Q,P,S,R,A,V,R,V,F,Q,V,S,Y,I,S,R,E,G,S,N,A,G,E,V,E,V,P,G,S,N,L,S,A,W,L,V,P,L,S,S,S,T,E,Y,I,I,S,V,T,A,I,Y,S,D,G,D,S,S,V,L,T,D,H,V,T,T,R,K,V,P,A,P,Y,P,L,R,V,I,E,L,P,G,D,D,V,R,L,E,W,G,H,A,A,I,A,D,V,V,V,Y,Q,I,K,W,T,P,L,G,E,G,K,A,H,E,I,S,V,P,G,N,L,D,A,A,V,L,P,G,L,E,K,H,M,E,Y,Q,I,S,I,L,A,Y,Y,R,D,G,A,R,S,D,T,V,S,L,R,F,S,P,-,-,L,S,R,S,P,P,S,N,L,V,I,E,S,E,T,P,N,S,L,Q,V,V,W,K,P,P,D,G,H,V,L,Y,Y,K,V,A,Y,A,P,A,S,G,T,S,M,E,K,T,V,N,V,S,A,T,S,N,H,I,K,L,P,L,L,L,P,A,T,K,Y,K,V,M,I,S,A,I,Y,A,T,G,E,S,D,A,V,A,T,T,G,R,T,A,A,C,P,A,L,H,A,D,G,A,L,Q,G,F,D,M,M,E,A,F,G,L,V,E,K,E,Y,S,S,I,K,G,V,S,M,E,P,S,I,F,S,G,T,R,I,Y,T,L,F,R,D,I,Q,L,T,R,R,T,E,I,H,P,A,E,E,H,T,I,T,F,L,L,R,L,L,P,E,M,P,K,E,R,F,A,V,W,Q,I,T,D,E,D,F,Q,P,L,I,G,V,V,L,D,A,S,R,K,S,L,T,Y,F,N,H,D,Y,K,A,E,L,Q,E,V,T,F,D,Q,Q,E,M,K,K,I,F,F,G,S,F,H,K,V,H,V,A,V,N,R,V,R,V,K,L,F,V,D,C,K,K,I,A,E,K,Q,I,S,E,A,G,S,V,S,T,A,G,F,I,M,L,G,K,L,T,K,T,R,G,P,R,S,G,S,A,A,F,Q,L,Q,S,L,Q,I,V,C,T,S,V,W,A,E,E,D,R,C,C,D,V,P,A,L,R,D,K,E,T,C,P,A,-,-,-,-,C,T,C,S,S,D,S,P,G,P,P,G,S,P,G,P,P,G,S,P,G,R,R,G,A,Q,G,E,Q,G,T,P,G,L,K,G,E,P,G,P,P,G,Q,T,G,P,E,G,P,G,G,Q,Q,G,S,P,G,S,Q,G,R,T,V,Q,G,P,V,G,P,P,G,N,K,G,E,K,G,E,E,G,H,Q,G,M,Q,G,Y,P,G,H,P,G,L,P,G,R,D,G,L,Q,G,P,G,M,R,G,L,E,G,T,A,G,L,P,G,P,P,G,P,F,Q,G,M,A,G,A,P,G,T,N,G,Q,K,G,P,P,G,D,V,G,P,G,L,P,G,P,K,G,E,R,G,E,K,H,V,L,K,F,D,S,F,H,E,N,T,R,P,P,V,P,I,W,K,K,K,L,I,P,G,E,P,P,P,G,L,P,G,N,P,G,R,M,G,E,S,G,E,V,G,V,-,-
Orycteropus_afer_afer,C,L,C,L,W,L,G,A,A,L,G,A,G,Q,A,R,G,-,L,R,L,T,V,L,S,E,D,R,L,Q,M,K,W,K,E,V,E,A,N,G,L,G,Y,L,V,Q,V,K,P,M,A,G,D,S,E,L,E,V,M,L,T,T,K,T,A,K,A,T,V,G,G,L,S,P,S,K,E,Y,T,L,H,I,F,L,L,S,D,S,G,R,V,L,L,A,Q,R,E,F,V,I,K,D,L,K,R,H,P,V,G,R,S,S,R,R,P,W,G,A,-,A,L,E,P,T,P,S,P,V,G,S,L,D,H,E,S,T,S,E,P,R,V,T,W,A,L,S,H,D,P,P,-,-,-,-,-,-,F,R,C,T,P,P,V,P,T,D,M,I,F,L,V,D,G,S,W,S,I,G,H,G,N,F,Q,L,I,K,D,F,L,A,S,V,V,S,P,F,E,I,S,P,D,K,V,Q,V,G,L,T,Q,Y,S,G,D,P,Q,T,E,W,D,L,N,S,F,G,T,K,E,E,V,L,D,A,I,A,R,L,H,Y,R,G,G,N,T,F,T,G,L,A,L,T,H,V,L,E,Q,N,L,R,P,V,A,G,A,R,E,E,G,V,K,V,V,V,L,V,T,D,G,K,S,Q,D,D,A,C,A,A,A,R,V,L,K,D,L,G,A,D,I,F,A,V,G,V,K,N,A,D,E,A,E,L,R,L,L,A,S,R,P,L,D,I,T,A,H,N,V,L,D,F,P,Q,L,G,T,L,A,G,L,L,S,R,L,V,C,Q,R,V,Q,G,R,A,L,T,L,R,V,Q,A,H,P,M,V,P,L,P,A,P,T,G,L,V,L,T,Q,V,T,S,S,S,V,R,L,S,W,T,P,A,P,R,P,P,L,K,Y,L,I,V,W,R,P,S,R,G,G,A,P,R,E,V,V,V,E,A,P,T,S,S,A,E,L,R,N,L,T,S,S,T,E,Y,L,V,S,V,L,P,V,Y,A,S,G,V,G,E,G,L,R,G,L,A,T,T,L,P,L,S,P,P,H,T,L,T,L,A,T,V,T,P,Q,T,V,H,L,T,W,Q,P,A,P,G,A,T,Q,Y,L,V,R,C,S,P,T,P,P,K,G,E,E,E,G,R,E,V,R,V,G,Q,P,E,V,L,L,E,G,L,E,P,G,R,D,Y,A,I,S,V,Q,S,L,R,G,S,E,A,S,E,A,R,G,V,Q,A,R,T,P,A,L,V,P,P,R,R,L,D,F,D,R,V,S,H,D,S,A,R,V,L,W,E,G,P,Q,R,P,A,R,L,C,R,A,T,Y,V,S,S,E,G,G,H,S,G,Q,V,E,A,P,G,N,A,S,W,A,I,L,G,P,L,S,S,S,T,T,Y,T,V,R,V,T,C,V,H,P,G,G,G,S,S,T,L,T,G,R,V,T,T,R,K,V,P,S,P,S,Q,L,A,V,T,E,L,P,G,D,K,V,Q,L,E,W,-,-,A,A,A,S,G,V,L,V,Y,Q,I,K,W,T,P,L,G,D,G,K,A,H,E,V,S,V,P,G,N,L,H,S,A,V,L,P,G,L,G,R,T,V,E,Y,D,I,T,I,L,A,Y,Y,R,D,G,T,R,S,D,P,V,S,L,R,Y,T,P,-,-,-,-,R,S,P,P,S,N,L,A,L,A,S,E,T,P,N,S,L,K,V,S,W,T,P,P,H,G,H,V,L,H,Y,R,L,T,Y,T,L,A,S,G,S,G,P,E,K,S,I,S,V,P,G,P,R,S,L,V,T,L,P,D,L,L,A,A,T,K,Y,R,V,L,V,S,A,V,F,E,G,G,E,S,R,A,V,S,A,T,G,R,T,-,A,C,P,A,L,H,P,D,G,S,L,P,G,F,D,L,M,A,A,F,G,L,V,E,K,G,Y,A,S,L,R,G,V,A,M,E,P,S,A,F,G,G,A,K,T,F,T,L,F,K,D,A,Q,L,M,R,R,A,D,V,H,P,A,A,E,H,T,V,V,F,L,L,R,T,L,P,E,T,P,R,E,A,F,A,L,W,Q,L,M,T,E,D,F,Q,P,A,L,G,V,L,L,D,A,G,R,K,S,L,T,Y,F,N,H,D,P,K,A,A,L,Q,G,V,T,F,D,L,Q,D,V,K,K,I,F,F,G,N,F,H,K,V,H,V,A,V,G,R,S,K,V,R,L,Y,V,D,C,Q,K,V,A,E,K,P,F,G,G,V,G,S,L,P,T,S,G,F,V,T,L,G,R,L,A,K,A,R,G,P,R,S,S,S,A,S,F,Q,L,Q,T,L,Q,I,V,C,N,D,S,W,A,E,G,D,R,C,C,D,L,P,A,L,R,D,A,E,T,C,P,A,S,P,S,S,C,T,C,S,S,E,T,P,G,P,P,G,P,Q,G,P,P,G,L,P,G,K,S,G,A,P,G,E,Q,G,F,P,G,P,R,-,-,-,-,-,-,-,-,-,-,-,-,-,-,-,-,-,-,-,-,-,-,-,-,-,-,-,-,-,-,-,-,G,P,P,G,I,K,G,E,K,G,D,H,G,P,P,G,T,Q,G,L,P,G,H,Q,G,I,P,G,S,V,G,L,Q,G,P,G,M,R,G,L,E,G,T,A,G,L,P,G,P,P,G,P,F,Q,G,L,A,G,A,R,G,A,G,G,E,Q,G,P,P,G,A,V,G,P,G,L,P,G,P,K,G,E,R,G,E,K,H,V,L,K,F,D,S,F,H,E,S,A,R,P,P,M,P,I,L,D,R,E,V,R,P,G,G,P,-,-,G,P,P,G,A,H,S,Q,A,Q,L,-,-,-,-,-,-,-,-
Oryctolagus_cuniculus,-,-,-,-,-,-,-,-,A,T,T,L,G,R,A,S,G,H,L,R,L,A,V,L,P,E,D,R,L,Q,M,K,W,T,E,V,E,G,S,G,L,G,Y,L,V,Q,V,K,P,L,A,G,D,A,E,Q,E,V,K,L,T,T,K,T,P,R,A,T,V,G,G,L,S,P,S,K,A,Y,A,A,Q,V,F,R,L,T,G,S,G,P,V,L,L,A,R,R,E,F,V,I,Q,A,L,R,S,S,S,V,S,R,-,-,-,-,-,-,G,V,-,A,Q,E,P,S,P,T,G,G,G,S,P,D,P,E,Q,-,-,-,-,-,-,-,-,-,-,-,-,-,-,-,-,-,-,-,-,Q,F,R,C,T,P,P,T,P,A,D,I,V,L,L,V,D,G,S,W,S,V,G,H,V,H,F,Q,Q,V,K,A,F,L,A,S,V,I,A,P,F,D,I,G,P,D,K,V,Q,V,G,L,T,Q,Y,S,G,D,P,R,T,E,W,A,L,N,S,F,G,S,N,E,Q,V,Q,D,A,M,R,R,L,R,Y,K,G,G,N,T,F,T,G,L,A,L,A,H,L,L,D,Q,N,L,R,P,E,A,G,L,R,P,E,A,A,T,V,V,L,L,V,T,D,G,K,S,Q,D,D,V,R,A,A,A,R,V,L,R,E,M,D,V,D,V,F,A,V,G,V,K,N,A,D,E,A,E,L,K,L,L,A,S,P,P,L,D,L,T,V,H,S,V,L,D,F,P,Q,L,R,T,L,A,G,L,L,S,R,L,I,C,Q,K,V,Q,A,R,G,L,P,R,-,V,P,Q,T,A,P,D,P,L,L,G,P,S,G,L,V,V,A,Q,V,T,S,S,S,I,L,L,S,W,T,P,A,A,Q,P,P,L,K,Y,L,I,V,W,R,P,S,R,G,G,A,P,Q,E,V,V,V,E,G,P,A,S,S,A,E,L,H,N,L,A,P,S,T,E,Y,L,V,S,L,R,P,V,H,E,G,G,V,S,Q,G,L,Q,G,L,V,T,T,A,P,L,P,P,P,R,A,L,T,P,A,A,V,T,P,R,S,I,H,L,T,W,Q,P,S,A,G,A,T,R,Y,L,V,R,C,S,P,T,A,P,R,G,E,Q,T,A,R,E,V,R,V,T,Q,P,Q,V,L,L,D,G,L,E,P,G,R,D,Y,E,V,T,V,Q,S,L,R,G,V,E,A,S,E,A,Q,A,V,H,A,R,T,P,A,L,E,A,L,R,D,L,G,F,T,D,V,N,H,D,S,A,R,V,S,W,-,-,-,-,-,-,-,R,L,I,R,I,S,Y,V,S,S,E,G,G,H,S,G,Q,V,E,V,P,G,N,A,T,S,A,T,L,E,G,L,R,S,S,T,R,Y,T,V,H,V,S,C,L,Y,P,G,G,S,S,A,T,L,T,G,H,V,T,T,K,K,A,P,G,P,S,R,L,S,V,T,E,L,P,G,G,A,V,Q,L,S,W,A,A,A,A,S,S,G,V,R,V,Y,Q,I,K,W,T,P,L,G,E,G,K,A,H,E,L,S,V,P,G,N,L,A,T,A,V,L,Q,G,L,G,T,Q,T,E,H,Q,I,S,M,R,A,Y,H,R,D,G,A,R,S,D,P,V,S,L,H,Y,T,P,S,A,V,S,R,S,P,P,S,S,L,A,L,A,S,E,T,P,S,S,L,Q,A,S,W,A,P,P,H,G,H,V,L,H,Y,R,L,S,Y,A,P,A,S,G,S,G,P,E,R,S,I,S,V,P,G,T,R,N,N,A,T,L,Q,D,L,L,A,A,T,K,Y,R,V,L,V,S,A,V,Y,A,S,G,D,S,V,A,V,A,A,T,G,R,T,A,A,C,P,P,L,H,T,D,G,L,L,P,G,F,D,L,M,V,A,F,G,L,V,G,K,E,Y,A,S,L,R,G,V,A,M,E,P,S,A,L,G,G,T,P,T,F,T,L,F,K,D,A,Q,L,T,R,R,A,D,V,Q,L,A,A,E,H,T,V,V,F,L,A,R,L,L,P,E,T,P,R,E,A,F,A,L,W,Q,M,T,A,E,D,L,Q,P,V,L,G,V,L,L,D,A,G,R,K,S,L,T,Y,F,S,H,D,T,R,A,T,L,Q,E,V,T,F,D,L,Q,D,V,R,K,I,F,F,G,S,F,H,K,V,H,V,A,V,G,R,S,R,V,R,L,Y,V,D,C,R,K,V,A,E,R,P,I,G,E,A,G,S,P,P,A,N,G,F,I,T,L,G,R,L,A,K,A,R,G,P,R,S,S,S,A,A,F,Q,L,Q,S,L,Q,V,V,C,S,D,T,W,A,D,E,D,R,C,C,E,L,P,A,A,R,D,G,Q,T,C,P,A,L,P,S,T,C,T,C,S,S,E,T,P,G,P,P,G,P,Q,G,P,P,G,E,P,G,-,-,-,-,-,-,-,-,-,-,-,-,-,-,-,-,-,-,P,P,G,Q,T,G,P,Q,G,P,G,G,Q,Q,G,S,P,G,T,Q,G,R,T,V,Q,G,P,V,G,P,A,G,V,K,G,E,K,G,D,P,G,L,P,G,L,Q,G,H,P,G,P,Q,G,P,P,G,R,V,G,L,Q,G,P,G,M,R,G,L,E,G,T,A,G,L,P,G,P,P,G,P,F,Q,G,S,V,G,A,R,G,A,S,G,E,R,G,P,P,G,A,V,G,P,G,L,P,G,P,K,G,E,R,G,E,K,H,V,L,K,L,S,S,F,P,E,T,A,R,P,P,M,P,I,L,E,E,-,-,-,-,-,-,-,-,-,-,-,-,-,-,-,S,E,A,L,L,-,-,-,-,-,-,-,-
Oryx_dammah,G,L,C,L,Y,L,S,V,T,L,G,L,S,Q,A,S,G,R,L,R,L,T,V,L,P,E,D,R,L,Q,M,K,W,R,E,S,E,G,S,S,L,G,Y,L,V,Q,V,K,P,R,A,G,D,P,E,Q,E,V,M,L,T,T,K,T,P,K,A,T,V,G,G,L,S,P,S,K,G,Y,T,L,Q,I,F,E,L,T,G,S,G,N,I,L,L,A,R,R,E,F,V,I,E,D,L,K,S,N,S,V,S,R,S,G,Q,R,P,L,G,A,-,T,L,E,P,T,P,S,L,V,R,S,P,D,L,-,-,-,-,E,P,P,G,A,L,A,P,S,Q,D,P,P,T,L,A,K,P,Q,F,R,C,T,P,P,M,P,A,D,M,I,F,L,V,D,G,S,W,S,I,G,H,S,H,F,Q,Q,V,K,D,F,L,A,S,V,I,E,P,F,E,I,G,P,G,K,V,Q,V,G,L,T,Q,Y,S,G,A,P,Q,T,E,W,D,L,N,A,F,G,T,K,E,D,V,L,N,A,V,H,N,L,R,Y,R,G,G,N,T,F,T,G,L,A,L,T,H,V,L,E,Q,N,L,K,P,R,A,G,V,R,P,E,A,A,K,L,V,I,L,V,T,D,G,K,S,Q,D,D,A,H,T,A,G,H,V,L,K,G,L,G,V,D,I,F,A,V,G,V,K,N,A,D,E,T,E,L,R,L,L,A,S,Q,P,L,D,I,T,V,H,N,V,Q,D,F,P,Q,L,G,T,L,S,G,L,L,S,R,L,I,C,Q,K,V,Q,G,R,S,P,R,G,-,-,A,T,P,A,L,D,P,P,P,A,P,T,R,L,V,L,T,Q,V,T,S,S,S,I,L,L,S,W,S,P,A,P,Q,P,P,L,K,Y,R,I,V,W,R,P,S,K,G,G,A,P,R,E,V,V,V,E,G,P,T,S,S,A,Q,L,H,N,L,T,S,N,T,E,Y,L,V,S,V,F,P,L,Y,K,A,G,V,G,E,G,L,Q,G,L,A,T,T,A,P,L,P,P,P,Q,A,L,T,L,A,S,V,T,P,K,T,V,R,L,T,W,Q,P,S,A,E,A,T,Q,Y,L,V,R,W,S,P,A,S,P,K,G,E,E,E,R,R,E,V,R,V,G,R,P,E,V,L,L,D,G,L,A,P,G,R,D,Y,E,V,W,V,Q,S,L,R,G,A,E,T,S,E,A,Q,G,I,R,A,R,T,S,A,L,A,T,P,R,R,L,S,F,S,D,V,S,H,D,S,A,R,V,S,W,E,G,T,A,R,P,V,R,L,F,R,V,S,Y,V,S,G,K,G,G,H,S,G,Q,M,E,V,P,G,N,A,T,S,A,T,L,S,P,L,S,S,S,A,T,Y,T,V,R,V,T,C,L,Y,P,G,G,S,S,S,A,L,T,G,R,L,T,T,R,K,V,P,S,P,G,Q,L,S,V,T,E,L,P,G,D,E,V,R,L,E,W,A,A,A,A,V,S,G,V,L,V,Y,Q,I,T,W,T,P,L,G,E,G,K,A,H,E,I,S,V,P,G,N,L,G,T,A,V,L,P,G,L,G,R,H,S,E,Y,E,I,T,I,L,A,Y,Y,R,D,G,A,R,S,D,P,V,S,L,R,Y,T,P,-,-,V,S,R,S,P,P,S,N,L,A,L,A,S,E,S,P,D,S,L,R,V,S,W,T,P,P,S,S,H,V,L,H,Y,Q,L,S,Y,A,L,A,S,G,S,G,P,E,K,S,L,S,I,P,G,P,S,S,H,V,T,I,P,D,L,L,A,A,T,K,Y,R,V,L,V,S,A,I,Y,G,A,G,E,S,V,A,V,S,A,T,G,R,T,-,A,C,P,A,L,H,L,D,G,S,P,P,G,F,D,L,M,A,A,F,G,L,V,E,K,E,Y,A,S,I,R,G,V,A,M,E,P,S,A,F,G,P,T,R,T,F,T,L,F,K,D,S,Q,L,T,R,R,A,D,I,H,L,A,T,E,H,T,V,V,F,L,L,R,L,L,P,E,T,P,R,E,A,F,A,L,W,Q,V,V,S,E,D,F,Q,P,I,L,G,V,L,L,D,A,G,R,K,S,L,T,Y,F,N,R,D,P,R,A,T,L,Q,E,V,T,F,D,L,P,E,V,R,R,I,F,F,G,S,F,H,K,V,H,V,A,V,G,H,S,K,V,R,L,Y,V,D,C,R,K,V,A,E,R,P,I,G,E,A,S,S,L,P,A,A,G,F,V,M,L,G,R,L,A,K,A,R,G,P,R,S,S,S,A,S,F,Q,L,Q,V,L,Q,I,V,C,N,D,S,W,A,E,E,D,R,C,C,E,L,P,A,S,K,E,G,E,S,C,P,A,F,P,S,A,C,A,C,S,S,Q,T,P,G,P,P,G,P,Q,G,P,P,G,L,P,G,R,N,G,A,P,G,E,Q,G,F,P,G,P,R,G,E,P,G,P,P,G,Q,M,G,P,E,G,P,G,G,Q,Q,G,S,P,G,T,Q,G,R,T,I,Q,G,P,V,G,P,P,G,V,K,G,E,K,G,D,H,G,H,P,G,L,Q,G,Q,P,G,L,Q,G,T,P,G,K,V,G,V,Q,G,P,G,M,R,G,L,E,G,T,A,G,L,P,G,P,P,G,P,F,Q,G,T,A,G,P,R,G,S,N,G,E,R,G,P,P,G,A,V,G,P,G,L,P,G,P,K,G,E,R,G,E,K,H,V,L,K,L,H,A,C,H,E,S,T,R,P,P,M,P,I,L,E,A,P,R,A,L,-,-,-,-,-,-,-,-,G,T,S,S,K,A,R,L,G,G,H,G,G,P,R,P
Otolemur_garnettii,-,-,-,-,-,-,-,-,-,-,-,-,-,-,-,-,-,-,-,-,-,-,-,-,-,-,-,-,-,-,-,-,-,-,-,-,-,-,-,-,-,-,-,-,-,-,-,-,-,-,-,-,-,-,-,-,-,-,-,-,-,-,-,-,-,-,-,-,-,-,-,-,-,-,-,-,-,-,-,-,-,-,-,-,-,-,-,-,-,-,-,-,-,-,-,-,-,-,-,-,-,-,-,-,-,-,-,-,-,-,-,-,-,-,-,-,-,-,-,-,-,-,-,-,-,-,-,-,-,-,-,-,-,-,-,-,-,-,-,-,-,-,-,-,-,-,-,-,-,-,-,-,-,-,-,-,-,-,-,-,-,-,-,-,-,-,-,-,-,-,-,-,-,-,-,-,-,-,-,-,-,-,-,-,-,-,-,-,-,-,-,-,-,-,-,-,-,-,-,-,-,-,-,-,-,-,-,-,-,-,-,-,-,-,-,-,-,-,-,-,-,-,-,-,-,-,-,-,-,-,-,-,-,-,-,-,-,-,-,-,-,-,-,-,-,-,-,-,-,-,-,-,-,-,-,-,-,-,-,-,-,-,-,-,-,-,-,-,-,-,-,-,-,-,-,-,-,-,-,-,-,-,-,-,-,-,-,-,-,-,-,-,-,-,-,-,-,-,-,-,-,-,-,-,-,-,-,-,-,-,-,-,-,-,-,-,-,-,-,-,-,-,-,-,-,-,-,-,-,-,-,-,-,-,-,-,-,-,-,-,-,-,-,-,-,-,-,-,-,-,-,-,-,-,-,-,-,-,-,-,-,-,-,-,-,-,-,-,-,-,-,-,-,-,-,-,-,-,-,-,-,-,-,-,-,-,-,-,-,-,-,-,-,-,-,-,-,-,-,-,-,-,-,-,-,-,-,-,-,-,-,-,-,-,-,-,-,-,-,-,-,-,-,-,-,-,-,-,-,-,-,-,-,-,-,-,-,-,-,-,-,-,-,-,-,-,-,-,-,-,-,-,-,-,-,-,-,-,-,-,-,-,-,-,-,-,-,-,-,-,-,-,-,-,-,-,-,-,-,-,-,-,-,-,-,-,-,-,-,-,-,-,-,-,-,-,-,-,-,-,-,-,-,-,-,-,-,-,-,-,-,-,-,-,-,-,-,-,-,-,-,-,-,-,-,-,-,-,-,-,-,-,-,-,-,-,-,-,-,-,-,-,-,-,-,-,-,-,-,-,-,-,-,-,-,-,-,-,-,-,-,-,-,-,-,-,-,-,-,-,-,-,-,-,-,-,-,-,-,-,-,-,-,-,-,-,-,-,-,-,-,-,-,-,-,-,-,-,-,-,-,-,-,-,-,-,-,-,-,-,-,-,-,-,-,-,-,-,-,-,-,-,-,-,-,-,-,-,-,-,-,-,-,-,-,-,-,-,-,-,-,-,-,-,-,-,-,-,-,-,-,-,-,-,-,-,-,-,-,-,-,-,-,-,-,-,-,-,-,-,-,-,-,-,-,-,-,-,-,-,-,-,-,-,-,-,-,-,-,-,-,-,-,-,-,-,-,-,-,-,-,-,-,-,-,-,-,-,-,-,-,-,-,-,-,-,-,-,-,-,-,-,-,-,-,-,-,-,-,-,-,-,-,-,-,-,-,-,-,-,-,-,-,-,-,-,-,-,-,-,-,-,-,-,-,-,-,-,-,-,-,-,-,-,-,-,-,-,-,-,-,-,-,-,-,-,-,-,-,-,-,-,-,-,-,-,-,-,-,-,-,-,-,-,-,-,-,-,-,-,-,-,-,-,-,-,-,-,-,-,-,-,-,-,-,-,-,-,-,-,-,-,-,-,-,-,-,-,-,-,-,-,-,-,-,-,-,-,-,-,-,-,-,-,-,-,-,-,-,-,-,-,-,-,-,-,-,-,-,-,-,-,-,-,-,-,-,-,-,-,-,-,-,-,-,-,-,-,-,-,-,-,-,-,-,-,-,-,-,-,-,-,-,-,-,-,-,-,-,-,-,-,-,-,-,-,-,-,-,-,-,-,-,-,-,-,-,-,-,-,-,-,-,-,-,-,-,-,-,-,-,-,-,-,-,-,-,-,-,-,-,-,-,-,-,-,-,-,-,-,-,-,-,-,-,-,-,-,-,-,-,-,-,-,-,-,-,-,-,-,-,-,-,-,-,-,-,-,-,-,-,-,-,-,-,-,-,-,-,-,-,-,-,-,-,-,-,-,-,-,-,-,-,-,-,-,-,-,-,-,-,-,-,-,-,-,-,-,-,-,-,-,-,-,-,-,-,-,-,-,-,-,-,-,-,-,-,-,-,-,-,-,-,-,-,-,-,-,-,-,-,-,-,-,-,-,-,-,-,-,-,-,-,-,-,-,-,-,-,-,-,-,-,-,-,-,-,-,-,-,-,-,-,-,-,-,-,-,-,-,-,-,-,-,-,-,-,-,-,-,-,-,-,-,-,-,-,-,-,-,-,-,-,-,-,-,-,-,-,-,-,-,-,-,-,-,-,-,-,-,-,-,-,-,-,-,-,-,-,-,-,-,-,-,-,-,-,-,-,-,-,-,-,-,-,-,-,-,-,-,-,-,-,-,-,-,-,-,-,-,-,-,-,-,-,-,-,-,-,-,-,-,-,-,-,-,-,-,-,-,-,-,-,-,-,-,-,-,-,-,-,-,-,-,-,-,-,-,-,-,-,-,-,-,-,-,-,-,-,-,-,-,-,-,-,-,-,-,-,-,-,-,-,-,-,-,-,-,-,-,-,-,-,-,-,-,-,-
Panthera_leo,C,L,W,L,W,L,G,V,A,V,G,L,G,Q,E,S,G,R,L,R,L,A,V,L,P,E,D,R,L,Q,M,K,W,S,E,S,E,G,S,S,L,G,Y,L,V,Q,V,K,P,M,A,G,D,A,E,Q,D,V,M,L,T,T,K,A,P,K,A,T,V,G,G,L,S,P,S,K,G,Y,T,A,Q,I,F,R,L,T,G,S,G,T,T,L,L,A,Q,R,E,F,V,I,E,E,L,K,-,-,-,-,-,-,-,-,-,R,P,L,G,A,-,A,P,E,P,T,P,S,H,V,G,S,P,A,P,-,-,-,-,E,P,P,V,A,S,S,P,S,Q,D,P,P,T,L,A,S,P,Q,F,R,C,T,P,P,T,P,V,D,M,I,F,L,V,D,G,S,W,S,I,G,H,S,H,F,Q,Q,V,K,D,F,L,A,S,V,I,E,P,F,D,I,G,P,D,K,V,Q,V,G,L,T,Q,Y,S,G,D,P,Q,T,E,W,D,L,S,T,F,G,A,K,E,D,V,L,A,A,V,R,S,L,R,Y,K,G,G,N,T,F,T,G,L,A,L,S,H,V,L,E,Q,N,L,R,P,G,A,G,S,R,P,E,A,A,T,A,V,I,L,V,T,D,G,K,S,Q,D,D,A,R,A,A,G,R,A,L,K,D,L,G,V,D,I,F,A,V,G,V,K,N,A,D,E,A,E,L,Q,L,L,A,S,R,P,L,D,I,T,V,H,N,V,Q,D,F,P,Q,L,G,T,L,A,G,L,L,S,R,L,I,C,Q,K,V,Q,G,R,S,V,T,S,A,G,S,P,S,S,P,D,T,L,F,T,P,T,S,L,V,V,T,Q,V,T,S,S,S,V,H,L,S,W,T,P,A,P,Q,L,P,L,K,Y,R,I,V,W,Q,P,S,R,G,G,A,P,R,E,V,V,V,E,G,P,A,S,S,T,E,L,H,N,L,T,A,G,T,Q,Y,L,V,S,V,L,P,V,L,R,A,G,F,G,E,G,L,R,R,L,V,T,T,A,P,L,P,P,P,Q,A,L,A,L,A,A,V,T,P,R,T,I,R,L,T,W,Q,P,S,A,G,A,T,R,Y,L,V,R,C,L,S,A,S,A,K,G,Q,E,E,G,R,E,V,R,V,G,Q,P,E,V,L,L,D,G,L,E,P,G,R,D,Y,D,V,W,V,Q,S,L,R,G,A,E,A,S,E,A,R,G,I,R,A,R,T,S,T,L,V,P,P,G,H,L,S,F,S,D,V,S,H,D,S,A,R,V,S,W,E,G,V,S,K,P,V,R,L,F,R,I,S,F,A,S,S,D,G,S,H,S,G,E,V,E,A,P,G,N,A,T,S,A,T,V,G,P,L,S,S,S,T,A,Y,S,V,L,V,T,C,L,Y,P,G,G,S,S,S,V,L,T,G,R,L,T,T,R,K,V,P,S,P,S,Q,L,S,V,T,E,L,P,G,D,E,V,R,L,E,W,T,A,A,A,A,S,G,V,L,V,Y,Q,I,K,W,T,P,L,G,D,G,K,A,H,E,I,S,V,P,G,H,R,D,V,A,V,L,P,G,L,R,S,H,L,E,Y,E,I,T,I,L,A,Y,Y,R,D,G,A,R,S,D,P,V,S,L,R,Y,T,P,-,-,P,H,R,S,P,P,S,D,L,A,L,A,S,K,S,P,D,S,L,Q,V,S,W,T,P,P,S,G,H,V,L,H,Y,R,L,T,Y,V,P,A,S,G,S,G,P,E,K,S,I,S,V,P,G,L,S,N,H,V,T,L,P,N,L,L,A,A,S,K,Y,R,V,L,V,S,A,V,Y,G,A,G,E,S,R,P,V,S,A,I,G,H,T,-,A,C,P,A,L,S,P,D,G,S,L,S,G,F,D,L,M,A,A,F,G,L,V,E,K,E,Y,A,S,I,R,G,V,A,M,E,P,S,A,F,G,R,A,R,T,F,T,L,F,K,D,A,Q,L,T,R,R,A,D,V,H,L,A,A,E,H,T,V,V,F,L,L,R,L,L,P,E,T,P,R,E,T,F,A,L,W,Q,M,T,A,E,H,S,Q,P,V,L,G,V,L,L,D,A,G,R,K,S,L,T,Y,F,N,H,D,P,R,A,T,L,Q,E,V,T,F,D,L,P,E,V,R,R,I,F,F,G,S,F,H,K,V,H,V,A,V,G,R,S,K,V,R,L,Y,V,D,C,R,K,V,A,E,R,P,M,G,E,A,G,S,P,P,V,T,G,F,V,M,L,G,R,L,A,K,A,R,G,P,R,S,S,S,A,T,F,Q,L,Q,M,L,Q,I,V,C,N,D,S,W,A,E,E,D,M,C,C,E,L,P,A,S,K,D,G,E,S,C,P,A,F,S,S,S,C,A,C,S,S,Q,T,P,G,P,P,G,P,Q,G,P,P,G,L,P,G,R,N,G,V,P,G,E,P,G,F,P,G,P,R,G,E,P,G,P,P,G,Q,T,G,P,E,G,P,G,G,Q,Q,G,S,P,G,T,Q,G,R,T,V,Q,G,P,V,G,P,P,G,V,K,G,E,K,G,D,H,G,A,P,G,L,Q,G,H,P,G,H,Q,G,P,P,G,K,V,G,L,Q,G,P,G,M,R,G,L,E,G,S,A,G,L,P,G,P,P,G,P,F,Q,G,T,V,G,A,R,G,S,G,G,Q,R,G,L,P,G,P,V,G,L,G,L,P,G,P,K,G,E,R,G,E,K,H,V,L,K,F,-,-,-,H,E,S,A,R,A,P,R,P,I,L,Q,A,L,G,H,P,-,-,-,-,-,-,-,-,S,S,H,G,E,A,W,L,G,G,R,D,G,P,H,P
Panthera_pardus,C,L,W,L,W,L,G,V,A,V,G,L,G,Q,E,S,G,R,L,R,L,A,V,L,P,E,D,R,L,Q,M,K,W,S,E,S,E,G,S,S,L,G,Y,L,V,Q,V,K,P,M,A,G,D,A,E,Q,D,V,M,L,T,T,K,A,P,K,A,T,V,G,G,L,S,P,S,K,G,Y,T,A,Q,I,F,R,L,T,G,S,G,T,T,L,L,A,Q,R,E,F,V,I,E,E,L,K,-,-,-,-,-,-,-,-,-,R,P,L,G,A,-,A,P,E,P,T,P,S,H,V,G,S,P,A,P,-,-,-,-,E,P,P,V,A,S,S,P,S,Q,D,P,P,T,L,A,S,P,Q,F,R,C,T,P,P,T,P,V,D,M,I,F,L,V,D,G,S,W,S,I,G,H,S,H,F,Q,Q,V,K,D,F,L,A,S,V,I,E,P,F,D,I,G,P,D,K,V,Q,V,G,L,T,Q,Y,S,G,D,P,Q,T,E,W,D,L,S,T,F,G,A,K,E,D,V,L,A,A,V,R,S,L,R,Y,K,G,G,N,T,F,T,G,L,A,L,S,H,V,L,E,Q,N,L,R,P,G,A,G,S,R,P,E,A,A,T,A,V,I,L,V,T,D,G,K,S,Q,D,D,A,R,A,A,G,R,A,L,K,D,L,G,V,D,I,F,A,V,G,V,K,N,A,D,E,A,E,L,Q,L,L,A,S,R,P,L,D,I,T,V,H,N,V,Q,D,F,P,Q,L,G,T,L,A,G,L,L,S,R,L,I,C,Q,K,V,Q,G,R,S,-,-,-,-,-,-,-,-,-,-,D,T,L,F,T,P,T,S,L,V,V,T,Q,V,T,S,S,S,V,H,L,S,W,T,P,A,P,Q,L,P,L,K,Y,R,I,V,W,Q,P,S,R,G,G,A,P,R,E,V,V,V,E,G,P,A,S,S,T,E,L,H,N,L,T,A,G,T,Q,Y,L,V,S,V,L,P,V,L,R,A,G,F,G,E,G,L,R,R,L,V,T,T,A,P,L,P,P,P,Q,A,L,A,L,A,A,V,T,P,R,T,I,R,L,T,W,Q,P,S,A,G,A,T,R,Y,L,V,R,C,L,S,A,S,A,K,G,Q,E,E,G,R,E,V,R,V,G,Q,P,E,V,L,L,D,G,L,E,P,G,R,D,Y,D,V,W,V,Q,S,L,R,G,A,E,A,S,E,A,R,G,I,R,A,R,T,S,T,L,A,P,P,G,H,L,S,F,S,D,V,S,H,D,S,A,R,V,S,W,E,G,V,S,K,P,V,R,L,F,R,I,S,F,A,S,S,D,G,S,H,S,G,E,V,E,A,P,G,N,A,T,S,A,T,V,G,P,L,S,S,S,T,A,Y,S,V,R,V,T,C,L,Y,P,G,G,S,S,S,V,L,T,G,R,L,T,T,R,K,V,P,S,P,S,Q,L,S,V,T,E,L,P,G,D,E,V,R,L,E,W,T,A,S,A,A,S,G,V,L,V,Y,Q,I,K,W,T,P,L,G,D,G,K,A,H,E,I,S,V,P,G,H,R,D,V,A,V,L,P,G,L,R,S,H,L,E,Y,E,I,T,I,L,A,Y,Y,R,D,G,A,R,S,D,P,V,S,L,R,Y,T,P,-,-,P,H,R,S,P,P,S,D,L,A,L,A,S,K,S,P,D,S,L,Q,V,S,W,T,P,P,S,G,H,V,L,H,Y,R,L,T,Y,V,P,A,S,G,S,G,P,E,K,S,I,S,V,P,G,L,S,N,H,V,T,L,P,N,L,L,A,A,S,K,Y,R,V,L,V,S,A,V,Y,G,A,G,E,S,R,P,V,S,A,I,G,H,T,-,A,C,P,A,L,S,P,D,G,S,L,S,G,F,D,L,M,A,A,F,G,L,V,E,K,E,Y,A,S,I,R,G,V,A,M,E,P,S,A,F,G,R,A,R,T,F,T,L,F,K,D,A,Q,L,T,R,R,A,D,V,H,L,A,A,E,H,T,V,V,F,L,L,R,L,L,P,E,T,P,R,E,T,F,A,L,W,Q,M,T,A,E,H,S,Q,P,V,L,G,V,L,L,D,A,G,R,K,S,L,T,Y,F,N,H,D,P,R,A,T,L,Q,E,V,T,F,D,L,P,E,V,R,R,I,F,F,G,S,F,H,K,V,H,V,A,V,G,R,S,K,V,R,L,Y,V,D,C,R,K,V,A,E,R,P,M,G,E,A,G,S,P,P,V,T,G,F,V,M,L,G,R,L,A,K,A,R,G,P,R,S,S,S,A,T,F,Q,L,Q,M,L,Q,I,V,C,N,D,S,W,A,E,E,D,M,C,C,E,L,P,A,S,K,D,G,E,S,C,P,A,F,S,S,S,C,A,C,S,S,Q,T,P,G,P,P,G,P,Q,G,P,P,G,L,P,G,R,N,G,V,P,G,E,R,G,F,P,G,P,R,-,-,-,-,-,-,-,-,-,-,-,-,-,-,-,-,-,-,-,-,-,-,-,-,-,-,-,-,-,-,-,-,G,P,P,G,V,K,G,E,K,G,D,H,G,A,P,G,L,Q,G,H,P,G,H,Q,G,P,P,G,K,V,G,L,Q,G,P,G,M,R,G,L,E,G,S,A,G,L,P,G,P,P,G,P,F,Q,G,T,A,G,A,R,G,S,G,G,L,R,G,L,P,G,P,V,G,L,G,L,P,G,P,K,G,E,R,G,E,K,H,V,L,K,F,-,-,-,H,E,S,A,R,A,P,R,P,I,L,Q,A,L,G,H,P,-,-,-,-,-,-,-,-,S,S,H,G,E,A,W,L,G,G,R,D,G,P,H,P
Panthera_uncia,C,L,W,L,W,L,G,V,A,V,G,L,G,Q,E,S,G,R,L,R,L,A,V,L,P,E,D,R,L,Q,M,K,W,S,E,P,E,G,S,S,L,G,Y,L,V,Q,V,K,P,M,A,G,D,A,E,Q,D,V,M,L,T,T,K,A,P,K,A,T,V,G,G,L,S,P,S,K,G,Y,T,A,Q,I,F,R,L,T,G,S,G,T,T,L,L,A,Q,R,E,F,V,I,E,E,L,K,-,-,-,-,-,-,-,-,-,R,P,L,G,A,-,A,L,E,P,T,P,S,H,V,G,S,P,A,P,-,-,-,-,E,P,P,V,A,S,S,P,S,Q,D,P,P,T,L,A,S,P,Q,F,R,C,T,P,P,T,P,V,D,M,I,F,L,V,D,G,S,W,S,I,G,H,S,Q,F,Q,Q,V,K,D,F,L,A,S,V,I,E,P,F,D,I,G,P,D,K,V,Q,V,G,L,T,Q,Y,S,G,D,P,Q,T,E,W,D,L,S,T,F,G,A,K,E,D,V,L,A,A,V,R,S,L,R,Y,K,G,G,N,T,F,T,G,L,A,L,S,H,V,L,E,Q,N,L,R,P,G,A,G,S,R,P,E,A,A,T,A,V,I,L,V,T,D,G,K,S,Q,D,D,A,R,A,A,G,R,A,L,K,D,L,G,V,D,I,F,A,V,G,V,K,N,A,D,E,A,E,L,Q,L,L,A,S,R,P,L,D,I,T,V,H,N,V,Q,D,F,P,Q,L,G,T,L,A,G,L,L,S,R,L,I,C,Q,K,V,Q,G,R,S,-,-,-,-,-,-,-,-,-,-,D,T,L,F,T,P,T,S,L,V,V,T,Q,V,T,S,S,S,V,H,L,S,W,T,P,A,P,Q,L,P,L,K,Y,R,I,V,W,Q,P,S,R,G,G,A,P,R,E,V,V,V,E,G,P,A,S,S,T,E,L,H,N,L,T,A,G,T,Q,Y,L,V,S,V,L,P,V,L,R,A,G,F,G,E,G,L,R,R,L,V,T,T,A,P,L,P,P,P,Q,A,L,A,L,A,A,V,T,P,R,T,I,R,L,T,W,Q,P,S,A,G,A,T,R,Y,L,V,R,C,L,S,A,S,A,K,G,Q,E,E,G,R,E,V,R,V,G,Q,P,E,V,L,L,D,G,L,E,P,G,R,D,Y,D,V,W,V,Q,S,L,R,G,A,E,A,S,E,A,R,G,I,R,A,R,T,S,T,L,A,P,P,G,H,L,S,F,S,D,V,S,H,D,S,A,R,V,S,W,E,G,V,S,K,P,V,R,L,F,R,I,S,F,A,S,S,D,S,S,H,S,G,E,V,E,A,P,G,N,A,T,S,A,T,V,G,P,L,S,S,S,T,A,Y,S,V,R,V,T,C,L,Y,P,G,G,S,S,S,V,L,T,G,C,L,T,T,R,K,V,P,S,P,S,Q,L,S,V,T,E,L,P,G,D,E,V,R,L,E,W,T,A,A,A,A,S,G,V,L,V,Y,Q,I,K,W,T,P,L,G,D,G,K,A,H,E,I,S,V,P,G,H,R,D,V,A,V,L,P,G,L,R,S,H,L,E,Y,E,I,T,I,L,A,Y,Y,R,D,G,A,R,S,D,P,V,S,L,R,Y,T,P,-,-,P,H,R,S,P,P,S,D,L,A,L,A,S,K,S,P,D,S,L,Q,V,S,W,T,P,P,S,G,H,V,L,H,Y,R,L,T,Y,V,P,A,S,G,S,G,P,E,K,S,I,S,V,P,G,L,S,N,H,V,T,L,P,N,L,L,A,A,S,K,Y,R,V,L,V,S,A,V,Y,G,A,G,E,S,R,P,V,S,A,I,G,H,T,-,A,C,P,A,L,S,P,D,G,S,L,S,G,F,D,L,M,A,A,F,G,L,V,E,K,E,Y,A,S,I,R,G,V,A,M,E,P,S,A,F,G,R,A,R,T,F,T,L,F,K,D,A,Q,L,T,R,R,A,D,V,H,L,A,A,E,H,T,V,V,F,L,L,R,L,L,P,E,T,P,R,E,T,F,A,L,W,Q,M,T,A,E,H,S,Q,P,V,L,G,V,L,L,D,A,G,R,K,S,L,T,Y,F,N,H,D,P,R,A,T,L,Q,E,V,T,F,D,L,P,E,V,R,R,I,F,F,G,S,F,H,K,V,H,V,A,V,G,R,S,K,V,R,L,Y,V,D,C,R,K,V,A,E,R,P,M,G,E,A,G,S,P,P,V,T,G,F,V,M,L,G,R,L,A,K,A,R,G,P,R,S,S,S,A,T,F,Q,L,Q,T,L,Q,I,V,C,N,D,S,W,A,E,E,D,M,C,C,E,L,P,A,S,K,D,G,E,S,C,P,A,F,S,S,S,C,A,C,C,S,Q,T,P,G,P,P,G,P,Q,G,P,P,G,L,P,G,R,N,G,V,P,G,E,R,G,F,P,G,P,R,-,-,-,-,-,-,-,-,-,-,-,-,-,-,-,-,-,-,-,-,-,-,-,-,-,-,-,-,-,-,-,-,G,P,P,G,V,K,G,E,K,G,D,H,G,A,P,G,L,Q,G,H,P,G,H,Q,G,P,P,G,K,V,G,L,Q,G,P,G,M,R,G,L,E,G,S,A,G,L,P,G,P,P,G,P,F,Q,G,T,A,G,A,R,G,S,G,G,Q,R,G,L,P,G,P,V,G,L,G,L,P,G,P,K,G,E,R,G,E,K,H,G,L,E,F,-,-,-,H,E,S,V,R,A,P,R,P,I,L,Q,A,L,G,H,P,-,-,-,-,-,-,-,-,S,S,H,G,E,A,W,L,G,G,R,D,G,P,H,P
Perognathus_longimembris_pacificus,C,L,W,M,W,L,S,G,A,L,V,-,-,H,V,N,S,R,L,R,L,V,V,L,P,E,D,R,L,Q,M,K,W,R,D,S,E,G,S,S,L,G,Y,R,V,Q,V,K,P,M,A,G,D,S,E,Q,E,V,M,L,T,T,K,T,P,K,A,T,V,G,G,L,S,P,S,K,G,Y,R,V,Q,I,F,Q,L,T,G,S,G,P,V,L,L,A,R,R,E,F,V,I,E,D,L,K,S,N,S,P,G,R,S,S,W,R,P,A,G,P,-,G,P,E,P,T,P,S,P,P,G,G,P,D,L,E,Q,-,-,-,-,-,-,-,-,-,-,-,-,-,-,-,-,-,A,G,P,H,F,R,C,T,P,P,V,P,T,D,M,V,F,L,V,D,G,S,W,S,V,G,H,R,H,F,Q,Q,V,K,D,F,L,A,S,V,I,E,P,F,E,I,G,P,D,K,V,Q,V,G,L,T,Q,Y,S,G,D,P,R,T,E,W,E,L,N,A,F,H,T,R,E,Q,V,L,A,A,V,R,G,L,R,Y,K,G,G,N,T,F,T,G,L,A,L,T,H,V,L,G,Q,N,L,K,P,A,A,G,L,R,R,E,A,A,Q,V,V,I,L,V,T,D,G,K,S,Q,D,H,V,H,T,A,A,R,V,L,K,G,L,D,I,D,V,F,A,V,G,V,K,N,A,D,E,A,E,L,K,L,L,A,S,W,P,L,D,I,T,V,H,N,V,L,D,F,S,Q,L,A,T,L,A,G,L,L,S,R,L,I,C,Q,K,V,Q,G,R,-,-,-,-,-,-,-,A,P,A,P,H,P,L,P,A,S,A,S,L,D,V,T,R,V,T,S,S,S,L,H,L,S,W,T,P,A,P,Q,P,P,-,K,Y,L,V,V,W,R,S,S,R,G,S,I,P,R,E,A,V,V,E,G,P,T,S,S,L,E,L,R,N,L,T,A,S,T,Q,Y,R,I,S,V,L,P,V,Y,E,G,G,A,G,E,G,L,Q,G,L,A,V,T,A,P,L,P,V,P,Q,A,L,T,L,A,A,V,T,S,R,T,L,H,L,T,W,Q,P,S,A,E,A,T,Q,Y,L,V,R,Y,S,P,A,S,S,T,G,E,E,Q,S,K,E,V,R,V,G,Q,P,Q,V,L,L,D,R,L,E,P,G,R,S,Y,E,V,S,V,Q,S,L,R,G,P,E,A,S,E,A,R,S,L,R,A,T,T,S,T,R,A,P,P,R,H,L,D,F,L,N,V,S,H,D,S,A,R,V,A,W,A,D,A,Q,R,P,V,R,L,V,K,V,S,Y,V,S,S,D,G,G,H,S,G,Q,T,Q,A,S,G,D,A,T,S,A,A,L,G,P,L,A,A,S,T,T,Y,L,V,R,V,T,R,I,Y,L,G,G,G,S,A,T,L,A,G,R,L,T,T,R,R,A,P,G,P,S,R,L,A,V,T,A,L,P,G,D,A,A,R,L,S,W,A,A,T,G,S,P,G,V,L,A,Y,R,I,K,W,T,P,L,G,E,G,K,A,R,E,L,S,V,A,G,T,L,S,T,A,I,L,P,G,L,G,R,H,A,E,Y,E,I,T,V,L,A,C,F,R,D,G,A,C,S,D,P,A,S,I,R,Y,T,P,-,-,-,-,-,-,-,-,-,-,-,-,-,-,-,-,-,-,-,-,-,-,-,-,-,-,-,-,-,-,-,-,-,-,-,-,-,-,-,-,-,-,-,-,-,-,-,-,-,-,-,-,-,-,-,-,-,-,-,-,-,-,-,-,-,-,-,-,-,-,-,-,-,-,-,-,-,-,-,-,-,-,-,-,-,-,-,-,-,-,-,-,-,-,-,-,-,A,L,H,P,H,G,T,L,P,G,F,D,L,M,V,A,F,G,L,V,A,R,E,Y,A,S,I,P,G,V,A,M,E,P,S,A,L,G,Q,A,P,T,F,T,L,F,K,D,A,Q,L,T,Q,R,V,D,V,H,P,A,A,E,H,T,I,L,F,L,A,R,L,L,P,E,T,P,R,E,A,F,A,L,W,Q,M,T,T,E,D,F,Q,P,I,L,G,V,L,L,D,A,G,R,K,S,L,T,Y,F,N,H,A,A,R,A,T,V,R,E,A,T,F,D,L,R,E,A,N,K,I,F,F,G,S,F,H,K,V,H,V,A,V,G,P,S,R,V,R,L,Y,V,D,C,H,E,V,A,E,R,P,-,-,-,-,-,-,-,-,-,-,-,-,I,T,L,G,R,L,A,K,A,R,G,P,Q,N,S,S,A,T,F,Q,L,Q,M,L,Q,V,L,C,G,D,S,W,A,A,H,D,R,C,C,E,L,P,A,A,R,D,R,E,V,C,P,A,S,P,S,T,C,A,H,S,S,E,T,P,G,P,P,G,P,Q,G,P,P,G,L,P,G,K,T,G,T,P,G,E,Q,G,V,P,G,P,K,G,E,P,G,P,P,G,Q,I,G,P,E,G,P,G,G,Q,Q,G,S,P,G,T,Q,G,R,A,I,Q,G,P,M,G,P,P,G,V,K,G,E,K,G,D,H,G,L,P,G,V,Q,G,H,P,G,Q,P,G,T,P,G,R,T,G,P,Q,G,P,G,M,R,G,L,E,G,P,T,G,L,P,G,S,P,G,P,P,Q,G,L,A,G,S,R,G,T,H,G,E,R,G,P,P,G,V,V,G,P,G,L,P,G,P,K,G,E,R,G,E,K,H,V,L,R,L,S,S,F,H,E,N,A,R,P,P,M,P,I,L,T,E,T,A,E,P,G,R,P,P,L,T,S,P,D,S,S,G,E,A,L,L,R,A,R,G,N,H,L,-
Peromyscus_californicus_insignis,C,L,W,M,L,L,G,A,T,L,A,L,G,Q,V,S,G,R,L,R,L,A,V,L,P,E,D,Q,L,Q,M,K,W,R,E,A,E,G,S,G,L,G,Y,L,V,Q,V,T,P,V,A,G,D,L,E,Q,E,L,I,L,T,T,K,T,P,K,A,T,V,G,G,L,S,P,S,K,G,Y,T,L,Q,I,F,E,L,T,D,S,G,P,V,L,L,A,R,R,E,F,V,I,E,D,L,K,S,H,S,L,S,R,G,S,R,R,L,V,E,P,-,T,L,E,P,T,S,F,P,L,G,A,S,D,P,E,K,T,P,E,S,S,I,A,F,T,S,S,R,D,R,P,I,L,A,D,T,Q,F,C,C,T,P,P,T,P,T,D,I,I,F,L,V,D,G,S,W,S,I,G,H,S,H,F,Q,Q,V,K,D,F,L,A,S,I,I,T,P,F,E,I,G,P,D,K,V,Q,V,G,L,T,Q,Y,S,G,D,P,Q,T,E,W,D,L,K,S,F,R,T,K,E,Q,V,L,A,A,V,H,S,L,R,Y,R,G,G,N,T,F,T,G,L,A,L,T,H,V,L,G,Q,N,L,K,P,A,A,G,A,R,P,E,A,A,K,V,L,I,L,V,T,D,G,K,S,Q,D,D,V,R,T,A,A,R,I,L,K,D,Q,D,I,D,V,F,V,V,G,V,K,N,A,D,E,A,E,L,K,L,L,A,S,Q,P,L,D,I,T,V,H,N,V,L,D,F,P,Q,L,A,T,L,A,A,L,L,S,R,L,I,C,Q,K,I,Q,G,-,-,-,-,-,A,A,A,T,L,A,L,D,P,F,P,M,P,T,R,L,V,L,T,H,V,T,S,S,S,V,H,L,S,W,T,P,A,L,Y,P,P,L,K,Y,L,I,V,W,Q,P,S,R,G,G,A,P,K,E,V,V,V,E,G,P,V,S,S,M,E,L,Q,N,L,T,S,N,T,E,Y,L,V,S,V,L,P,V,Y,E,S,G,V,G,K,S,L,Q,G,R,A,T,T,A,P,L,P,P,P,G,A,L,T,L,A,S,V,T,P,R,T,L,H,L,T,W,Q,P,S,A,G,A,T,Q,Y,L,V,Q,Y,L,L,A,A,S,P,G,E,E,Q,R,R,E,V,H,V,G,Q,P,E,V,L,L,D,G,L,E,P,G,R,D,Y,E,I,S,V,Q,S,L,R,G,P,E,A,S,E,V,R,S,I,N,A,R,T,T,T,L,G,P,P,R,H,L,S,F,S,D,V,S,Y,N,S,A,C,V,S,W,E,A,-,Q,R,P,V,R,L,V,K,V,S,Y,V,S,S,D,G,S,H,S,G,Q,A,Q,V,S,G,N,T,T,S,A,T,L,G,P,L,S,S,S,T,K,Y,I,V,R,V,T,C,F,Y,F,G,G,G,S,S,M,L,T,G,H,V,T,T,K,K,A,P,S,P,S,Q,L,S,V,T,E,L,Q,G,D,A,V,K,L,S,W,V,A,T,T,L,S,G,V,L,V,Y,Q,I,K,W,M,P,L,G,E,G,K,A,H,E,I,S,V,P,G,T,L,D,T,A,I,L,P,G,L,M,S,H,V,E,Y,E,I,T,I,L,A,Y,Y,R,D,G,T,R,S,D,P,V,S,L,R,Y,I,P,S,S,A,S,R,S,P,P,S,N,L,V,L,S,S,E,T,P,N,S,L,Q,V,S,W,T,P,P,S,S,H,V,L,H,Y,R,L,N,Y,T,L,A,S,G,S,G,P,E,K,S,I,S,V,P,S,T,R,S,H,V,V,L,P,D,L,L,S,A,T,K,Y,R,V,L,V,S,A,V,Y,G,A,G,E,S,I,A,V,S,A,T,Y,R,T,A,A,C,P,A,L,H,P,D,S,P,L,S,G,F,D,L,M,V,A,F,G,L,V,A,K,E,Y,A,S,I,R,G,V,A,M,E,P,S,A,L,G,V,A,P,T,F,T,V,F,K,D,A,Q,L,M,R,R,A,D,I,H,P,A,A,E,H,T,I,V,F,L,V,R,L,L,P,E,T,P,R,E,A,F,A,L,W,Q,M,M,A,E,D,F,Q,P,I,L,G,V,L,L,D,A,G,R,K,S,L,T,Y,F,N,H,D,P,R,A,A,L,Q,E,V,T,F,D,L,Q,D,A,K,K,V,F,F,G,S,F,H,K,V,H,V,A,V,G,H,S,K,V,R,L,Y,V,D,C,R,K,V,A,E,R,P,I,G,D,A,G,S,P,P,T,A,G,F,I,T,L,G,R,L,A,K,A,R,G,P,R,S,S,S,A,T,F,Q,L,Q,M,L,Q,I,M,C,S,D,T,W,A,E,K,D,R,C,C,E,L,P,A,L,R,D,E,E,T,C,P,A,F,P,S,A,C,A,C,S,S,E,T,P,G,P,P,G,P,Q,G,P,P,G,L,P,G,R,N,G,T,P,G,Q,Q,G,H,P,G,P,K,G,E,P,G,P,P,G,Q,T,G,P,E,G,P,G,G,Q,Q,G,S,P,G,T,Q,G,R,T,V,Q,G,P,M,G,P,P,G,V,K,G,E,K,G,D,H,G,L,P,G,L,Q,G,L,S,G,Q,Q,G,I,P,G,K,T,G,L,Q,G,P,G,M,R,G,L,E,G,P,A,G,L,P,G,P,P,G,P,F,H,G,L,A,G,A,R,G,T,N,G,E,R,G,P,P,G,A,V,G,P,G,L,P,G,S,K,G,E,R,G,E,K,H,V,L,K,L,N,P,F,N,E,N,A,R,P,P,M,P,-,-,-,-,-,-,-,-,-,-,-,-,-,-,S,P,G,S,H,N,K,A,L,L,G,G,H,A,H,H,P,-
Peromyscus_leucopus,C,L,W,M,L,L,G,A,T,L,A,L,G,Q,V,S,G,R,L,R,L,A,V,L,P,E,D,Q,L,Q,M,K,W,R,E,A,E,R,S,G,L,G,Y,L,V,Q,V,T,P,M,E,G,D,L,E,Q,E,L,I,L,T,T,K,T,P,K,A,T,V,G,G,L,S,P,S,K,G,Y,T,L,Q,I,F,E,L,T,D,S,G,P,V,L,L,A,R,R,E,F,V,I,E,D,L,K,S,H,S,L,S,R,G,S,R,R,-,-,-,-,-,-,-,-,-,-,-,-,-,-,-,-,-,-,-,-,-,-,-,-,-,-,-,-,-,-,-,-,-,-,-,-,-,L,A,D,T,Q,F,R,C,T,P,P,T,P,T,D,I,I,F,L,V,D,G,S,W,S,I,G,H,S,H,F,Q,Q,V,K,D,F,L,A,S,I,I,T,P,F,E,I,G,P,D,K,V,Q,V,G,L,T,Q,Y,S,G,D,P,Q,T,E,W,D,L,K,S,F,H,T,K,E,Q,V,L,A,A,V,H,S,L,R,Y,R,G,G,N,T,F,T,G,L,A,L,T,H,V,L,G,Q,N,L,K,P,A,A,G,A,R,P,E,A,A,K,V,L,I,L,V,T,D,G,K,S,Q,D,D,V,H,T,A,A,R,I,L,K,D,Q,D,I,D,V,F,V,V,G,V,K,N,A,D,E,A,E,L,K,L,L,A,S,Q,P,L,D,I,T,V,H,N,V,L,D,F,P,Q,L,A,T,L,A,A,L,L,S,R,L,I,C,Q,K,I,Q,G,-,-,-,-,-,A,A,A,T,L,A,L,D,P,F,P,M,P,T,R,L,V,L,T,H,V,T,S,S,S,V,H,L,S,W,T,P,A,L,Y,P,P,L,K,Y,L,I,V,W,Q,P,S,R,G,G,T,P,K,E,V,V,V,E,G,P,V,S,S,M,E,L,R,N,L,T,S,N,T,E,Y,L,V,S,V,L,P,V,Y,E,S,G,V,G,K,S,L,Q,G,R,A,T,T,A,P,L,P,P,P,G,A,L,T,L,A,S,V,T,P,R,T,L,H,L,T,W,Q,P,S,A,G,A,T,Q,Y,L,V,Q,Y,L,L,A,A,S,P,G,E,E,Q,R,R,E,V,H,V,G,Q,P,E,V,L,L,D,G,L,E,P,G,R,D,Y,E,I,S,V,Q,S,L,R,G,P,E,A,S,E,V,R,S,I,N,A,R,T,T,T,P,G,P,P,R,H,L,S,F,S,D,V,S,Y,N,S,A,C,V,S,W,E,A,-,Q,R,P,V,R,L,V,K,V,S,Y,V,S,S,D,G,S,H,S,G,Q,A,Q,V,S,G,N,T,T,S,A,T,L,G,P,L,S,S,S,T,K,Y,I,V,R,V,T,C,F,Y,F,G,A,G,S,S,M,L,T,G,H,V,T,T,K,K,A,P,S,P,S,Q,L,S,V,T,E,L,Q,G,D,A,V,K,L,S,W,V,A,T,A,L,S,G,V,L,V,Y,Q,I,K,W,M,P,L,G,E,G,K,A,H,E,I,S,V,P,G,T,L,D,T,A,I,L,P,G,L,M,S,H,V,E,Y,E,I,T,I,L,A,Y,Y,R,D,G,T,R,S,D,P,V,S,L,R,Y,I,P,S,S,A,S,R,S,P,P,S,S,L,V,L,S,S,E,T,P,N,S,L,Q,V,S,W,T,P,P,S,S,H,V,L,H,Y,R,L,N,Y,T,L,A,S,G,S,G,P,E,K,S,I,S,V,P,S,T,R,S,H,V,V,L,P,D,L,L,S,A,T,K,Y,R,V,L,V,S,A,V,Y,G,A,G,E,S,I,A,V,S,A,T,Y,R,T,A,A,C,P,A,L,H,P,D,S,S,L,S,G,F,D,L,M,V,A,F,G,L,V,A,K,E,Y,A,S,I,R,G,V,A,M,E,P,S,A,L,G,V,A,P,T,F,T,V,F,K,D,A,Q,L,M,R,R,A,D,I,H,P,A,A,E,H,T,I,V,F,L,V,R,L,L,P,E,T,P,R,E,A,F,A,L,W,Q,M,M,A,E,D,F,Q,P,I,L,G,V,L,L,D,A,G,R,K,S,L,T,Y,F,N,H,D,P,R,A,A,L,Q,E,V,T,F,D,L,Q,D,A,K,K,V,F,F,G,S,F,H,K,V,H,V,A,V,G,H,S,K,V,R,L,Y,V,D,C,R,K,V,A,E,R,P,I,G,D,A,G,S,P,P,T,A,G,F,I,T,L,G,R,L,A,K,A,R,G,P,R,S,S,S,A,T,F,Q,L,Q,M,L,Q,I,M,C,S,D,T,W,A,E,K,D,R,C,C,E,L,P,A,L,R,D,G,E,T,C,P,A,L,P,S,A,C,A,C,S,S,E,T,P,G,P,P,G,P,Q,G,P,P,G,L,P,G,R,N,G,I,P,G,Q,Q,G,H,P,G,P,K,G,E,P,G,P,P,G,Q,T,G,P,E,G,P,G,G,Q,Q,G,S,P,G,T,Q,G,R,T,V,Q,G,P,M,G,P,P,G,V,K,G,E,K,G,D,H,G,L,P,G,L,Q,G,L,S,G,Q,Q,G,I,P,G,K,N,G,L,Q,G,P,G,M,R,G,L,E,G,P,A,G,L,P,G,P,P,G,P,F,H,G,L,A,G,G,R,G,T,N,G,E,R,G,P,P,G,A,V,G,P,G,L,P,G,S,K,G,E,R,G,E,K,H,V,L,K,L,N,S,F,N,E,N,T,R,P,P,M,P,-,-,-,-,-,-,-,-,-,-,-,-,-,-,-,-,-,-,-,-,-,-,-,-,G,G,H,V,H,H,P,-
Peromyscus_maniculatus_bairdii,C,L,W,M,L,L,G,A,T,L,A,L,G,Q,V,S,G,R,L,R,L,A,V,L,P,E,D,Q,L,Q,M,K,W,R,E,A,E,R,S,G,L,G,Y,L,V,Q,V,T,P,M,E,G,D,L,E,Q,E,L,I,L,T,T,K,T,P,K,A,T,V,G,G,L,S,P,S,K,G,Y,T,L,Q,I,F,E,L,T,D,S,G,P,V,L,L,A,R,R,E,F,V,I,E,D,L,K,S,H,S,L,S,R,G,S,Q,R,-,-,-,-,-,-,-,-,-,-,-,-,-,-,-,-,-,-,-,-,-,-,-,-,-,-,-,-,-,-,-,-,-,-,-,-,-,L,A,D,T,Q,F,R,C,T,P,P,T,P,T,D,I,I,F,L,V,D,G,S,W,S,I,G,H,S,H,F,Q,Q,V,K,D,F,L,A,S,I,I,T,P,F,E,I,G,P,D,K,V,Q,V,G,L,T,Q,Y,S,G,A,P,Q,T,E,W,D,L,K,S,F,H,T,K,E,Q,V,L,A,A,V,H,S,L,R,Y,R,G,G,N,T,F,T,G,L,A,L,T,H,V,L,G,Q,N,L,K,P,A,A,G,A,R,P,E,A,A,K,V,L,I,L,V,T,D,G,K,S,Q,D,D,V,R,T,A,A,R,I,L,K,D,Q,D,I,D,V,F,V,V,G,V,K,N,A,D,E,A,E,L,K,L,L,A,S,Q,P,L,D,I,T,V,H,N,V,L,D,F,P,Q,L,A,T,L,A,A,L,L,S,R,L,I,C,Q,K,I,Q,G,-,-,-,-,-,A,A,A,T,L,A,L,D,P,F,P,M,P,T,R,L,V,L,T,H,V,T,S,S,S,V,H,L,S,W,T,P,A,L,Y,P,P,L,K,Y,L,I,V,W,Q,P,S,R,G,G,T,P,K,E,V,V,V,E,G,P,V,S,S,M,E,L,R,N,L,T,S,N,T,E,Y,L,V,S,V,L,P,V,Y,E,S,G,V,G,K,S,L,Q,G,R,A,T,T,A,P,L,P,P,P,G,A,L,T,L,A,S,V,T,P,R,T,L,H,L,T,W,Q,P,S,A,G,A,T,Q,Y,L,V,Q,Y,L,L,A,A,S,P,G,E,E,Q,R,R,E,V,H,V,G,Q,P,E,V,L,L,D,G,L,E,P,G,R,D,Y,E,I,S,V,Q,S,L,R,G,P,E,A,S,E,V,R,S,I,N,A,R,T,T,A,P,G,P,P,R,H,L,S,F,S,D,V,S,Y,N,S,A,C,V,S,W,E,A,-,Q,R,P,V,R,L,V,K,V,S,Y,V,S,S,D,G,S,H,S,G,Q,A,Q,V,S,G,N,T,T,S,A,T,L,G,P,L,S,S,S,T,K,Y,I,V,R,V,T,C,F,Y,F,G,A,G,S,S,M,L,T,G,H,V,T,T,K,K,A,P,S,P,S,Q,L,S,V,T,E,L,Q,G,D,A,V,K,L,S,W,V,T,T,A,L,S,G,V,L,V,Y,Q,I,K,W,M,P,L,G,E,G,K,A,H,E,I,S,V,P,G,T,L,D,T,A,I,L,P,G,L,M,S,H,V,E,Y,E,I,T,I,L,A,Y,Y,R,D,G,T,R,S,D,P,V,S,L,R,Y,I,P,S,S,A,S,R,S,P,P,S,S,L,V,L,S,S,E,T,P,N,S,L,Q,V,S,W,T,P,P,S,S,H,V,L,H,Y,R,L,N,Y,T,L,A,S,G,S,G,P,E,K,S,I,S,V,P,S,T,R,S,H,V,V,L,P,D,L,L,S,A,T,K,Y,R,V,L,V,S,A,V,Y,G,A,G,E,S,I,A,V,S,A,T,Y,R,T,A,A,C,P,A,L,H,P,D,S,S,L,S,G,F,D,L,M,V,A,F,G,L,V,A,K,E,Y,A,S,I,R,G,V,A,M,E,P,S,A,L,G,V,A,P,T,F,T,V,F,K,D,A,Q,L,M,R,R,A,D,I,H,P,A,A,E,H,T,I,V,F,L,V,R,L,L,P,E,T,P,R,E,A,F,A,L,W,Q,M,M,A,E,D,F,Q,P,I,L,G,V,L,L,D,A,G,R,K,S,L,T,Y,F,N,H,D,P,R,A,A,L,Q,E,I,T,F,D,L,Q,D,A,K,K,V,F,F,G,S,F,H,K,V,H,V,A,V,G,H,S,K,V,R,L,Y,V,D,C,R,K,V,A,E,R,P,I,G,D,A,G,S,P,P,T,A,G,F,I,T,L,G,R,L,A,K,A,R,G,P,R,S,S,S,A,T,F,Q,L,Q,M,L,Q,I,M,C,S,D,T,W,A,E,K,D,R,C,C,E,L,P,A,L,R,D,G,E,T,C,P,A,L,P,S,A,C,A,C,S,S,E,T,S,G,P,P,G,P,Q,G,P,P,G,L,P,G,R,N,G,T,P,G,Q,Q,G,H,P,G,P,K,G,E,P,G,P,P,G,Q,T,G,P,E,G,P,G,G,Q,Q,G,S,P,G,T,Q,G,R,T,V,Q,G,P,M,G,P,P,G,A,K,G,E,K,G,D,H,G,L,P,G,L,Q,G,L,S,G,Q,Q,G,I,P,G,K,N,G,L,Q,G,P,G,M,R,G,L,E,G,P,A,G,L,P,G,P,P,G,P,F,H,G,L,A,G,G,R,G,T,N,G,E,R,G,P,P,G,A,V,G,P,G,L,P,G,S,K,G,E,R,G,E,K,H,V,L,K,L,N,S,F,N,E,N,A,R,P,P,M,P,-,-,-,-,-,-,-,-,-,-,-,-,-,-,-,-,-,-,-,-,-,-,-,-,G,G,H,V,H,H,P,-
Phascolarctos_cinereus,-,-,-,-,-,-,-,-,-,-,-,-,-,-,-,-,-,R,L,R,L,T,V,L,S,E,D,R,L,Q,M,K,W,K,E,S,E,G,N,T,N,G,Y,K,V,Q,V,K,P,M,A,G,D,S,E,Q,E,V,M,L,T,T,K,T,P,K,V,T,V,V,G,L,S,P,T,K,E,Y,T,L,Q,I,F,A,L,S,G,S,R,D,T,L,M,A,R,R,R,F,V,I,E,D,L,K,S,I,S,M,G,R,N,S,R,K,P,S,G,E,-,I,L,E,P,I,P,S,S,V,-,-,-,-,-,-,-,-,-,-,-,-,-,-,-,-,-,-,-,-,-,-,-,-,G,G,P,Q,F,H,C,D,T,S,I,P,V,D,I,V,F,L,V,D,G,S,W,S,I,G,R,S,N,F,R,L,I,R,E,F,L,A,N,I,I,S,P,F,H,I,-,P,D,K,V,R,I,G,L,S,Q,Y,S,G,D,P,R,T,E,W,D,L,N,S,F,N,T,K,D,E,V,L,E,A,V,R,N,L,R,Y,K,G,G,N,T,F,T,G,L,A,L,T,H,V,L,E,Q,N,L,K,L,E,A,G,S,R,S,E,A,V,K,V,V,I,L,L,T,D,G,K,S,Q,D,D,A,R,L,A,A,Q,V,M,K,D,L,G,M,D,I,F,A,I,G,V,K,N,A,D,E,S,E,L,T,H,L,A,S,L,P,L,D,V,T,V,H,N,V,Q,D,F,H,L,L,G,N,L,T,K,R,L,T,R,L,L,C,W,K,I,Q,E,R,S,-,-,-,-,-,-,-,-,-,-,-,-,-,-,-,-,-,N,L,I,V,S,E,V,T,A,T,G,L,R,L,A,W,T,P,-,-,-,-,-,-,K,Y,R,I,V,Y,H,P,S,R,G,G,T,P,M,E,V,T,V,E,G,A,A,S,S,A,Q,L,L,N,L,T,S,N,T,E,Y,L,V,T,V,L,P,V,Y,K,D,G,D,G,E,G,L,R,D,I,V,T,T,L,P,L,S,P,P,S,S,L,T,I,F,S,V,T,H,S,S,I,H,L,T,W,Q,P,A,N,K,A,T,Q,Y,L,I,H,C,-,-,-,-,-,-,-,-,-,-,-,-,E,V,R,V,G,D,P,E,V,L,L,E,G,L,A,P,G,T,E,Y,S,I,A,V,Y,A,L,F,G,E,E,V,S,-,-,-,-,-,-,-,-,-,-,-,-,-,-,P,K,H,L,S,F,S,E,V,S,H,S,S,V,R,V,H,W,E,A,S,S,R,V,V,R,M,Y,H,V,S,Y,V,S,L,E,G,N,Q,A,G,E,I,D,V,S,R,N,A,S,S,V,K,L,A,P,L,S,S,S,T,S,Y,I,V,S,V,T,S,I,Y,K,E,G,D,S,S,T,L,T,G,R,V,T,T,R,K,V,P,A,P,S,H,L,K,V,T,E,L,P,G,D,D,V,R,L,E,W,A,A,A,A,A,S,G,V,V,V,Y,Q,I,K,W,M,P,L,G,E,G,K,A,Y,E,I,S,V,P,G,N,L,G,T,A,T,L,P,G,L,G,K,H,A,E,Y,E,I,S,I,L,A,Y,Y,R,D,G,A,R,S,D,T,V,S,L,R,Y,T,P,-,-,M,S,R,N,P,P,L,N,L,V,L,T,S,E,T,P,S,S,L,R,I,L,W,T,P,P,N,D,N,V,L,H,Y,R,L,T,Y,A,L,A,S,G,S,S,P,E,K,T,I,I,I,P,G,P,E,N,H,V,T,L,P,L,L,L,P,G,T,K,Y,K,I,M,V,S,A,V,Y,R,L,G,E,S,N,V,V,S,A,I,G,R,T,A,A,C,P,A,L,R,A,N,G,S,L,P,G,F,D,M,M,E,A,F,G,L,V,E,K,E,Y,A,S,I,K,G,V,S,M,E,P,S,I,F,S,G,T,R,T,Y,T,L,F,R,D,V,Q,L,M,R,R,A,E,I,H,P,A,A,E,H,T,I,S,F,L,L,R,V,L,P,E,T,P,R,E,P,F,A,L,W,Q,I,T,D,E,T,F,E,P,L,L,G,V,T,L,D,A,G,R,K,S,L,T,Y,F,H,R,D,H,K,A,E,L,Q,E,V,T,F,D,L,Q,E,V,K,K,I,F,Y,G,S,F,H,K,V,H,V,A,V,S,R,T,K,V,K,L,Y,V,D,C,R,K,V,T,E,R,L,I,S,E,A,G,S,S,S,T,A,G,F,V,M,L,G,K,L,M,K,T,R,G,P,R,S,G,S,A,T,F,Q,L,Q,A,L,Q,I,V,C,S,D,T,W,A,E,E,D,K,C,C,E,V,P,A,L,R,D,A,E,T,C,P,A,L,T,S,A,C,T,C,P,S,D,Q,P,G,P,P,G,P,P,G,P,P,G,T,P,G,R,R,G,I,Q,G,E,Q,G,T,P,G,P,R,G,E,P,G,P,P,G,Q,T,G,P,E,G,P,G,G,Q,Q,G,S,P,G,T,Q,G,L,T,V,Q,G,P,V,G,P,P,G,V,K,G,E,K,G,D,I,G,H,P,G,L,Q,G,H,P,G,H,Q,G,P,P,G,R,H,G,L,Q,G,P,G,M,R,G,F,E,G,T,A,G,F,P,G,P,P,G,P,F,Q,G,I,A,G,A,R,G,I,N,G,E,K,G,P,P,G,D,V,G,P,G,L,P,G,P,K,G,E,R,G,E,K,H,V,L,K,F,D,P,F,H,E,N,T,R,P,P,V,P,V,W,E,E,E,V,K,S,G,E,P,-,-,G,L,P,G,-,P,G,Q,K,G,D,R,G,E,D,G,F,R,E
Phoca_vitulina,W,L,W,L,W,L,G,V,S,L,G,L,G,R,A,S,S,R,L,R,L,A,V,L,P,E,D,Q,L,Q,M,K,W,R,E,S,E,G,G,S,L,G,Y,L,V,Q,V,K,P,R,A,G,D,A,E,Q,E,V,M,L,T,T,K,T,P,K,A,T,V,G,G,L,S,P,S,K,G,Y,T,V,Q,I,F,E,L,T,S,S,G,N,A,L,L,A,Q,Q,E,F,V,I,E,D,L,K,S,H,S,V,S,R,S,G,Q,M,P,L,E,A,-,A,V,E,P,M,P,S,H,V,G,S,P,D,P,-,-,-,-,E,P,R,V,A,L,S,P,G,Q,D,P,P,P,P,A,S,P,Q,F,R,C,T,P,P,T,P,V,D,M,I,F,L,V,D,G,S,W,S,I,G,H,S,H,F,Q,Q,V,K,D,F,L,A,S,V,I,E,P,F,E,I,G,P,N,K,V,Q,V,G,L,T,Q,Y,S,G,D,P,Q,T,E,W,D,L,S,A,F,R,T,K,E,E,V,V,T,A,V,R,S,L,R,Y,R,G,G,N,T,F,T,G,L,A,L,T,H,V,R,E,Q,N,L,K,P,G,A,G,T,R,P,E,A,A,K,V,V,I,L,V,T,D,G,K,S,Q,D,D,A,R,A,A,G,H,V,L,K,D,L,G,V,A,V,F,A,V,G,V,K,N,A,D,E,A,E,L,Q,L,L,A,S,P,P,L,D,I,T,V,H,N,V,Q,D,F,P,Q,L,G,T,L,A,G,L,L,S,R,L,I,C,Q,K,V,Q,G,G,S,G,T,-,A,A,A,T,P,A,P,D,T,A,C,T,P,T,S,L,V,V,T,Q,V,T,S,S,S,V,H,L,S,W,T,P,A,P,Q,L,P,L,K,Y,L,I,T,W,R,P,S,G,G,G,T,P,Q,E,M,V,V,E,G,P,T,S,S,A,E,L,H,S,L,T,A,G,T,E,Y,L,V,S,V,F,P,V,G,K,A,G,V,G,Q,G,L,R,G,L,V,T,T,A,P,L,P,A,P,Q,A,L,T,L,A,A,V,T,P,R,T,I,R,L,T,W,R,P,S,A,G,A,T,Q,Y,L,V,R,C,L,P,A,F,P,R,G,Q,E,E,G,R,E,V,R,V,G,Q,P,E,A,L,L,D,G,L,E,P,G,T,H,Y,D,V,W,V,Q,S,L,Q,G,T,E,A,S,E,A,R,G,V,R,A,R,T,A,T,L,A,A,P,R,H,L,G,F,S,D,V,S,H,D,S,A,R,V,F,W,E,G,S,P,R,P,V,R,L,F,R,V,S,F,V,S,S,E,G,S,H,S,G,Q,V,E,A,P,G,N,A,T,S,A,T,L,G,P,L,S,S,S,T,T,Y,S,V,R,V,T,C,L,Y,P,A,G,G,S,S,T,L,T,G,R,L,T,T,R,K,V,P,S,P,S,Q,L,S,V,T,E,L,P,G,D,E,V,Q,L,E,W,A,A,A,A,A,S,G,V,L,V,Y,Q,I,K,W,T,P,L,G,D,G,K,A,R,E,I,S,V,P,G,N,L,G,M,A,V,L,P,G,F,Q,S,H,L,E,Y,E,I,T,I,L,A,Y,Y,R,D,G,A,R,S,D,P,V,S,L,R,Y,T,P,-,-,-,-,R,S,P,P,S,N,L,A,L,A,S,E,S,P,S,S,L,R,V,S,W,T,P,P,S,G,H,V,L,R,Y,R,L,T,Y,V,L,A,S,G,S,G,S,E,K,S,I,S,V,P,G,P,S,S,H,V,T,L,P,D,L,L,A,A,T,K,Y,R,V,L,V,S,A,V,Y,G,A,G,E,S,L,P,V,S,A,T,G,Q,T,-,A,C,P,A,L,S,P,D,G,P,L,P,G,F,D,L,M,A,A,F,G,L,V,E,K,E,Y,A,S,I,R,G,V,A,M,E,R,A,A,F,S,C,A,R,T,F,T,L,F,K,D,A,Q,L,T,R,R,A,G,L,Q,L,A,A,E,Y,T,V,V,F,L,L,R,V,L,P,E,T,P,R,E,S,F,A,L,W,Q,M,T,A,E,D,F,Q,P,V,L,G,V,L,L,D,A,G,R,K,S,L,T,Y,F,N,H,D,P,R,A,T,L,Q,E,V,T,F,D,L,P,E,V,R,R,I,F,F,G,S,F,H,K,V,H,V,A,V,G,R,S,R,V,R,L,Y,V,D,C,R,K,V,A,E,R,P,I,G,E,A,G,S,P,P,A,A,G,F,V,M,L,G,R,L,A,K,A,R,G,P,R,S,S,S,A,T,F,Q,L,Q,L,L,Q,I,V,C,S,E,S,W,A,E,E,D,V,C,C,E,L,P,A,A,K,D,G,E,T,C,P,A,F,P,S,A,C,T,C,S,S,Q,T,P,G,P,P,G,P,Q,G,P,P,G,L,P,G,R,I,G,A,P,G,E,Q,G,F,P,G,P,R,-,-,-,-,-,-,-,-,-,-,-,-,-,-,-,-,-,-,-,-,-,-,-,-,-,-,-,-,-,-,-,-,G,P,P,G,V,K,G,E,K,G,D,H,G,L,P,G,L,Q,G,H,P,G,H,Q,G,A,P,G,K,V,G,L,Q,G,P,G,M,R,G,L,E,G,S,A,G,L,P,G,P,P,G,P,F,Q,G,T,A,G,V,R,G,T,G,G,E,R,G,P,P,G,V,V,G,P,G,L,P,G,P,K,G,E,R,G,E,K,H,V,L,K,F,H,S,F,H,E,S,A,R,P,P,R,P,V,W,E,A,P,R,H,P,-,-,-,-,-,-,-,-,G,T,L,S,E,A,W,L,G,G,D,V,G,P,R,P
Phodopus_roborovskii,C,L,W,M,-,L,G,A,T,L,V,L,G,Q,V,S,G,R,L,R,L,A,V,L,P,E,D,Q,L,Q,M,K,W,R,E,A,E,G,N,G,L,G,Y,L,V,Q,V,T,P,M,A,G,D,L,E,Q,E,L,I,L,T,T,K,T,P,K,A,T,V,G,G,L,S,P,S,K,G,Y,T,L,Q,I,F,E,L,T,G,S,G,P,V,L,L,A,R,R,E,F,V,I,E,D,L,K,S,-,-,-,-,R,G,S,R,R,-,-,-,-,-,-,-,-,-,-,-,-,-,-,-,-,-,-,-,-,-,-,-,-,-,-,-,-,-,-,-,S,R,D,Q,P,I,L,A,D,P,Q,F,H,C,T,P,P,T,P,T,D,I,I,F,L,V,D,G,S,W,S,I,G,H,R,H,F,Q,Q,V,K,D,F,L,A,S,I,I,I,P,F,E,I,G,P,D,K,V,Q,V,G,L,T,Q,Y,S,G,E,P,Q,T,E,W,D,L,N,S,F,H,T,K,A,Q,V,L,A,A,V,H,S,L,R,F,R,G,G,N,T,F,T,G,L,A,L,T,H,V,L,G,Q,N,L,K,P,A,A,G,A,R,A,E,A,A,K,V,L,I,L,V,T,D,G,K,S,Q,D,D,V,R,T,A,A,R,I,L,K,D,Q,D,I,D,V,F,V,V,G,V,K,N,A,D,E,A,E,L,K,L,L,A,S,Q,P,L,D,I,T,V,H,N,V,L,D,F,P,Q,L,A,T,L,A,A,L,I,S,R,L,I,C,Q,T,I,Q,G,-,-,-,-,-,A,A,T,S,L,A,L,D,P,L,P,M,P,S,R,L,D,L,T,H,V,T,S,S,S,V,H,L,S,W,T,P,A,L,Y,P,P,L,K,Y,L,I,V,W,Q,P,S,R,G,G,A,P,K,E,V,V,V,E,G,P,A,S,S,M,E,L,Q,N,L,T,S,N,T,E,Y,V,V,S,V,L,P,V,Y,E,S,G,F,G,K,S,L,Q,G,R,T,T,T,A,P,L,P,P,P,G,A,L,T,L,A,S,V,T,P,R,T,L,H,L,T,W,Q,P,S,A,G,A,T,Q,Y,L,V,R,-,-,-,-,-,-,-,-,E,E,Q,R,R,E,V,H,V,G,Q,P,E,V,L,L,D,G,L,E,P,G,Q,D,Y,E,V,S,V,Q,S,L,R,G,P,E,A,S,E,V,R,S,I,N,A,R,T,T,A,L,G,P,P,R,H,L,S,F,S,D,V,S,Y,N,S,A,C,V,S,W,E,A,-,Q,R,P,V,R,L,V,K,V,S,Y,V,S,S,D,G,S,H,S,G,Q,A,Q,V,P,G,N,T,T,S,A,T,L,G,T,L,S,S,S,T,K,Y,T,V,R,V,T,C,F,Y,F,G,G,G,S,S,T,L,T,G,H,V,T,T,K,K,A,P,S,P,S,Q,L,S,V,M,E,L,P,G,D,A,V,K,L,S,W,V,A,T,A,L,S,G,V,L,V,Y,Q,I,K,W,M,P,L,G,E,G,K,A,H,E,I,S,V,P,G,T,L,D,T,A,V,L,P,G,L,M,S,H,V,E,Y,E,I,T,I,L,A,Y,Y,R,D,G,T,H,S,D,P,V,S,L,R,Y,I,P,S,S,A,S,R,S,P,P,S,N,L,V,L,S,S,E,T,P,N,S,L,Q,V,S,W,T,P,P,S,G,H,V,L,H,Y,R,V,N,Y,A,L,A,S,G,S,G,P,E,K,L,I,S,V,P,G,T,R,S,R,V,V,L,P,D,L,L,S,A,T,K,Y,R,V,L,V,S,A,V,Y,G,A,G,E,S,V,A,V,S,A,T,Y,R,T,A,A,C,P,A,L,H,P,D,N,S,L,S,G,F,D,L,M,V,A,F,G,L,V,A,K,E,Y,A,S,I,R,G,V,A,M,E,P,S,A,L,G,M,A,P,T,F,T,V,F,K,E,A,Q,L,M,R,R,A,D,I,Y,P,A,A,E,H,T,I,V,F,L,V,R,L,L,P,E,T,P,R,E,A,F,A,L,W,Q,M,M,A,E,D,S,Q,P,I,V,G,V,L,L,D,A,G,R,K,S,L,T,Y,F,N,H,D,P,R,E,T,L,Q,E,V,T,F,D,L,Q,D,A,K,K,I,F,F,G,S,F,H,K,V,H,V,A,V,G,H,S,K,V,R,L,Y,V,D,C,R,K,V,A,E,R,P,I,G,D,A,G,S,P,P,T,A,G,F,I,T,L,G,R,L,A,K,A,R,G,P,R,S,S,S,A,T,F,Q,L,Q,M,L,Q,I,V,C,S,D,T,W,A,D,K,D,R,C,C,E,L,P,A,L,R,D,G,E,T,C,P,A,F,P,S,S,C,I,C,S,S,E,T,P,G,P,P,G,P,Q,G,P,P,G,L,P,G,R,N,G,T,P,G,Q,Q,G,H,P,G,P,K,G,E,P,G,P,P,G,Q,T,G,P,E,G,P,G,G,Q,Q,G,S,P,G,T,Q,G,R,T,V,Q,G,P,M,G,P,P,G,I,K,G,E,K,G,D,H,G,P,P,G,L,Q,G,L,S,G,Q,Q,G,L,P,G,K,A,G,L,Q,G,P,G,M,R,G,L,E,G,P,A,G,L,P,G,P,P,G,P,F,Q,G,L,A,G,A,R,G,S,S,G,E,R,G,P,P,G,A,V,G,P,G,L,P,G,S,K,G,E,R,G,E,K,H,V,L,K,L,N,S,F,H,E,N,A,R,P,P,M,P,F,M,V,E,T,A,K,P,G,R,P,S,I,E,P,P,G,S,H,N,E,A,L,F,G,G,H,V,R,R,P,-
Prionailurus_bengalensis_euptilurus,-,-,-,-,-,-,-,-,-,-,-,-,-,-,-,-,-,-,-,-,-,-,-,-,-,-,-,-,-,-,-,-,-,-,-,-,-,-,-,-,-,-,-,-,-,-,-,-,-,-,-,-,-,-,-,-,-,-,-,-,-,-,-,-,-,-,-,-,-,-,-,-,-,-,-,-,-,-,-,-,-,-,-,-,-,-,-,-,-,-,-,-,-,-,-,-,-,-,-,-,-,-,-,-,-,-,-,-,-,-,-,-,-,-,-,-,-,-,-,-,-,-,-,-,-,-,-,-,-,-,-,-,-,-,-,-,-,-,-,-,-,-,-,-,-,-,-,-,-,-,-,-,-,-,-,-,-,-,-,-,-,-,-,-,-,-,-,-,-,-,-,-,-,-,-,-,-,-,-,-,-,-,-,-,-,-,-,-,-,-,-,-,-,-,-,-,-,-,-,-,-,-,-,-,-,-,-,-,-,-,-,-,-,-,-,-,-,-,-,-,-,-,-,-,-,-,-,-,-,-,-,-,-,-,-,-,-,-,-,-,-,-,-,-,-,-,-,-,-,-,-,-,-,-,-,-,-,-,-,-,-,-,-,-,-,-,-,-,-,-,-,-,-,-,-,-,-,-,-,-,-,-,-,-,-,-,-,-,-,-,-,-,-,-,-,-,-,-,-,-,-,-,-,-,-,-,-,-,-,-,-,-,-,-,-,-,-,-,-,-,-,-,-,-,-,-,-,-,-,-,-,-,-,-,-,-,-,-,-,-,-,-,-,-,-,-,-,-,-,-,-,-,-,-,-,-,-,-,-,-,-,-,-,-,-,-,-,-,-,-,-,-,-,-,-,-,-,-,-,-,-,-,-,-,-,-,-,-,-,-,-,-,-,-,-,-,-,-,-,-,-,-,-,-,-,-,-,-,-,-,-,-,-,-,-,-,-,-,-,-,-,-,-,-,-,-,-,-,-,-,-,-,-,-,-,-,-,-,-,-,-,-,-,-,-,-,-,-,-,-,-,-,-,-,-,-,-,-,-,-,-,-,-,-,-,-,-,-,-,-,-,-,-,-,-,-,-,-,-,-,-,-,-,-,-,-,-,-,-,-,-,-,-,-,-,-,-,-,-,-,-,-,-,-,-,-,-,-,-,-,-,-,-,-,-,-,-,-,-,-,-,-,-,-,-,-,-,-,-,-,-,-,-,-,-,-,-,-,-,-,-,-,-,-,-,-,-,-,-,-,-,-,-,-,-,-,-,-,-,-,-,-,-,-,-,-,-,-,-,-,-,-,-,-,-,-,-,-,-,-,-,-,-,-,-,-,-,-,-,-,-,-,-,-,-,-,-,-,-,-,-,-,-,-,-,-,-,-,-,-,-,-,-,-,-,-,-,-,-,-,-,-,-,-,-,-,-,-,-,-,-,-,-,-,-,-,-,-,-,-,-,-,-,-,-,-,-,-,-,-,-,-,-,-,-,-,-,-,-,-,-,-,-,-,-,-,-,-,-,-,-,-,-,-,-,-,-,-,-,-,-,-,-,-,-,-,-,-,-,-,-,-,-,-,-,-,-,-,-,-,-,-,-,-,-,-,-,-,-,-,-,-,-,-,-,-,-,-,-,-,-,-,-,-,-,-,-,-,-,-,-,-,-,-,-,-,-,-,-,-,-,-,-,-,-,-,-,-,-,-,-,-,-,-,-,-,-,-,-,-,-,-,-,-,-,-,-,-,-,-,-,-,-,-,-,-,-,-,-,-,-,-,-,-,-,-,-,-,-,-,-,-,-,-,-,-,-,-,-,-,-,-,-,-,-,-,-,-,-,-,-,-,-,-,-,-,-,-,-,-,-,-,-,-,-,-,-,-,-,-,-,-,-,-,-,-,-,-,-,-,-,-,-,-,-,-,-,-,-,-,-,-,-,-,-,-,-,-,-,-,-,-,-,-,-,-,-,-,-,-,-,-,-,-,-,-,-,-,-,-,-,-,-,-,-,-,-,-,-,-,-,-,-,-,-,-,-,-,-,-,-,-,-,-,-,-,-,-,-,-,-,-,-,-,-,-,-,-,-,-,-,-,-,-,-,-,-,-,-,-,-,-,-,-,-,-,-,-,-,-,-,-,-,-,-,-,-,-,-,-,-,-,-,-,-,-,-,-,-,-,-,-,-,-,-,-,-,-,-,-,-,-,-,-,-,-,-,-,-,-,-,-,-,-,-,-,-,-,-,-,-,-,-,-,-,-,-,-,-,-,-,-,-,-,-,-,-,-,-,-,-,-,-,-,-,-,-,-,-,-,-,-,-,-,-,-,-,-,-,-,-,-,-,-,-,-,-,-,-,-,-,-,-,-,-,-,-,-,-,-,-,-,-,-,-,-,-,-,-,-,-,-,-,-,-,-,-,-,-,-,-,-,-,-,-,-,-,-,-,-,-,-,-,-,-,-,-,-,-,-,-,-,-,-,-,-,-,-,-,-,-,-,-,-,-,-,-,-,-,-,-,-,-,-,-,-,-,-,-,-,-,-,-,-,-,-,-,-,-,-,-,-,-,-,-,-,-,-,-,-,-,-,-,-,-,-,-,-,-,-,-,-,-,-,-,-,-,-,-,-,-,-,-,-,-,-,-,-,-,-,-,-,-,-,-,-,-,-,-,-,-,-,-,-,-,-,-,-,-,-,-,-,-,-,-,-,-,-,-,-,-,-,-,-,-,-,-,-,-,-,-,-,-,-,-,-,-,-,-,-,-,-,-,-,-,-,-,-,-,-,-,-,-,-,-,-,-,-,-,-,-,-,-,-,-,-,-,-
Puma_concolor,-,-,-,-,-,-,-,-,-,-,-,-,-,-,-,-,-,-,-,-,-,-,-,-,-,-,-,-,-,-,-,-,-,-,-,-,-,-,-,-,-,-,-,-,-,-,-,-,-,-,-,-,-,-,-,-,-,-,-,-,-,-,-,-,-,-,-,-,-,-,-,-,-,-,-,-,-,-,-,-,-,-,-,-,-,-,-,-,-,-,-,-,-,-,-,-,-,-,-,-,-,-,-,-,-,-,-,-,-,-,-,-,-,-,-,-,-,-,-,-,-,-,-,-,-,-,-,-,-,-,-,-,-,-,-,-,-,-,-,-,-,-,-,-,-,-,-,-,-,-,-,-,-,-,-,-,-,-,-,-,-,-,-,-,-,-,-,-,-,-,-,-,-,-,-,-,-,-,-,-,-,-,-,-,-,-,-,-,-,-,-,-,-,-,-,-,-,-,-,-,-,-,-,-,-,-,-,-,-,-,-,-,-,-,-,-,-,-,-,-,-,-,-,-,-,-,-,-,-,-,-,-,-,-,-,-,-,-,-,-,-,-,-,-,-,-,-,-,-,-,-,-,-,-,-,-,-,-,-,-,-,-,-,-,-,-,-,-,-,-,-,-,-,-,-,-,-,-,-,-,-,-,-,-,-,-,-,-,-,-,-,-,-,-,-,-,-,-,-,-,-,-,-,-,-,-,-,-,-,-,-,-,-,-,-,-,-,-,-,-,-,-,-,-,-,-,-,-,-,-,-,-,-,-,-,-,-,-,-,-,-,-,-,-,-,-,-,-,-,-,-,-,-,-,-,-,-,-,-,-,-,-,-,-,-,-,-,-,-,-,-,-,-,-,-,-,-,-,-,-,-,-,-,-,-,-,-,-,-,-,-,-,-,-,-,-,-,-,-,-,-,-,-,-,-,-,-,-,-,-,-,-,-,-,-,-,-,-,-,-,-,-,-,-,-,-,-,-,-,-,-,-,-,-,-,-,-,-,-,-,-,-,-,-,-,-,-,-,-,-,-,-,-,-,-,-,-,-,-,-,-,-,-,-,-,-,-,-,-,-,-,-,-,-,-,-,-,-,-,-,-,-,-,-,-,-,-,-,-,-,-,-,-,-,-,-,-,-,-,-,-,-,-,-,-,-,-,-,-,-,-,-,-,-,-,-,-,-,-,-,-,-,-,-,-,-,-,-,-,-,-,-,-,-,-,-,-,-,-,-,-,-,-,-,-,-,-,-,-,-,-,-,-,-,-,-,-,-,-,-,-,-,-,-,-,-,-,-,-,-,-,-,-,-,-,-,-,-,-,-,-,-,-,-,-,-,-,-,-,-,-,-,-,-,-,-,-,-,-,-,-,-,-,-,-,-,-,-,-,-,-,-,-,-,-,-,-,-,-,-,-,-,-,-,-,-,-,-,-,-,-,-,-,-,-,-,-,-,-,-,-,-,-,-,-,-,-,-,-,-,-,-,-,-,-,-,-,-,-,-,-,-,-,-,-,-,-,-,-,-,-,-,-,-,-,-,-,-,-,-,-,-,-,-,-,-,-,-,-,-,-,-,-,-,-,-,-,-,-,-,-,-,-,-,-,-,-,-,-,-,-,-,-,-,-,-,-,-,-,-,-,-,-,-,-,-,-,-,-,-,-,-,-,-,-,-,-,-,-,-,-,-,-,-,-,-,-,-,-,-,-,-,-,-,-,-,-,-,-,-,-,-,-,-,-,-,-,-,-,-,-,-,-,-,-,-,-,-,-,-,-,-,-,-,-,-,-,-,-,-,-,-,-,-,-,-,-,-,-,-,-,-,-,-,-,-,-,-,-,-,-,-,-,-,-,-,-,-,-,-,-,-,-,-,-,-,-,-,-,-,-,-,-,-,-,-,-,-,-,-,-,-,-,-,-,-,-,-,-,-,-,-,-,-,-,-,-,-,-,-,-,-,-,-,-,-,-,-,-,-,-,-,-,-,-,-,-,-,-,-,-,-,-,-,-,-,-,-,-,-,-,-,-,-,-,-,-,-,-,-,-,-,-,-,-,-,-,-,-,-,-,-,-,-,-,-,-,-,-,-,-,-,-,-,-,-,-,-,-,-,-,-,-,-,-,-,-,-,-,-,-,-,-,-,-,-,-,-,-,-,-,-,-,-,-,-,-,-,-,-,-,-,-,-,-,-,-,-,-,-,-,-,-,-,-,-,-,-,-,-,-,-,-,-,-,-,-,-,-,-,-,-,-,-,-,-,-,-,-,-,-,-,-,-,-,-,-,-,-,-,-,-,-,-,-,-,-,-,-,-,-,-,-,-,-,-,-,-,-,-,-,-,-,-,-,-,-,-,-,-,-,-,-,-,-,-,-,-,-,-,-,-,-,-,-,-,-,-,-,-,-,-,-,-,-,-,-,-,-,-,-,-,-,-,-,-,-,-,-,-,-,-,-,-,-,-,-,-,-,-,-,-,-,-,-,-,-,-,-,-,-,-,-,-,-,-,-,-,-,-,-,-,-,-,-,-,-,-,-,-,-,-,-,-,-,-,-,-,-,-,-,-,-,-,-,-,-,-,-,-,-,-,-,-,-,-,-,-,-,-,-,-,-,-,-,-,-,-,-,-,-,-,-,-,-,-,-,-,-,-,-,-,-,-,-,-,-,-,-,-,-,-,-,-,-,-,-,-,-,-,-,-,-,-,-,-,-,-,-,-,-,-,-,-,-,-,-,-,-,-,-,-,-,-,-,-,-,-,-,-,-,-,-,-,-,-,-,-,-,-,-,-,-,-,-,-,-,-,-,-,-,-,-,-,-,-,-,-
Puma_yagouaroundi,C,L,W,L,W,L,G,V,A,V,G,L,G,Q,-,S,G,R,L,R,L,A,V,L,P,E,D,R,L,Q,M,K,W,S,E,S,E,G,S,S,L,G,Y,L,V,Q,V,K,P,M,A,G,D,A,E,Q,D,V,M,L,T,T,K,A,P,K,A,T,V,G,G,L,S,P,S,K,G,Y,T,A,Q,I,F,Q,L,T,G,S,G,T,T,L,L,A,Q,R,E,F,V,I,E,E,L,K,-,-,-,-,-,-,-,-,-,R,P,L,R,A,-,A,P,E,P,T,P,S,H,V,G,S,P,A,P,-,-,-,-,E,P,R,V,A,S,S,P,S,Q,D,P,P,T,L,A,S,P,Q,F,R,C,T,P,P,T,P,V,D,M,I,F,L,V,D,G,S,W,S,I,G,H,S,H,F,Q,Q,V,K,D,F,L,A,S,V,I,E,P,F,D,I,G,P,D,K,V,Q,V,G,L,T,Q,Y,S,G,D,P,Q,T,E,W,D,L,S,T,F,G,A,K,E,D,V,L,A,A,V,R,S,L,R,Y,K,G,G,N,T,F,T,G,L,A,L,S,H,V,L,E,Q,N,L,R,P,G,A,G,P,R,P,E,A,A,T,V,V,I,L,V,T,D,G,K,S,Q,D,D,A,R,A,A,G,R,A,L,K,D,L,G,V,D,I,F,A,V,G,V,K,N,A,D,E,A,E,L,Q,L,L,A,S,R,P,L,D,I,T,V,H,N,V,Q,D,F,P,Q,L,G,T,L,A,G,L,L,S,R,L,I,C,Q,E,V,Q,G,R,S,V,T,S,A,G,S,P,S,S,P,D,T,L,F,T,P,T,G,L,I,V,T,Q,V,T,S,S,S,V,H,L,S,W,T,P,A,P,Q,L,P,L,K,Y,R,I,V,W,Q,P,S,R,G,G,A,P,R,E,V,V,V,E,G,P,A,S,S,T,E,L,H,N,L,T,A,G,T,Q,Y,L,V,S,V,L,P,V,L,R,A,G,F,G,E,G,L,R,R,L,V,T,T,A,P,L,P,P,P,Q,A,L,A,L,A,A,V,T,P,R,T,I,R,L,T,W,Q,P,S,A,G,A,T,R,Y,L,V,R,C,L,S,A,S,A,K,G,Q,E,E,G,R,E,V,R,V,G,Q,P,E,V,L,L,D,G,L,E,P,G,R,D,Y,D,V,W,V,Q,S,L,Q,G,A,E,A,S,E,A,R,G,I,R,A,R,T,S,T,L,A,P,L,G,H,L,S,F,S,D,V,S,H,D,S,A,H,V,S,W,E,G,V,S,K,P,V,R,L,F,R,I,S,F,A,S,S,D,G,S,H,S,G,E,V,E,A,P,G,N,A,S,S,A,T,V,G,P,L,S,S,S,T,A,Y,S,V,R,V,T,C,L,Y,P,G,G,S,S,S,V,L,T,G,R,L,T,T,R,K,V,P,S,P,S,Q,L,S,V,T,E,L,P,G,D,E,V,R,L,E,W,T,A,A,A,A,S,G,V,L,V,Y,Q,I,K,W,T,P,L,G,D,G,K,A,H,E,I,S,V,P,G,H,R,D,V,A,V,L,P,G,L,R,S,H,L,E,Y,E,I,T,I,L,A,Y,Y,R,D,G,A,R,S,D,P,V,S,L,R,Y,T,P,-,-,P,H,R,S,P,P,S,D,L,A,L,A,S,K,S,P,D,S,L,Q,V,S,W,T,P,P,S,G,H,V,L,H,Y,R,L,T,Y,L,P,A,S,G,L,G,P,E,K,S,I,S,V,P,G,L,R,N,H,V,T,L,P,N,L,L,A,A,S,K,Y,R,V,L,V,S,A,V,Y,G,A,G,E,S,R,T,V,S,A,V,G,H,T,A,A,C,P,A,L,S,P,D,G,S,L,S,G,F,D,L,M,A,A,F,G,L,V,E,K,E,Y,A,S,I,R,G,V,A,M,E,P,S,A,F,G,R,A,R,T,F,T,L,F,K,D,A,Q,L,T,R,R,A,D,V,H,L,A,A,E,H,T,V,V,F,L,L,R,L,L,P,E,T,P,R,E,T,F,A,L,W,Q,M,T,A,E,H,S,Q,P,V,L,G,V,L,L,D,A,G,R,K,S,L,T,Y,F,N,H,D,P,R,A,T,L,Q,E,V,T,F,D,L,P,E,V,R,R,I,F,F,G,S,F,H,K,V,H,V,A,V,G,R,S,K,V,R,L,Y,V,D,C,R,K,V,A,E,R,P,M,G,E,A,G,S,P,P,V,T,G,F,V,M,L,G,R,L,A,K,A,R,G,P,R,S,S,S,A,T,F,Q,L,Q,T,L,Q,I,V,C,N,D,S,W,A,E,E,D,M,C,C,E,L,P,A,S,K,D,G,E,T,C,P,A,F,S,S,S,C,T,C,S,S,Q,T,P,G,P,P,G,P,Q,G,P,P,G,L,P,G,R,N,G,V,P,G,E,Q,G,F,P,G,P,R,G,E,P,G,P,P,G,Q,T,G,P,E,G,P,G,G,Q,Q,G,S,P,G,T,Q,G,R,T,V,Q,G,P,V,G,P,P,G,V,K,G,E,K,G,D,H,G,A,P,G,L,Q,G,H,P,G,H,Q,G,P,P,G,K,V,G,L,Q,G,P,G,M,R,G,L,E,G,S,A,G,L,P,G,P,P,G,P,F,Q,G,T,A,G,A,R,G,S,G,G,Q,R,G,L,P,G,P,V,G,L,G,L,P,G,P,K,G,E,R,G,E,K,H,V,L,K,F,-,-,-,H,E,S,A,R,P,P,R,P,I,L,Q,A,L,G,H,P,-,-,-,-,-,-,-,-,S,S,H,G,E,A,W,L,G,G,R,D,G,P,H,P
Rattus_norvegicus,-,-,-,-,-,-,-,-,-,-,-,-,-,-,-,S,S,R,L,R,L,A,V,L,P,E,D,R,L,Q,M,K,W,R,E,A,E,G,S,G,L,G,Y,L,V,Q,V,T,P,M,A,G,D,L,E,Q,E,L,V,L,T,T,K,T,P,K,A,T,V,G,G,L,S,P,S,K,S,Y,T,L,Q,I,F,E,L,T,D,S,G,P,V,L,L,A,R,R,E,F,V,I,E,D,L,K,S,Q,S,L,G,R,G,S,R,R,L,A,G,-,-,-,-,-,-,-,-,-,-,-,-,-,-,-,-,-,A,T,L,E,P,-,-,-,-,-,-,-,-,-,-,-,-,-,-,-,P,Q,F,Q,C,T,P,P,T,P,A,D,I,I,F,L,V,D,G,S,W,S,I,G,H,N,N,F,Q,Q,V,K,D,F,L,A,S,I,I,T,H,F,A,I,G,P,D,K,V,Q,V,G,L,T,Q,Y,S,G,D,P,Q,T,E,W,D,L,N,S,F,H,T,K,E,Q,V,L,A,A,V,H,H,L,H,Y,K,G,G,N,T,F,T,G,L,A,L,T,H,V,L,G,Q,N,L,K,P,A,A,G,V,R,P,E,A,A,K,V,L,I,L,V,T,D,G,K,S,Q,D,D,V,R,T,A,A,R,V,L,K,D,Q,D,I,D,V,F,T,V,G,V,K,N,V,D,E,A,E,L,K,L,L,A,S,Q,P,L,D,I,T,V,H,N,V,L,D,F,P,Q,L,T,T,L,A,P,L,L,S,R,L,I,C,Q,K,I,Q,G,-,-,-,-,-,A,A,G,T,R,I,L,D,P,L,P,T,P,T,R,L,T,L,T,H,V,T,S,S,S,I,H,L,S,W,T,P,A,L,Y,P,P,L,K,Y,L,I,V,W,Q,P,S,R,G,G,A,P,K,E,V,V,V,E,G,P,V,S,S,M,E,L,G,N,L,T,S,N,T,E,Y,S,V,S,V,L,P,V,Y,E,S,G,V,G,K,S,L,Q,G,R,A,T,T,A,P,L,P,P,P,G,P,L,T,L,A,A,V,T,P,R,T,L,H,L,T,W,Q,P,S,A,G,A,T,Q,Y,L,V,Q,Y,L,L,A,A,S,T,G,E,E,Q,K,R,E,V,H,V,G,R,P,E,V,V,L,D,D,L,E,P,G,Q,D,Y,E,V,S,V,Q,S,L,R,G,P,E,A,S,E,A,R,N,I,H,A,R,T,P,V,P,G,P,P,R,H,L,S,F,S,D,V,R,Y,N,S,T,C,V,S,W,E,A,-,Q,R,P,V,R,L,V,K,V,S,Y,V,S,S,D,G,S,H,S,G,Q,I,Q,V,P,G,N,V,T,S,A,T,L,G,P,L,S,S,S,T,V,Y,T,I,R,V,T,C,F,Y,L,R,G,G,S,S,V,L,T,G,H,V,T,T,Q,K,A,P,S,P,S,Q,L,S,V,T,E,L,P,G,D,T,V,K,L,S,W,L,A,T,A,L,S,G,V,L,V,Y,Q,I,K,W,M,P,L,G,E,G,K,A,H,E,I,S,V,P,G,T,L,G,T,A,I,L,P,G,L,M,K,H,V,E,Y,E,I,T,I,L,A,Y,Y,R,D,G,T,R,S,D,P,V,S,L,R,Y,T,P,S,A,A,N,R,S,P,P,S,S,L,A,L,S,S,E,T,P,N,S,L,Q,V,S,W,A,P,P,S,G,H,V,L,H,Y,R,L,N,Y,T,L,A,S,G,S,G,P,E,K,S,I,S,V,P,G,T,R,S,H,V,V,L,R,D,L,M,S,A,A,K,Y,R,V,L,V,S,A,V,Y,G,A,G,E,S,M,A,V,S,A,T,Y,R,T,A,A,C,P,A,L,H,P,D,S,S,L,S,G,Y,D,L,M,M,A,F,G,L,V,A,K,E,Y,A,S,I,R,G,V,A,M,E,P,S,A,F,G,V,A,P,T,F,T,L,F,K,D,A,Q,L,M,R,R,V,D,V,H,P,A,T,E,H,T,I,V,F,L,V,R,L,L,P,E,T,P,R,E,A,F,A,L,W,Q,M,M,A,E,D,F,Q,P,I,L,G,V,L,L,D,A,G,R,K,S,L,T,Y,F,N,H,D,S,R,A,A,L,Q,E,I,T,F,D,L,Q,D,A,K,K,I,F,F,G,S,F,H,K,V,H,I,A,V,G,H,S,K,I,R,L,Y,V,D,C,R,K,V,A,E,R,P,I,G,D,A,G,S,P,P,T,A,G,F,I,T,L,G,R,L,A,K,A,R,G,P,R,S,S,S,A,T,F,Q,L,Q,M,L,Q,I,M,C,S,D,T,W,A,D,K,D,R,C,C,E,L,P,A,L,R,D,G,E,T,C,P,A,F,P,L,A,C,T,Y,S,S,E,T,P,G,P,P,G,P,Q,G,P,P,G,L,P,G,R,N,G,T,P,G,Q,Q,G,H,P,G,P,K,G,E,P,G,P,P,G,Q,T,G,P,E,G,P,G,G,Q,Q,G,S,P,G,T,Q,G,R,A,V,Q,G,P,M,G,P,P,G,A,K,G,E,K,G,D,H,G,L,P,G,L,Q,G,L,S,G,Q,Q,G,I,P,G,K,T,G,L,Q,G,P,G,M,R,G,L,E,G,P,A,G,L,P,G,P,P,G,P,F,Q,G,L,A,G,A,S,G,T,S,G,E,Q,G,P,P,G,A,V,G,P,G,L,P,G,S,K,G,E,R,G,E,K,H,V,M,K,L,N,S,F,H,E,N,A,R,P,P,M,P,-,-,-,-,-,-,-,-,-,-,-,-,-,-,-,-,-,-,-,-,-,-,-,-,-,-,-,-,-,-,-,-
Rattus_rattus,-,-,-,-,-,-,G,T,T,L,A,L,G,Q,V,S,S,R,L,R,L,A,V,L,P,E,D,R,L,Q,M,K,W,R,E,A,E,G,S,G,L,G,Y,L,V,Q,V,T,P,M,A,G,D,L,E,Q,E,L,V,L,T,T,K,T,P,K,A,T,V,G,G,L,S,P,S,K,S,Y,T,L,Q,I,F,E,L,T,D,S,G,P,V,L,L,A,R,R,E,F,V,I,E,D,L,K,S,Q,S,L,G,R,G,S,R,R,L,A,G,A,-,T,L,E,P,-,-,-,-,-,-,-,-,-,-,-,-,-,-,-,-,-,-,-,-,-,-,-,-,-,-,-,-,-,-,-,P,Q,F,Q,C,T,P,P,T,P,A,D,I,I,F,L,V,D,G,S,W,S,I,G,H,N,N,F,Q,Q,V,K,D,F,L,A,S,I,I,T,H,F,A,I,G,P,D,K,V,Q,V,G,L,T,Q,Y,S,G,D,P,Q,T,E,W,D,L,N,S,F,H,T,K,E,Q,V,L,A,A,V,H,H,L,H,Y,K,G,G,N,T,F,T,G,L,A,L,T,H,V,L,G,Q,N,L,K,P,A,A,G,V,R,P,E,A,A,K,A,L,I,L,V,T,D,G,K,S,Q,D,D,V,R,T,A,A,R,V,L,K,D,Q,D,I,D,V,F,T,V,G,V,K,N,V,D,E,A,E,L,K,L,L,A,S,Q,P,L,D,I,T,V,H,N,V,L,D,F,P,Q,L,A,T,L,A,P,L,L,S,R,L,I,C,Q,K,I,Q,G,-,-,-,-,-,A,A,S,T,R,I,L,D,P,L,P,T,P,T,R,L,T,L,T,H,V,T,S,S,S,I,H,L,S,W,T,P,A,L,Y,P,P,L,K,Y,L,I,V,W,Q,P,S,R,G,G,A,P,K,E,V,V,V,E,G,P,V,S,S,M,E,L,G,N,L,T,S,N,T,E,Y,S,V,S,V,L,P,V,Y,E,S,G,V,G,K,S,L,Q,G,R,A,T,T,A,P,L,P,P,P,G,P,L,T,L,A,A,V,T,P,R,T,L,H,L,T,W,Q,P,S,A,G,A,T,Q,Y,L,V,Q,Y,L,L,A,A,S,T,G,E,E,Q,K,R,E,V,H,V,G,R,P,E,V,V,L,D,D,L,E,P,G,Q,D,Y,E,V,S,V,Q,S,L,R,G,P,E,A,S,E,A,R,N,I,H,V,R,T,P,V,L,G,P,P,R,H,L,S,F,S,D,V,R,Y,N,S,T,C,V,S,W,E,A,-,Q,R,P,L,R,L,V,K,V,S,Y,V,S,S,D,G,S,H,S,G,Q,T,Q,V,P,G,N,V,T,S,V,T,L,G,P,L,S,S,S,T,V,Y,T,V,R,V,T,C,F,Y,L,R,G,G,S,S,V,L,T,G,H,V,T,T,Q,K,A,P,S,P,S,Q,L,S,V,T,E,L,P,G,D,T,V,K,L,S,W,L,A,T,A,L,S,G,V,L,V,Y,Q,I,K,W,M,P,L,G,E,G,K,A,H,E,I,S,V,P,G,T,L,G,T,A,I,L,P,G,L,M,K,H,V,E,Y,E,I,T,I,L,A,Y,Y,R,D,G,T,R,S,D,P,V,S,L,R,Y,T,P,S,A,A,N,R,S,P,P,S,S,L,A,L,S,S,E,T,P,N,S,L,Q,V,S,W,T,P,P,S,G,H,V,L,Y,Y,Q,L,N,Y,T,L,A,S,G,S,G,P,E,K,S,I,S,V,P,G,T,R,S,H,V,V,L,R,D,L,M,S,A,A,K,Y,R,V,L,V,S,A,V,Y,G,A,G,E,S,M,A,V,S,A,T,Y,R,T,A,A,C,P,A,L,H,P,D,S,S,L,S,G,Y,D,L,M,V,A,F,G,L,V,A,K,E,Y,A,S,I,R,G,V,A,M,E,P,S,A,F,G,V,A,P,T,F,T,L,F,K,D,A,Q,L,M,R,R,V,D,I,H,P,A,T,E,H,T,I,V,F,L,V,R,L,L,P,E,T,P,R,E,A,F,A,L,W,Q,M,M,A,E,D,F,Q,P,I,L,G,V,L,L,D,A,G,R,K,S,L,T,Y,F,N,H,D,S,R,A,A,L,Q,E,I,T,F,D,L,Q,D,A,K,K,I,F,F,G,S,F,H,K,V,H,I,A,V,G,H,S,K,I,R,L,Y,V,D,C,R,K,V,A,E,R,P,I,G,D,A,G,S,P,P,T,A,G,F,I,T,L,G,R,L,A,K,A,R,G,P,R,S,S,S,A,T,F,Q,L,Q,M,L,Q,I,M,C,S,N,T,W,A,D,K,D,R,C,C,E,L,P,A,L,R,D,G,E,T,C,P,A,F,P,L,A,C,T,Y,S,S,E,T,P,G,P,P,G,P,Q,G,P,P,G,L,P,G,R,N,G,T,P,G,Q,Q,G,H,P,G,P,K,G,E,P,G,P,P,G,Q,T,G,P,E,G,P,G,G,Q,Q,G,S,P,G,T,Q,G,R,A,V,Q,G,P,M,G,P,P,G,A,K,G,E,K,G,D,H,G,L,P,G,L,Q,G,L,S,G,Q,Q,G,I,P,G,K,T,G,L,Q,G,P,G,M,R,G,L,E,G,P,A,G,L,P,G,P,P,G,P,F,Q,G,L,A,G,A,R,G,T,S,G,E,Q,G,P,P,G,A,V,G,P,G,L,P,G,S,K,G,E,R,G,E,K,H,V,M,K,L,N,S,F,H,E,N,A,R,P,P,M,P,-,-,-,-,-,-,-,-,-,-,-,-,-,-,-,-,-,-,-,-,-,-,-,-,-,-,-,-,-,-,-,-
Sarcophilus_harrisii,-,-,-,-,-,-,-,-,-,-,-,-,-,-,-,-,-,R,L,R,L,T,V,L,S,E,D,R,L,Q,M,K,W,K,E,S,E,G,N,T,N,G,Y,K,V,Q,V,K,P,M,A,G,D,S,E,Q,E,V,M,L,T,T,K,T,P,K,V,T,V,V,G,L,S,P,T,K,E,Y,T,L,Q,I,F,A,L,S,G,S,R,D,T,L,L,A,R,R,R,F,V,I,E,D,L,K,S,I,S,L,G,R,N,S,R,K,Q,S,G,E,-,T,L,E,S,I,S,S,S,V,-,-,-,-,-,-,-,-,-,-,-,-,-,-,-,-,-,-,-,-,-,-,-,-,G,G,P,Q,F,H,C,D,T,S,I,P,V,D,M,V,F,L,V,D,G,S,W,S,I,G,R,S,N,F,R,L,I,R,E,F,L,A,N,I,I,S,P,F,H,I,A,Q,D,K,V,R,I,G,L,S,Q,Y,S,G,D,P,R,T,E,W,D,L,N,S,F,N,T,K,D,E,V,L,E,A,V,R,N,L,R,Y,K,G,G,N,T,F,T,G,L,A,L,T,H,V,L,E,Q,N,L,K,L,E,A,G,S,R,S,E,A,V,K,V,V,I,L,L,T,D,G,K,S,Q,D,D,A,R,L,A,A,Q,V,L,K,D,L,G,M,D,I,F,A,I,G,V,K,N,A,D,E,S,E,L,M,H,L,A,S,L,P,L,D,V,T,V,H,N,V,Q,D,F,P,L,L,G,N,L,T,N,R,L,I,R,L,L,C,W,K,I,Q,E,R,S,R,S,R,-,-,-,-,-,-,-,-,P,H,P,S,P,T,N,L,I,A,S,E,V,T,A,T,G,L,R,L,A,W,T,P,-,-,-,-,-,-,-,-,-,I,V,Y,H,P,S,R,G,G,T,P,R,E,V,T,V,E,G,A,T,S,S,A,Q,L,L,N,L,T,S,N,T,E,Y,L,I,T,V,F,P,V,Y,K,D,G,V,G,E,G,L,Q,D,I,V,T,T,L,P,L,S,P,P,S,S,L,T,I,F,S,V,T,H,S,S,I,H,L,T,W,K,P,T,N,K,A,T,Q,Y,L,V,H,C,-,-,-,-,-,-,-,-,-,-,-,-,E,V,R,V,G,D,P,E,V,L,L,E,G,L,A,P,G,T,E,Y,S,I,A,V,Y,T,L,L,G,E,E,V,S,E,P,Q,S,I,R,V,K,T,L,S,L,D,L,P,K,R,L,S,F,S,E,V,S,H,S,S,V,R,V,H,W,E,A,S,S,R,G,I,R,L,Y,H,V,S,Y,V,S,L,E,G,N,Q,A,G,E,I,D,V,S,R,N,A,S,S,V,K,L,A,P,L,S,S,S,T,S,Y,I,V,S,V,T,T,I,Y,R,E,G,D,S,S,T,L,T,G,R,V,T,T,R,K,V,P,A,P,S,H,L,K,V,T,E,L,P,G,D,D,V,R,L,E,W,A,A,A,A,A,V,G,V,V,V,Y,Q,I,K,W,M,P,L,G,E,G,K,A,Y,E,I,S,V,P,G,N,L,G,T,A,T,L,P,G,L,G,K,H,A,E,Y,E,I,S,I,L,A,Y,Y,R,D,G,A,R,S,D,T,V,S,L,R,Y,T,P,-,-,M,S,R,N,P,P,L,N,L,V,L,A,S,E,T,P,S,S,L,R,I,L,W,T,P,P,N,D,N,V,L,H,Y,R,L,T,Y,A,L,A,S,G,S,G,P,E,K,T,I,I,I,P,G,L,E,N,H,V,T,L,P,L,L,L,P,G,T,K,Y,K,V,M,V,S,A,V,Y,S,L,G,E,S,N,V,I,S,A,I,G,R,T,A,A,C,P,G,L,H,A,N,S,S,L,P,G,F,D,M,M,E,A,F,G,L,V,E,K,E,Y,A,S,I,K,G,V,S,M,E,P,S,V,F,S,G,I,R,T,Y,T,L,F,R,D,V,Q,L,M,R,R,A,E,I,H,P,A,A,E,H,T,I,S,F,L,L,R,V,L,P,E,T,P,R,E,P,F,A,L,W,Q,I,T,D,E,T,F,E,P,L,L,G,V,T,L,D,A,G,R,K,S,L,T,Y,F,N,R,D,H,K,A,E,L,Q,E,V,T,F,D,F,Q,E,V,K,K,I,F,Y,G,S,F,H,K,V,H,V,A,V,S,R,T,K,V,K,L,Y,V,D,C,R,K,V,T,E,R,L,I,N,E,A,G,S,P,S,T,A,G,F,V,I,L,G,K,L,T,K,T,R,G,P,R,S,G,S,A,T,F,Q,L,Q,A,L,Q,I,V,C,S,D,T,W,A,E,E,D,R,C,C,E,V,P,A,L,R,D,A,E,T,C,P,A,L,P,S,A,C,T,C,S,L,D,Q,P,G,P,P,G,P,P,G,P,P,G,T,P,G,R,R,G,I,Q,G,E,Q,G,T,P,G,P,K,G,E,P,G,P,P,G,Q,T,G,P,E,G,P,G,G,Q,Q,G,S,P,G,T,Q,G,L,T,I,Q,G,P,V,G,P,P,G,V,K,G,E,K,G,D,I,G,H,P,G,L,Q,G,H,P,G,H,Q,G,P,P,G,R,H,G,L,Q,G,P,G,M,R,G,F,E,G,T,A,G,F,P,G,P,P,G,P,F,Q,G,I,A,G,A,R,G,I,N,G,E,K,G,P,P,G,D,V,G,P,G,L,P,G,P,K,G,E,R,G,E,K,H,V,L,K,F,D,P,F,H,E,N,T,R,P,P,V,P,V,W,E,E,A,G,E,P,G,L,P,-,-,A,L,S,S,L,P,G,-,-,-,-,-,-,-,-,-,-,-,-
Suncus_etruscus,-,-,-,-,-,-,-,-,-,-,-,-,-,-,-,-,-,-,-,-,-,-,-,-,-,-,-,-,-,-,-,-,-,-,-,-,-,-,-,-,-,-,-,-,-,-,-,-,-,-,-,-,-,-,-,-,-,-,-,-,-,-,-,-,-,-,-,-,-,-,-,-,-,-,-,-,-,-,-,-,-,-,-,-,-,-,-,-,-,-,-,-,-,-,-,-,-,-,-,-,-,-,-,-,-,-,-,-,-,-,-,-,-,-,-,-,-,-,-,-,-,-,-,-,-,-,-,-,-,-,-,-,-,-,-,-,-,-,-,-,-,-,-,-,-,-,-,-,-,-,-,-,-,-,-,-,-,-,-,-,-,-,-,-,-,-,-,-,-,-,-,-,-,-,-,-,-,-,-,-,-,-,-,-,-,-,-,-,-,-,-,-,-,-,-,-,-,-,-,-,-,-,-,-,-,-,-,-,-,-,-,-,-,-,-,-,-,-,-,-,-,-,-,-,-,-,-,-,-,-,-,-,-,-,-,-,-,-,-,-,-,-,-,-,-,-,-,-,-,-,-,-,-,-,-,-,-,-,-,-,-,-,-,-,-,-,-,-,-,-,-,-,-,-,-,-,-,-,-,-,-,-,-,-,-,-,-,-,-,-,-,-,-,-,-,-,-,-,-,-,-,-,-,-,-,-,-,-,-,-,-,-,-,-,-,-,-,-,-,-,-,-,-,-,-,-,-,-,-,-,-,-,-,-,-,-,-,-,-,-,-,-,-,-,-,-,-,-,-,-,-,-,-,-,-,-,-,-,-,-,-,-,-,-,-,-,-,-,-,-,-,-,-,-,-,-,-,-,-,-,-,-,-,-,-,-,-,-,-,-,-,-,-,-,-,-,-,-,-,-,-,-,-,-,-,-,-,-,-,-,-,-,-,-,-,-,-,-,-,-,-,-,-,-,-,-,-,-,-,-,-,-,-,-,-,-,-,-,-,-,-,-,-,-,-,-,-,-,-,-,-,-,-,-,-,-,-,-,-,-,-,-,-,-,-,-,-,-,-,-,-,-,-,-,-,-,-,-,-,-,-,-,-,-,-,-,-,-,-,-,-,-,-,-,-,-,-,-,-,-,-,-,-,-,-,-,-,-,-,-,-,-,-,-,-,-,-,-,-,-,-,-,-,-,-,-,-,-,-,-,-,-,-,-,-,-,-,-,-,-,-,-,-,-,-,-,-,-,-,-,-,-,-,-,-,-,-,-,-,-,-,-,-,-,-,-,-,-,-,-,-,-,-,-,-,-,-,-,-,-,-,-,-,-,-,-,-,-,-,-,-,-,-,-,-,-,-,-,-,-,-,-,-,-,-,-,-,-,-,-,-,-,-,-,-,-,-,-,-,-,-,-,-,-,-,-,-,-,-,-,-,-,-,-,-,-,-,-,-,-,-,-,-,-,-,-,-,-,-,-,-,-,-,-,-,-,-,-,-,-,-,-,-,-,-,-,-,-,-,-,-,-,-,-,-,-,-,-,-,-,-,-,-,-,-,-,-,-,-,-,-,-,-,-,-,-,-,-,-,-,-,-,-,-,-,-,-,-,-,-,-,-,-,-,-,-,-,-,-,-,-,-,-,-,-,-,-,-,-,-,-,-,-,-,-,-,-,-,-,-,-,-,-,-,-,-,-,-,-,-,-,-,-,-,-,-,-,-,-,-,-,-,-,-,-,-,-,-,-,-,-,-,-,-,-,-,-,-,-,-,-,-,-,-,-,-,-,-,-,-,-,-,-,-,-,-,-,-,-,-,-,-,-,-,-,-,-,-,-,-,-,-,-,-,-,-,-,-,-,-,-,-,-,-,-,-,-,-,-,-,-,-,-,-,-,-,-,-,-,-,-,-,-,-,-,-,-,-,-,-,-,-,-,-,-,-,-,-,-,-,-,-,-,-,-,-,-,-,-,-,-,-,-,-,-,-,-,-,-,-,-,-,-,-,-,-,-,-,-,-,-,-,-,-,-,-,-,-,-,-,-,-,-,-,-,-,-,-,-,-,-,-,-,-,-,-,-,-,-,-,-,-,-,-,-,-,-,-,-,-,-,-,-,-,-,-,-,-,-,-,-,-,-,-,-,-,-,-,-,-,-,-,-,-,-,-,-,-,-,-,-,-,-,-,-,-,-,-,-,-,-,-,-,-,-,-,-,-,-,-,-,-,-,-,-,-,-,-,-,-,-,-,-,-,-,-,-,-,-,-,-,-,-,-,-,-,-,-,-,-,-,-,-,-,-,-,-,-,-,-,-,-,-,-,-,-,-,-,-,-,-,-,-,-,-,-,-,-,-,-,-,-,-,-,-,-,-,-,-,-,-,-,-,-,-,-,-,-,-,-,-,-,-,-,-,-,-,-,-,-,-,-,-,-,-,-,-,-,-,-,-,-,-,-,-,-,-,-,-,-,-,-,-,-,-,-,-,-,-,-,-,-,-,-,-,-,-,-,-,-,-,-,-,-,-,-,-,-,-,-,-,-,-,-,-,-,-,-,-,-,-,-,-,-,-,-,-,-,-,-,-,-,-,-,-,-,-,-,-,-,-,-,-,-,-,-,-,-,-,-,-,-,-,-,-,-,-,-,-,-,-,-,-,-,-,-,-,-,-,-,-,-,-,-,-,-,-,-,-,-,-,-,-,-,-,-,-,-,-,-,-,-,-,-,-,-,-,-,-,-,-,-,-,-,-,-,-,-,-,-,-,-,-,-,-,-,-,-,-,-,-,-,-,-,-,-,-,-,-,-,-,-,-,-,-,-,-,-
Sus_scrofa,G,L,C,L,W,L,G,V,T,L,G,L,G,Q,A,S,G,R,L,R,L,A,V,L,P,E,D,R,L,Q,M,K,W,R,E,S,E,G,S,S,L,G,Y,L,V,Q,V,K,P,M,A,G,D,P,E,Q,E,V,M,L,T,T,K,T,P,K,A,T,V,G,G,L,S,P,S,K,E,Y,A,V,Q,I,F,Q,L,T,G,S,G,S,V,L,L,A,R,R,E,F,V,I,E,D,L,K,S,N,S,V,S,S,S,G,W,R,P,L,G,A,-,A,L,E,P,T,P,S,H,L,A,D,P,D,L,-,-,-,-,E,P,R,V,A,L,A,S,S,Q,D,P,P,A,L,A,G,P,Q,F,R,C,T,P,P,T,P,V,D,M,V,F,L,V,D,G,S,W,S,I,G,H,S,H,F,Q,Q,V,K,D,F,L,A,S,V,I,E,P,F,E,I,G,P,D,R,V,Q,V,G,L,T,Q,Y,S,G,A,P,Q,T,E,W,D,L,N,A,L,D,T,K,E,K,V,L,A,A,V,R,S,L,R,Y,R,G,G,N,T,F,T,G,L,A,L,T,H,V,L,E,R,N,L,K,P,E,A,G,L,R,P,E,A,A,K,L,V,T,L,V,T,D,G,K,S,Q,D,D,A,R,T,A,G,Q,A,L,K,S,L,G,V,H,V,F,A,V,G,V,K,N,A,D,E,A,E,L,R,L,L,A,S,Q,P,L,D,L,T,V,H,S,V,Q,D,F,P,Q,L,G,A,L,A,G,L,L,S,R,L,I,C,Q,K,V,Q,G,R,S,P,R,G,A,A,A,A,P,A,L,D,P,L,S,A,V,T,N,L,V,V,T,R,V,T,S,S,S,I,H,L,S,W,T,P,A,P,Q,T,P,L,K,Y,L,I,V,W,Q,P,S,K,G,G,V,P,R,E,V,V,V,E,G,R,A,S,S,A,E,L,H,N,L,S,P,R,T,E,Y,L,V,S,V,V,P,V,Y,Q,A,G,V,G,E,G,L,Q,G,L,A,T,T,A,P,L,P,P,P,Q,A,L,T,L,A,T,V,T,P,R,S,L,R,L,T,W,Q,P,S,A,G,A,T,E,Y,L,V,R,C,S,P,A,S,S,K,G,-,E,E,G,R,E,V,R,V,G,R,P,E,V,L,L,D,G,L,A,P,G,R,D,Y,D,I,W,V,Q,S,V,R,G,A,E,S,S,E,A,Q,G,I,R,A,K,T,S,A,L,G,P,P,R,H,L,N,F,S,D,V,S,H,D,S,A,R,V,S,W,E,G,S,P,R,P,I,R,L,V,R,V,S,Y,V,S,S,K,G,G,H,S,G,Q,T,E,V,P,G,N,A,T,S,A,T,L,G,P,L,S,S,S,T,T,Y,T,V,R,V,T,C,L,Y,P,G,G,S,S,S,T,L,T,G,R,L,T,T,R,K,V,P,S,P,S,Q,L,S,V,T,E,L,P,G,D,E,V,R,L,A,W,A,A,A,A,A,S,G,V,L,L,Y,Q,I,T,W,T,P,L,G,D,G,K,A,H,E,V,S,V,P,G,N,L,G,A,A,V,L,R,G,L,G,R,L,S,E,Y,D,I,T,V,L,A,Y,Y,R,D,G,A,R,S,D,P,V,S,L,R,Y,T,P,-,-,L,S,Q,S,P,P,S,N,L,A,L,A,S,E,S,P,T,S,L,R,V,S,W,T,P,P,S,G,P,V,L,H,Y,R,L,T,Y,A,L,A,S,G,L,G,P,E,K,S,I,S,V,P,G,P,R,S,H,V,T,L,P,D,L,L,A,A,T,K,Y,R,V,L,V,S,A,V,Y,R,A,G,E,S,M,A,V,S,A,T,G,R,T,A,A,C,P,A,L,R,P,N,S,S,L,P,G,F,D,L,M,A,A,F,G,L,V,E,K,E,Y,S,A,L,R,G,V,S,M,E,P,S,A,F,G,P,A,K,T,F,T,L,F,K,E,A,Q,L,T,R,R,A,D,I,H,L,A,A,E,H,T,I,A,F,L,L,R,L,L,P,E,T,P,R,E,A,F,A,L,W,Q,V,A,A,Q,D,F,Q,P,V,L,G,V,L,L,D,A,G,R,K,S,L,T,Y,F,N,R,D,P,R,A,T,L,Q,E,V,T,F,E,L,P,E,V,R,R,I,F,F,G,S,F,H,K,V,H,V,A,V,G,H,S,K,V,R,L,Y,V,D,C,R,K,V,A,E,R,P,A,G,E,A,G,D,L,P,A,E,G,F,V,T,L,G,R,L,A,K,A,R,G,P,R,S,S,S,A,S,F,Q,L,Q,M,L,Q,I,V,C,S,D,S,W,A,E,E,D,G,C,C,E,L,P,A,S,K,E,G,G,A,C,P,A,F,P,P,A,C,A,C,S,L,Q,T,P,G,P,P,G,P,Q,G,P,P,G,P,P,G,R,N,G,A,P,G,E,Q,G,F,P,G,P,R,G,E,P,G,P,P,G,Q,M,G,P,E,G,P,G,G,Q,Q,G,S,P,G,T,Q,G,R,A,I,Q,G,P,V,G,P,P,G,V,K,G,E,K,G,D,H,G,L,P,G,L,Q,G,H,P,G,L,Q,G,T,P,G,K,A,G,I,Q,G,P,G,M,R,G,L,E,G,T,A,G,L,P,G,P,P,G,P,F,P,G,T,A,G,A,R,G,S,G,G,E,R,G,L,P,G,A,V,G,P,G,L,P,G,P,K,G,E,R,G,E,K,H,V,L,K,L,H,S,C,H,E,G,T,R,P,P,M,P,I,L,E,A,P,R,A,L,-,-,-,-,-,-,-,-,G,M,R,S,E,A,R,L,G,G,H,G,G,P,R,P
Tachyglossus_aculeatus,-,-,-,-,-,-,-,-,-,-,-,-,-,-,G,T,H,R,L,K,L,T,V,L,S,E,D,R,L,Q,M,K,W,K,E,T,E,G,N,T,N,G,Y,K,V,Q,V,K,P,M,A,G,D,T,E,Q,E,V,M,L,T,T,K,T,P,K,A,T,V,G,G,L,S,P,T,K,E,Y,T,L,Q,I,Y,V,L,N,G,S,Q,D,T,L,F,A,K,R,K,F,V,I,E,D,L,K,S,S,S,V,A,R,S,N,R,R,T,A,G,A,-,T,T,E,P,K,S,S,-,-,-,-,-,-,-,-,-,-,-,-,-,-,-,-,-,-,-,-,-,-,-,-,-,L,G,G,S,P,F,Q,C,N,S,S,A,P,V,D,I,I,F,L,V,D,G,S,W,S,I,G,R,S,N,F,R,L,V,R,E,F,L,A,S,L,I,S,P,F,N,I,A,Q,D,K,I,S,I,G,L,S,Q,Y,S,G,E,P,R,T,E,W,N,L,N,T,F,T,S,K,D,K,V,L,E,A,V,R,N,L,R,Y,K,G,G,N,T,F,T,G,L,A,L,T,H,V,L,E,Q,N,L,K,P,E,A,G,P,R,P,E,A,D,K,I,V,I,L,L,T,D,G,K,S,Q,D,E,A,N,A,A,A,Q,V,L,K,D,L,G,I,N,I,F,A,I,G,V,K,N,A,D,E,A,E,L,R,Q,V,A,S,H,P,L,D,I,T,V,H,N,V,L,D,F,P,L,L,S,S,L,A,D,P,L,S,R,I,L,C,K,K,I,K,E,R,S,-,-,-,-,-,-,-,-,-,-,-,-,-,P,G,P,T,N,L,I,I,S,E,V,T,S,K,T,F,R,L,S,W,T,P,-,-,-,-,-,-,K,Y,R,I,V,Y,Y,P,S,I,E,G,V,P,T,E,V,I,M,D,G,S,V,S,S,V,V,L,V,N,L,T,S,H,T,E,Y,L,V,S,V,F,P,V,Y,E,S,S,V,G,D,G,L,R,G,V,T,A,T,L,P,L,S,P,P,R,S,L,R,V,T,E,V,T,H,H,S,I,K,V,S,W,Q,P,T,D,E,T,I,E,Y,L,V,-,-,-,-,-,-,-,-,-,E,E,D,G,K,E,V,K,V,E,Q,T,E,A,L,L,E,G,L,R,P,G,T,E,Y,T,I,S,V,Y,A,L,D,G,E,E,A,S,E,-,-,-,-,-,-,-,-,-,-,-,-,P,T,R,Y,L,T,F,S,E,V,S,H,S,S,V,R,V,H,W,E,R,P,S,R,A,V,R,V,Y,Q,V,S,Y,I,S,R,E,G,S,N,A,G,E,V,E,V,P,G,S,T,L,S,A,W,L,A,P,L,S,S,S,T,E,Y,I,I,S,V,T,A,I,Y,S,D,G,D,S,S,V,L,T,D,R,V,T,T,R,K,V,P,A,P,H,P,L,R,V,I,E,L,P,G,D,D,V,R,L,E,W,G,Q,A,A,I,A,D,V,V,V,Y,Q,I,K,W,T,P,L,G,E,G,K,A,H,E,I,S,V,P,G,N,L,D,A,A,V,L,P,G,L,E,K,H,M,D,Y,Q,I,S,I,L,A,Y,Y,R,D,G,A,R,S,D,T,V,S,L,R,F,S,P,-,-,L,S,R,S,P,P,S,N,L,V,I,E,S,E,T,P,N,S,L,Q,V,L,W,N,P,P,D,G,P,V,L,Y,Y,K,V,A,Y,A,P,A,S,G,S,S,M,E,K,T,V,N,V,S,A,T,N,N,H,I,K,L,P,L,L,L,P,A,T,K,Y,K,V,M,V,S,A,I,Y,T,T,G,E,S,D,A,V,A,T,T,G,R,T,A,A,C,P,A,L,R,V,D,G,S,L,Q,G,F,D,M,M,E,A,F,G,L,V,E,K,E,Y,S,S,I,K,G,V,S,M,E,P,S,I,F,S,G,T,R,I,Y,T,L,F,R,D,T,Q,L,T,R,R,T,E,I,H,P,A,A,E,H,T,I,S,F,L,L,R,L,L,P,E,M,P,K,E,R,F,A,V,W,Q,I,T,D,E,D,F,Q,P,L,I,G,V,V,L,D,A,S,R,K,S,L,T,Y,F,N,H,D,H,K,A,E,L,Q,E,V,T,F,D,Q,Q,E,M,K,K,I,F,F,G,S,F,H,K,V,H,V,A,V,N,R,V,R,V,K,L,F,V,D,C,K,K,I,A,E,K,Q,I,S,E,A,G,S,V,S,T,A,G,F,I,M,L,G,K,L,T,K,T,R,G,P,R,S,G,S,A,A,F,Q,L,Q,S,L,Q,I,V,C,S,P,V,W,A,E,E,D,R,C,C,D,V,P,A,L,R,D,K,E,T,C,P,A,-,-,-,-,C,T,C,S,S,D,S,P,G,P,P,G,S,P,G,P,P,G,S,P,G,R,R,G,A,Q,G,E,Q,G,T,P,G,L,K,G,E,P,G,P,P,G,Q,T,G,P,E,G,P,G,G,Q,Q,G,S,P,G,S,Q,G,R,T,V,Q,G,P,V,G,P,P,G,I,K,G,E,K,G,E,D,G,H,P,G,L,Q,G,H,P,G,H,R,G,P,P,G,R,D,G,L,Q,G,P,G,M,R,G,L,E,G,T,A,G,L,P,G,P,P,G,P,F,Q,G,L,A,G,A,P,G,T,N,G,Q,K,G,P,P,G,D,V,G,P,G,L,P,G,P,K,G,E,R,G,E,K,H,V,L,K,F,D,S,F,H,E,N,T,R,P,P,V,P,I,W,K,K,K,M,R,P,G,E,P,P,P,G,L,P,G,N,P,G,R,M,G,D,S,G,E,D,G,V,-,-
Talpa_occidentalis,-,-,-,-,-,-,-,-,-,-,-,-,-,-,-,-,-,-,-,-,-,-,-,-,-,-,-,-,-,-,-,-,-,-,-,-,-,-,-,-,-,-,-,-,-,-,-,-,-,-,-,-,-,-,-,-,-,-,-,-,-,-,-,-,-,-,-,-,-,-,-,-,-,-,-,-,-,-,-,-,-,-,-,-,-,-,-,-,-,-,-,-,-,-,-,-,-,-,-,-,-,-,-,-,-,-,-,-,-,-,-,-,-,-,-,-,-,-,-,-,-,-,-,-,-,-,-,-,-,-,-,-,-,-,-,-,-,-,-,-,-,-,-,-,-,-,-,-,-,-,-,-,-,-,-,-,-,-,-,-,-,-,-,-,-,-,-,-,-,-,-,-,-,-,-,-,-,-,-,-,-,-,-,-,-,-,-,-,-,-,-,-,-,-,-,-,-,-,-,-,-,-,-,-,-,-,-,-,-,-,-,-,-,-,-,-,-,-,-,-,-,-,-,-,-,-,-,-,-,-,-,-,-,-,-,-,-,-,-,-,-,-,-,-,-,-,-,-,-,-,-,-,-,-,-,-,-,-,-,-,-,-,-,-,-,-,-,-,-,-,-,-,-,-,-,-,-,-,-,-,-,-,-,-,-,-,-,-,-,-,-,-,-,-,-,-,-,-,-,-,-,-,-,-,-,-,-,-,-,-,-,-,-,-,-,-,-,-,-,-,-,-,-,-,-,-,-,-,-,-,-,-,-,-,-,-,-,-,-,-,-,-,-,-,-,-,-,-,-,-,-,-,-,-,-,-,-,-,-,-,-,-,-,-,-,-,-,-,-,-,-,-,-,-,-,-,-,-,-,-,-,-,-,-,-,-,-,-,-,-,-,-,-,-,-,-,-,-,-,-,-,-,-,-,-,-,-,-,-,-,-,-,-,-,-,-,-,-,-,-,-,-,-,-,-,-,-,-,-,-,-,-,-,-,-,-,-,-,-,-,-,-,-,-,-,-,-,-,-,-,-,-,-,-,-,-,-,-,-,-,-,-,-,-,-,-,-,-,-,-,-,-,-,-,-,-,-,-,-,-,-,-,-,-,-,-,-,-,-,-,-,-,-,-,-,-,-,-,-,-,-,-,-,-,-,-,-,-,-,-,-,-,-,-,-,-,-,-,-,-,-,-,-,-,-,-,-,-,-,-,-,-,-,-,-,-,-,-,-,-,-,-,-,-,-,-,-,-,-,-,-,-,-,-,-,-,-,-,-,-,-,-,-,-,-,-,-,-,-,-,-,-,-,-,-,-,-,-,-,-,-,-,-,-,-,-,-,-,-,-,-,-,-,-,-,-,-,-,-,-,-,-,-,-,-,-,-,-,-,-,-,-,-,-,-,-,-,-,-,-,-,-,-,-,-,-,-,-,-,-,-,-,-,-,-,-,-,-,-,-,-,-,-,-,-,-,-,-,-,-,-,-,-,-,-,-,-,-,-,-,-,-,-,-,-,-,-,-,-,-,-,-,-,-,-,-,-,-,-,-,-,-,-,-,-,-,-,-,-,-,-,-,-,-,-,-,-,-,-,-,-,-,-,-,-,-,-,-,-,-,-,-,-,-,-,-,-,-,-,-,-,-,-,-,-,-,-,-,-,-,-,-,-,-,-,-,-,-,-,-,-,-,-,-,-,-,-,-,-,-,-,-,-,-,-,-,-,-,-,-,-,-,-,-,-,-,-,-,-,-,-,-,-,-,-,-,-,-,-,-,-,-,-,-,-,-,-,-,-,-,-,-,-,-,-,-,-,-,-,-,-,-,-,-,-,-,-,-,-,-,-,-,-,-,-,-,-,-,-,-,-,-,-,-,-,-,-,-,-,-,-,-,-,-,-,-,-,-,-,-,-,-,-,-,-,-,-,-,-,-,-,-,-,-,-,-,-,-,-,-,-,-,-,-,-,-,-,-,-,-,-,-,-,-,-,-,-,-,-,-,-,-,-,-,-,-,-,-,-,-,-,-,-,-,-,-,-,-,-,-,-,-,-,-,-,-,-,-,-,-,-,-,-,-,-,-,-,-,-,-,-,-,-,-,-,-,-,-,-,-,-,-,-,-,-,-,-,-,-,-,-,-,-,-,-,-,-,-,-,-,-,-,-,-,-,-,-,-,-,-,-,-,-,-,-,-,-,-,-,-,-,-,-,-,-,-,-,-,-,-,-,-,-,-,-,-,-,-,-,-,-,-,-,-,-,-,-,-,-,-,-,-,-,-,-,-,-,-,-,-,-,-,-,-,-,-,-,-,-,-,-,-,-,-,-,-,-,-,-,-,-,-,-,-,-,-,-,-,-,-,-,-,-,-,-,-,-,-,-,-,-,-,-,-,-,-,-,-,-,-,-,-,-,-,-,-,-,-,-,-,-,-,-,-,-,-,-,-,-,-,-,-,-,-,-,-,-,-,-,-,-,-,-,-,-,-,-,-,-,-,-,-,-,-,-,-,-,-,-,-,-,-,-,-,-,-,-,-,-,-,-,-,-,-,-,-,-,-,-,-,-,-,-,-,-,-,-,-,-,-,-,-,-,-,-,-,-,-,-,-,-,-,-,-,-,-,-,-,-,-,-,-,-,-,-,-,-,-,-,-,-,-,-,-,-,-,-,-,-,-,-,-,-,-,-,-,-,-,-,-,-,-,-,-,-,-,-,-,-,-,-,-,-,-,-,-,-,-,-,-,-,-,-,-,-,-,-,-,-,-,-,-,-,-,-,-,-,-,-,-,-,-,-,-,-,-,-,-,-,-,-,-,-,-,-,-,-,-
Trichechus_manatus_latirostris,-,-,-,-,-,-,-,-,-,-,-,-,-,-,-,-,-,-,L,R,L,A,V,L,P,E,D,R,L,Q,M,K,W,R,E,V,E,G,S,S,L,G,Y,L,V,Q,V,K,P,M,A,R,D,S,E,Q,E,V,M,L,T,T,K,T,P,K,A,I,V,G,G,L,S,P,S,K,E,Y,T,L,Q,I,F,A,L,S,G,S,G,L,I,L,L,A,R,R,E,F,V,I,E,D,L,K,S,H,S,V,G,R,S,S,R,R,P,W,G,P,-,A,L,E,P,T,P,S,L,V,E,C,P,D,P,E,P,T,S,E,A,R,V,T,W,A,P,S,H,N,S,P,T,P,T,G,A,P,F,R,C,T,P,P,V,P,T,D,V,V,F,L,V,D,G,S,W,S,I,S,H,R,N,F,Q,L,V,K,D,F,L,A,S,M,V,S,P,F,E,I,D,P,D,K,V,Q,V,G,L,T,Q,Y,S,G,D,P,Q,T,E,W,D,L,N,S,F,G,T,K,E,E,V,L,G,A,I,G,C,L,R,Y,K,G,G,N,T,F,T,G,L,A,L,T,H,V,L,-,-,-,-,-,-,T,A,G,P,R,A,Q,A,A,K,A,V,V,L,V,T,D,G,K,S,Q,D,D,A,R,A,A,A,R,V,L,K,D,L,G,A,H,V,F,T,V,G,V,K,N,T,D,E,A,E,L,R,L,L,A,S,Q,P,P,D,I,T,V,H,S,V,L,D,F,P,Q,L,G,T,L,A,S,L,L,S,R,L,V,C,Q,Q,V,Q,G,-,-,-,-,-,-,A,A,A,P,A,L,G,P,L,P,A,P,A,G,L,V,L,T,Q,V,T,S,S,G,V,C,L,S,W,T,P,A,P,Q,P,P,L,K,Y,L,I,V,W,R,P,S,R,G,G,T,P,R,E,V,V,V,E,A,P,I,S,S,V,E,L,R,N,L,T,S,S,T,E,Y,L,I,S,V,L,P,V,Y,A,G,G,V,S,E,G,L,R,G,L,A,T,T,S,P,L,S,L,P,H,T,L,A,L,A,T,V,T,P,Q,T,I,R,L,T,W,Q,P,V,P,G,A,T,Q,Y,L,V,R,W,L,P,T,P,P,K,G,E,E,R,-,R,E,V,R,V,G,W,S,K,V,L,L,D,S,L,E,P,G,R,N,Y,T,I,S,V,Q,S,L,R,G,S,E,V,S,E,A,Q,G,V,Q,A,R,T,L,A,L,A,P,P,R,H,L,D,F,E,N,V,T,H,D,S,A,R,V,L,W,E,G,P,-,-,-,-,-,-,-,-,-,M,Y,I,S,S,E,G,G,H,L,G,Q,L,E,A,P,G,N,A,S,S,A,T,L,A,P,L,S,S,S,T,T,Y,N,A,S,V,-,-,-,Y,P,G,G,G,S,S,T,L,T,G,R,V,T,T,R,-,-,-,-,-,-,-,-,-,-,-,-,-,-,-,-,-,V,R,L,E,W,V,A,T,A,A,S,G,V,L,V,Y,Q,I,K,W,T,P,L,G,S,G,K,A,H,E,V,S,V,P,G,N,L,C,S,T,V,L,P,G,L,G,R,T,S,E,Y,D,I,P,I,L,A,Y,Y,R,D,S,A,R,S,D,P,V,S,L,R,Y,T,P,-,-,-,S,W,S,P,T,S,N,L,A,L,A,S,E,T,P,N,S,L,Q,V,S,W,T,S,P,H,G,Q,V,L,H,Y,R,L,T,Y,A,L,A,S,G,S,G,P,E,T,T,I,S,V,P,G,P,R,S,R,A,T,L,P,D,L,L,T,A,T,K,Y,K,V,L,V,P,A,V,Y,K,A,G,E,S,T,A,V,A,A,T,G,R,T,A,S,C,P,A,Q,R,P,D,S,S,L,P,G,F,D,L,M,A,T,F,G,L,V,E,K,E,Y,A,S,L,Q,G,V,A,M,E,P,S,A,F,G,G,A,K,T,F,M,L,L,K,D,A,H,L,L,R,R,A,-,-,-,-,-,-,-,-,-,-,-,-,-,-,-,-,-,-,-,-,-,-,-,-,-,-,-,-,-,-,-,-,-,-,-,-,-,-,-,-,-,-,-,-,-,-,-,-,-,-,-,-,-,-,-,-,-,-,-,-,-,-,-,-,-,-,-,-,-,-,-,-,-,-,-,-,-,-,-,-,-,V,H,V,A,V,G,H,S,K,V,Q,L,Y,V,D,-,R,K,V,A,E,R,P,F,G,Q,V,G,G,L,P,A,S,G,F,V,T,L,G,R,L,A,K,V,R,G,P,R,S,S,S,A,T,F,Q,L,Q,T,L,Q,I,V,C,N,E,S,W,A,E,E,D,R,C,C,E,L,P,A,L,R,D,A,E,T,C,P,T,S,P,S,A,C,S,C,H,S,E,T,P,G,P,P,G,P,Q,G,P,P,G,F,P,R,K,N,G,A,P,G,E,Q,G,F,P,G,P,R,-,-,-,-,-,-,-,-,-,-,-,-,-,-,-,-,-,-,-,-,-,-,-,-,-,-,-,-,-,-,-,-,G,P,P,G,V,K,G,E,K,G,D,H,G,L,P,G,S,Q,G,L,P,S,H,H,G,T,P,G,R,L,G,L,P,G,P,G,M,R,G,L,E,G,T,A,G,L,P,G,P,P,G,P,F,Q,G,M,A,G,A,R,G,T,C,G,E,Q,G,P,P,G,A,V,G,P,G,L,P,G,L,K,G,E,R,G,E,K,H,M,L,K,F,D,S,F,H,E,S,T,R,P,R,M,P,V,L,E,G,E,V,R,P,G,G,P,-,-,G,T,P,G,V,H,S,E,A,R,Q,A,-,-,C,S,S,R,P
Trichosurus_vulpecula,-,-,-,-,-,-,-,-,-,-,-,-,-,-,-,-,-,R,L,R,L,T,V,L,S,E,D,R,L,Q,M,K,W,K,E,S,E,G,N,I,N,G,Y,K,V,Q,V,K,P,M,A,G,D,S,E,Q,E,V,M,L,T,T,K,T,P,K,V,T,V,V,G,L,S,P,T,K,E,Y,T,L,Q,I,F,V,L,S,G,S,R,D,T,L,L,A,R,R,R,F,V,I,E,D,L,K,S,F,S,M,G,R,N,S,R,K,P,A,G,E,-,T,L,E,P,I,P,S,S,V,-,-,-,-,-,-,-,-,-,-,-,-,-,-,-,-,-,-,-,-,-,-,-,-,G,G,P,Q,F,H,C,D,T,A,I,P,V,D,I,V,F,L,V,D,G,S,W,S,I,G,R,S,N,F,R,L,I,R,E,F,L,A,N,I,I,S,P,F,H,I,A,Q,D,K,V,R,I,G,L,S,Q,Y,S,G,D,P,R,T,E,W,D,L,N,S,F,N,T,K,D,E,V,L,E,A,V,R,N,L,R,Y,K,G,G,N,T,F,T,G,L,A,L,T,H,V,L,E,Q,N,L,K,L,E,A,G,S,R,S,E,A,V,K,V,V,I,L,L,T,D,G,K,S,Q,D,D,A,R,L,A,A,Q,V,M,K,D,L,G,M,D,I,F,A,I,G,V,K,N,A,D,E,S,E,L,T,H,L,A,S,L,P,L,D,V,T,V,H,N,V,Q,D,F,P,L,L,G,N,L,T,D,R,F,I,R,L,L,C,W,K,I,Q,E,R,S,P,H,-,-,-,-,-,-,-,-,-,-,-,P,S,P,T,N,L,I,V,S,E,V,T,A,T,G,L,R,L,A,W,T,P,-,-,-,-,-,-,K,Y,R,I,V,Y,H,P,S,R,G,G,T,L,R,E,V,T,V,E,G,A,T,S,S,A,Q,L,L,N,L,T,S,N,T,E,Y,L,V,T,V,F,P,V,Y,K,D,G,V,G,E,G,L,R,D,I,V,T,T,L,P,L,S,P,P,S,S,L,T,I,F,S,V,T,H,N,S,I,H,L,T,W,K,P,T,N,K,A,T,Q,Y,L,V,H,C,T,S,A,S,P,R,E,Q,E,V,E,E,E,E,E,V,G,D,P,E,V,L,L,E,G,L,A,P,G,T,E,Y,S,I,A,V,Y,A,L,F,G,E,E,V,S,E,-,-,-,-,-,-,-,-,-,-,-,-,-,P,K,H,L,S,F,S,E,V,S,H,S,S,V,R,V,H,W,E,A,S,S,W,G,V,R,M,Y,H,V,S,Y,V,S,L,E,G,N,Q,A,G,E,I,D,V,S,R,N,A,S,S,V,K,L,A,P,L,S,S,S,T,S,Y,I,V,S,V,T,S,I,Y,K,E,G,D,S,S,T,L,T,G,R,V,T,T,R,K,V,P,A,P,S,H,L,K,V,T,E,L,P,G,D,D,V,Q,L,E,W,A,A,A,A,A,S,G,V,V,V,Y,Q,I,K,W,M,P,L,G,E,G,K,A,Y,E,I,S,V,P,G,N,L,G,T,A,T,L,P,G,L,G,K,H,A,E,Y,E,I,S,I,L,A,Y,Y,R,D,G,A,R,S,D,T,V,S,L,R,Y,T,P,-,-,V,S,R,N,P,P,L,N,L,V,L,A,S,E,T,P,S,S,L,R,I,I,W,T,P,P,N,D,N,V,L,H,Y,R,L,T,Y,A,L,A,S,G,S,G,P,E,K,T,I,I,V,P,G,P,E,N,H,V,T,L,P,L,L,L,P,G,T,K,Y,K,V,M,V,S,A,V,Y,S,L,G,E,S,N,V,V,S,A,I,G,R,T,A,A,C,P,A,L,G,A,N,S,S,L,P,G,F,D,M,M,E,A,F,G,L,V,E,K,E,Y,A,S,I,K,G,V,S,M,E,P,S,I,F,S,G,T,R,T,Y,T,L,F,R,D,V,Q,L,M,R,R,A,E,I,H,P,A,A,E,H,T,I,S,F,L,L,R,V,L,P,E,T,P,R,E,P,F,A,L,W,Q,I,A,D,E,T,F,E,P,L,L,G,V,T,L,D,A,G,R,K,S,L,T,Y,F,N,R,D,H,K,A,E,L,Q,E,V,T,F,D,L,Q,E,V,K,K,I,F,Y,G,S,F,H,K,V,H,V,A,V,S,R,S,K,V,K,L,Y,V,D,C,R,K,V,T,E,R,L,I,N,E,A,A,S,P,S,T,A,G,F,V,M,L,G,K,L,T,K,T,R,G,P,R,S,G,S,A,T,F,Q,L,Q,A,L,Q,I,V,C,S,D,T,W,A,E,E,D,R,C,C,E,V,P,A,L,R,D,A,E,T,C,P,A,L,T,S,A,C,T,C,S,S,D,Q,P,G,P,P,G,P,P,G,P,P,G,T,P,G,R,R,G,I,Q,G,E,Q,G,T,P,G,P,R,-,-,-,-,-,-,-,-,-,-,-,-,-,-,-,-,-,-,-,-,-,-,-,-,-,-,-,-,-,-,-,-,G,P,P,G,V,K,G,E,K,G,D,I,G,H,P,G,L,Q,G,Y,P,G,H,Q,G,P,P,G,R,H,G,L,Q,G,P,G,M,R,G,F,E,G,T,A,G,F,P,G,P,P,G,P,F,Q,G,I,A,G,A,R,G,I,N,G,E,K,G,S,P,G,D,V,G,P,G,L,P,G,P,K,G,E,R,G,E,K,H,V,L,K,F,D,P,F,H,E,N,T,R,P,P,V,P,V,W,E,E,E,V,K,-,-,-,-,-,-,-,-,-,-,L,P,G,Q,K,G,D,R,G,E,D,G,F,-,-
Ursus_arctos_horribilis,-,-,-,-,-,-,-,-,-,-,-,-,-,-,-,-,-,-,-,-,-,-,-,-,-,-,-,-,-,-,-,-,-,-,-,-,-,-,-,-,-,-,-,-,-,-,-,-,-,-,-,-,-,-,-,-,-,-,-,-,-,-,-,-,-,-,-,-,-,-,-,-,-,-,-,-,-,-,-,-,-,-,-,-,-,-,-,-,-,-,-,-,-,-,-,-,-,-,-,-,-,-,-,-,-,-,-,-,-,-,-,-,-,-,-,-,-,-,-,-,-,-,-,-,-,-,-,-,-,-,-,-,-,-,-,-,-,-,-,-,-,-,-,-,-,-,-,-,-,-,-,-,-,-,-,-,-,-,-,-,-,-,-,-,-,-,-,-,-,-,-,-,-,-,-,-,-,-,-,-,-,-,-,-,-,-,-,-,-,-,-,-,-,-,-,-,-,-,-,-,-,-,-,-,-,-,-,-,-,-,-,-,-,-,-,-,-,-,-,-,-,-,-,-,-,-,-,-,-,-,-,-,-,-,-,-,-,-,-,-,-,-,-,-,-,-,-,-,-,-,-,-,-,-,-,-,-,-,-,-,-,-,-,-,-,-,-,-,-,-,-,-,-,-,-,-,-,-,-,-,-,-,-,-,-,-,-,-,-,-,-,-,-,-,-,-,-,-,-,-,-,-,-,-,-,-,-,-,-,-,-,-,-,-,-,-,-,-,-,-,-,-,-,-,-,-,-,-,-,-,-,-,-,-,-,-,-,-,-,-,-,-,-,-,-,-,-,-,-,-,-,-,-,-,-,-,-,-,-,-,-,-,-,-,-,-,-,-,-,-,-,-,-,-,-,-,-,-,-,-,-,-,-,-,-,-,-,-,-,-,-,-,-,-,-,-,-,-,-,-,-,-,-,-,-,-,-,-,-,-,-,-,-,-,-,-,-,-,-,-,-,-,-,-,-,-,-,-,-,-,-,-,-,-,-,-,-,-,-,-,-,-,-,-,-,-,-,-,-,-,-,-,-,-,-,-,-,-,-,-,-,-,-,-,-,-,-,-,-,-,-,-,-,-,-,-,-,-,-,-,-,-,-,-,-,-,-,-,-,-,-,-,-,-,-,-,-,-,-,-,-,-,-,-,-,-,-,-,-,-,-,-,-,-,-,-,-,-,-,-,-,-,-,-,-,-,-,-,-,-,-,-,-,-,-,-,-,-,-,-,-,-,-,-,-,-,-,-,-,-,-,-,-,-,-,-,-,-,-,-,-,-,-,-,-,-,-,-,-,-,-,-,-,-,-,-,-,-,-,-,-,-,-,-,-,-,-,-,-,-,-,-,-,-,-,-,-,-,-,-,-,-,-,-,-,-,-,-,-,-,-,-,-,-,-,-,-,-,-,-,-,-,-,-,-,-,-,-,-,-,-,-,-,-,-,-,-,-,-,-,-,-,-,-,-,-,-,-,-,-,-,-,-,-,-,-,-,-,-,-,-,-,-,-,-,-,-,-,-,-,-,-,-,-,-,-,-,-,-,-,-,-,-,-,-,-,-,-,-,-,-,-,-,-,-,-,-,-,-,-,-,-,-,-,-,-,-,-,-,-,-,-,-,-,-,-,-,-,-,-,-,-,-,-,-,-,-,-,-,-,-,-,-,-,-,-,-,-,-,-,-,-,-,-,-,-,-,-,-,-,-,-,-,-,-,-,-,-,-,-,-,-,-,-,-,-,-,-,-,-,-,-,-,-,-,-,-,-,-,-,-,-,-,-,-,-,-,-,-,-,-,-,-,-,-,-,-,-,-,-,-,-,-,-,-,-,-,-,-,-,-,-,-,-,-,-,-,-,-,-,-,-,-,-,-,-,-,-,-,-,-,-,-,-,-,-,-,-,-,-,-,-,-,-,-,-,-,-,-,-,-,-,-,-,-,-,-,-,-,-,-,-,-,-,-,-,-,-,-,-,-,-,-,-,-,-,-,-,-,-,-,-,-,-,-,-,-,-,-,-,-,-,-,-,-,-,-,-,-,-,-,-,-,-,-,-,-,-,-,-,-,-,-,-,-,-,-,-,-,-,-,-,-,-,-,-,-,-,-,-,-,-,-,-,-,-,-,-,-,-,-,-,-,-,-,-,-,-,-,-,-,-,-,-,-,-,-,-,-,-,-,-,-,-,-,-,-,-,-,-,-,-,-,-,-,-,-,-,-,-,-,-,-,-,-,-,-,-,-,-,-,-,-,-,-,-,-,-,-,-,-,-,-,-,-,-,-,-,-,-,-,-,-,-,-,-,-,-,-,-,-,-,-,-,-,-,-,-,-,-,-,-,-,-,-,-,-,-,-,-,-,-,-,-,-,-,-,-,-,-,-,-,-,-,-,-,-,-,-,-,-,-,-,-,-,-,-,-,-,-,-,-,-,-,-,-,-,-,-,-,-,-,-,-,-,-,-,-,-,-,-,-,-,-,-,-,-,-,-,-,-,-,-,-,-,-,-,-,-,-,-,-,-,-,-,-,-,-,-,-,-,-,-,-,-,-,-,-,-,-,-,-,-,-,-,-,-,-,-,-,-,-,-,-,-,-,-,-,-,-,-,-,-,-,-,-,-,-,-,-,-,-,-,-,-,-,-,-,-,-,-,-,-,-,-,-,-,-,-,-,-,-,-,-,-,-,-,-,-,-,-,-,-,-,-,-,-,-,-,-,-,-,-,-,-,-,-,-,-,-,-,-,-,-,-,-,-,-,-,-,-,-,-,-,-,-,-,-,-,-,-,-,-,-,-,-,-,-,-,-,-,-,-,-,-,-,-,-
Vombatus_ursinus,-,-,-,-,-,-,-,-,-,-,-,-,-,-,-,-,-,R,L,R,L,T,V,L,S,E,D,R,L,Q,M,K,W,K,E,S,E,G,N,T,N,G,Y,K,V,Q,V,K,P,M,A,G,D,S,E,Q,E,V,M,L,T,T,K,T,P,K,V,T,V,V,G,L,S,P,T,K,E,Y,T,L,Q,I,F,A,L,S,G,S,R,D,T,L,L,A,R,R,R,F,V,I,E,D,L,K,S,I,S,M,G,R,N,S,R,K,P,S,G,E,-,T,L,E,P,I,S,S,S,V,-,-,-,-,-,-,-,-,-,-,-,-,-,-,-,-,-,-,-,-,-,-,-,-,G,G,P,Q,F,H,C,E,T,S,I,P,V,D,I,V,F,L,V,D,G,S,W,S,I,G,R,S,N,F,R,L,I,R,E,F,L,A,N,I,I,S,P,F,H,I,A,Q,D,K,V,R,I,G,L,S,Q,Y,S,G,D,P,R,T,E,W,D,L,N,S,F,N,T,K,D,Q,V,L,E,A,V,R,N,L,R,Y,K,G,G,N,T,F,T,G,L,A,L,T,H,V,L,E,Q,N,L,K,L,E,A,G,S,R,S,E,A,V,K,V,V,I,L,L,T,D,G,K,S,Q,D,D,A,R,L,A,A,K,V,M,K,D,L,G,M,D,I,F,A,I,G,V,K,N,A,D,E,S,E,L,T,H,L,A,S,L,P,L,D,V,T,V,H,N,V,Q,D,F,P,L,L,G,N,L,T,N,R,L,T,R,L,L,C,W,K,I,Q,E,R,S,P,H,-,-,-,-,-,-,-,-,-,-,-,P,S,P,T,N,L,I,V,S,E,V,T,A,T,G,L,R,L,A,W,T,P,-,-,-,-,-,-,K,Y,R,I,V,Y,H,P,S,R,G,G,T,P,R,E,V,T,V,E,G,V,T,S,S,A,Q,L,Q,N,L,T,S,N,T,E,Y,L,V,T,V,L,P,V,Y,K,D,G,V,G,E,G,L,R,D,I,V,T,T,L,P,L,S,P,P,S,S,L,T,I,F,S,V,T,H,S,S,I,H,L,T,W,Q,P,T,N,K,V,T,Q,Y,L,V,H,C,-,-,-,-,-,-,-,-,-,-,-,-,E,V,R,V,G,D,P,E,V,L,L,T,G,L,A,P,G,T,E,Y,S,I,A,V,Y,A,L,F,G,E,E,V,S,A,P,R,S,I,R,V,K,T,Q,S,L,D,L,P,K,H,L,S,F,S,E,V,S,H,S,S,A,R,V,H,W,E,A,S,S,R,G,V,R,V,Y,R,V,S,Y,V,S,L,E,G,S,Q,A,G,E,I,D,V,S,R,N,A,S,S,V,K,L,A,P,L,S,S,S,T,S,Y,I,V,S,V,T,S,I,Y,K,E,G,D,S,S,T,L,T,G,R,V,T,T,R,K,V,P,A,P,S,H,L,K,V,T,E,L,P,G,D,D,V,R,L,E,W,A,A,A,A,A,S,G,V,V,V,Y,Q,I,K,W,M,P,L,G,E,G,K,A,Y,E,I,S,V,P,G,N,L,G,T,A,T,L,P,G,L,G,K,H,A,E,Y,E,I,S,I,L,A,Y,Y,R,D,G,A,R,S,D,T,V,S,L,R,Y,T,P,-,-,V,S,R,N,P,P,L,N,L,V,L,T,S,E,T,P,S,S,L,R,I,L,W,T,P,P,N,D,N,V,L,H,Y,R,L,T,Y,A,L,A,S,G,S,S,P,E,K,T,I,I,I,P,G,P,E,K,H,V,T,L,P,L,L,L,P,G,T,K,Y,K,V,M,V,S,A,V,Y,N,L,G,E,S,N,V,V,S,A,I,G,R,T,A,A,C,P,A,L,R,A,N,G,S,L,P,G,F,D,M,M,E,A,F,G,L,V,E,K,E,Y,A,S,I,K,G,V,S,M,E,P,S,I,F,S,G,T,W,T,Y,T,L,F,R,D,V,Q,L,M,R,R,A,E,I,H,P,A,A,E,H,T,I,S,F,L,L,R,V,L,P,E,T,P,R,E,P,F,A,L,W,Q,I,T,D,E,T,F,E,P,L,L,G,V,T,L,D,A,G,R,K,S,L,T,Y,F,N,R,D,H,K,A,E,L,Q,E,V,T,F,D,L,P,E,V,K,K,I,F,Y,G,S,F,H,K,V,H,V,A,V,S,R,T,K,V,K,L,Y,I,D,C,R,K,V,T,E,R,L,I,N,E,A,G,S,S,S,T,A,G,F,V,M,L,G,K,L,T,K,A,R,G,P,R,S,G,S,A,T,F,Q,L,Q,A,L,Q,I,V,C,S,D,T,W,A,E,E,D,R,C,C,E,V,P,A,L,R,D,T,E,T,C,P,A,L,T,S,A,C,T,C,P,S,D,Q,P,G,P,P,G,P,P,G,P,P,G,T,P,G,R,R,G,I,Q,G,E,Q,G,T,P,G,P,R,-,-,-,-,-,-,-,-,-,-,-,-,-,-,-,-,-,-,-,-,-,-,-,-,-,-,-,-,-,-,-,-,G,P,P,G,V,K,G,E,K,G,D,I,G,H,P,G,L,Q,G,H,P,G,H,Q,G,P,P,G,R,H,G,L,Q,G,P,G,M,R,G,F,E,G,T,A,G,F,P,G,P,P,G,P,F,Q,G,I,A,G,A,R,G,I,N,G,E,K,G,P,P,G,N,V,G,P,G,L,P,G,P,K,G,E,R,G,E,K,H,V,L,K,F,D,P,F,H,E,N,T,R,P,P,V,P,V,W,E,E,E,V,K,S,G,E,P,-,-,G,L,P,G,-,P,G,R,E,-,-,-,-,-,-,-,-,-,-
Vulpes_lagopus,R,L,C,L,W,L,G,A,A,L,G,L,G,Q,A,S,G,R,L,R,L,A,V,L,P,E,D,R,L,Q,M,K,W,R,E,S,E,G,S,S,L,G,Y,L,V,Q,V,K,P,M,A,G,D,A,E,Q,E,V,M,L,T,T,K,T,P,K,A,T,V,G,G,L,S,P,S,K,G,Y,T,V,Q,I,F,E,L,T,G,S,G,N,A,L,L,A,Q,R,E,F,V,I,E,D,L,K,S,H,S,G,S,R,S,D,R,T,P,L,G,A,-,A,L,E,P,T,P,P,D,V,G,R,P,D,P,-,-,-,-,E,P,L,G,S,S,S,P,S,Q,D,P,P,T,L,A,G,P,Q,F,R,C,T,P,P,S,P,V,D,M,I,F,L,V,D,G,S,W,S,I,G,H,S,H,F,Q,Q,V,K,D,F,L,A,S,V,I,E,P,F,E,I,G,P,S,K,V,Q,V,G,L,T,Q,Y,S,G,D,P,Q,T,E,W,D,L,N,A,L,R,T,K,E,D,V,L,A,A,V,R,R,L,R,Y,K,G,G,N,T,F,T,G,L,A,L,T,H,V,L,E,H,N,L,R,P,T,A,G,P,R,P,E,A,T,K,V,L,I,L,V,T,D,G,K,S,Q,D,D,A,R,A,A,G,R,I,L,K,D,L,G,V,A,I,F,A,V,G,V,K,N,A,D,E,A,E,L,Q,L,L,A,S,Q,P,L,D,I,T,V,H,N,V,Q,D,F,P,Q,L,G,T,L,A,G,L,L,G,R,L,I,C,Q,K,V,Q,G,G,S,A,R,-,A,A,A,T,P,A,L,D,T,L,F,T,P,S,S,L,L,L,T,Q,V,T,S,S,S,A,H,L,S,W,T,P,A,A,Q,L,P,L,K,Y,L,I,V,W,R,P,S,R,G,G,P,P,R,E,V,V,V,D,G,P,T,S,S,A,E,L,H,D,L,A,A,G,T,E,Y,L,V,S,V,I,P,V,G,E,A,G,V,G,E,G,L,R,G,L,V,T,T,A,P,L,P,P,P,Q,A,L,T,V,A,A,V,T,P,R,T,I,R,L,T,W,R,P,S,A,G,A,T,Q,Y,L,V,R,C,L,P,A,S,P,A,G,Q,E,E,G,R,E,V,R,V,G,Q,P,E,V,L,L,D,G,L,E,P,G,R,D,Y,D,V,R,V,Q,S,L,Q,G,T,E,A,S,E,A,R,G,V,R,A,R,T,S,T,L,A,P,P,R,H,L,G,F,S,D,V,S,H,D,S,A,R,V,F,W,D,S,L,P,R,P,V,R,L,F,R,V,S,F,V,S,S,D,G,S,H,S,G,Q,V,E,V,P,G,N,A,T,S,A,S,L,G,P,L,S,S,S,T,T,Y,A,V,R,V,T,C,L,Y,P,G,G,G,S,S,T,L,T,G,H,L,T,T,R,K,V,P,S,P,S,Q,L,V,V,T,G,L,P,G,D,E,A,R,L,Q,W,A,A,A,-,-,S,G,V,L,V,Y,Q,I,K,W,T,P,L,G,D,G,K,A,H,E,V,S,V,P,G,S,R,A,M,A,V,L,P,G,L,R,S,H,L,E,Y,D,I,T,I,L,A,Y,Y,R,D,G,A,R,S,D,P,V,S,L,R,Y,S,P,-,-,P,R,R,S,P,P,S,D,L,T,L,A,S,E,S,P,N,S,L,R,V,S,W,T,P,P,S,G,P,V,L,H,Y,R,L,T,Y,A,L,A,S,G,S,G,P,E,K,S,I,S,V,P,G,P,R,S,H,V,T,L,P,D,L,L,A,A,T,K,Y,R,V,L,V,S,A,V,Y,G,A,G,E,S,L,T,V,S,A,T,G,R,T,A,A,C,P,A,L,S,P,D,S,S,L,P,G,F,D,L,M,R,A,F,G,L,V,E,K,E,Y,A,S,V,R,G,V,A,M,E,P,S,A,F,G,R,A,R,T,F,T,I,L,R,D,A,Q,L,S,R,R,A,A,P,H,L,A,A,E,H,T,V,V,F,L,L,R,V,L,P,E,T,P,R,E,T,F,A,L,W,Q,M,T,A,D,D,F,Q,P,V,L,G,V,L,L,D,A,G,R,R,S,L,T,Y,F,H,H,D,R,M,A,T,L,Q,E,V,T,F,D,L,P,E,V,K,R,I,F,F,G,S,F,H,K,V,H,V,A,V,G,R,S,K,V,G,L,Y,V,D,C,R,K,V,A,E,R,P,I,G,E,A,G,S,P,P,A,A,G,F,M,M,L,G,R,L,A,K,A,R,G,P,R,S,S,S,A,S,F,Q,L,Q,M,L,Q,V,V,C,S,D,S,W,A,D,E,D,V,C,C,E,L,P,A,S,K,D,G,E,T,C,P,A,F,A,S,A,C,T,C,A,S,Q,T,P,G,P,P,G,P,Q,G,P,P,G,L,P,G,R,S,G,A,P,G,E,R,G,F,P,G,P,R,G,E,P,G,P,P,G,Q,M,G,P,E,G,P,G,G,Q,Q,G,S,P,G,T,Q,G,R,T,V,Q,G,P,V,G,P,P,G,V,K,G,E,K,G,D,H,G,L,P,G,L,Q,G,H,P,G,H,Q,G,A,P,G,K,V,G,L,Q,G,P,G,M,R,G,L,E,G,S,A,G,L,P,G,P,P,G,P,F,Q,G,V,V,G,A,R,G,T,A,G,E,R,G,P,P,G,A,V,G,P,G,L,P,G,P,K,G,E,R,G,E,K,H,V,L,K,L,H,S,F,H,E,S,A,R,P,P,R,P,I,L,E,-,-,-,-,-,-,-,-,-,-,-,-,-,-,-,-,-,-,-,-,-,G,G,Q,D,S,P,R,P
Vulpes_vulpes,R,L,C,L,W,L,G,A,A,L,G,L,G,Q,A,S,G,R,L,R,L,A,V,L,P,E,D,R,L,Q,M,K,W,R,E,S,E,G,S,S,L,G,Y,L,V,Q,V,K,P,M,A,G,D,A,E,Q,E,V,M,L,T,T,K,T,P,K,A,T,V,G,G,L,S,P,S,K,G,Y,T,V,Q,I,F,E,L,T,G,S,G,N,A,L,L,A,Q,R,E,F,V,I,E,D,L,K,S,H,S,G,S,R,S,D,R,K,P,L,G,A,-,A,P,E,P,T,P,P,D,V,G,R,P,D,P,-,-,-,-,E,P,L,G,T,S,S,P,S,Q,D,P,P,T,L,A,G,P,Q,F,R,C,T,P,P,S,P,V,D,M,I,F,L,V,D,G,S,W,S,I,G,H,S,H,F,Q,Q,V,K,D,F,L,A,S,V,I,E,P,F,E,I,G,P,S,K,V,Q,V,G,L,T,Q,Y,S,G,D,P,Q,T,E,W,D,L,N,A,L,R,T,K,E,D,V,L,A,A,V,R,R,L,R,Y,K,G,G,N,T,F,T,G,L,A,L,T,H,V,L,E,H,N,L,R,P,T,A,G,P,R,P,E,A,T,K,V,L,I,L,V,T,D,G,K,S,Q,D,D,A,R,A,A,G,R,I,L,K,D,L,G,V,A,I,F,A,V,G,V,K,N,A,D,E,A,E,L,Q,L,L,A,S,Q,P,L,D,I,T,V,H,N,V,Q,D,F,P,Q,L,G,T,L,A,G,L,L,G,R,L,I,C,Q,K,V,Q,G,G,S,A,R,-,A,A,A,T,P,A,L,D,T,L,F,T,P,S,S,L,L,L,T,Q,V,T,S,S,S,A,H,L,S,W,T,P,A,A,Q,L,P,L,K,Y,L,I,V,W,R,P,S,R,G,G,P,P,R,E,V,V,V,D,G,P,T,S,S,A,E,L,H,D,L,A,A,G,T,E,Y,L,V,S,V,I,P,V,G,E,A,G,V,G,E,G,L,R,G,L,V,T,T,A,P,L,P,P,P,Q,A,L,T,V,A,A,V,T,P,R,T,I,R,L,T,W,R,P,S,A,G,A,T,Q,Y,L,V,R,C,L,P,A,S,P,A,G,Q,E,E,G,R,E,V,R,V,G,Q,P,E,V,L,L,D,G,L,E,P,G,R,D,Y,D,V,R,V,Q,S,L,Q,G,T,E,A,S,E,A,Q,G,V,R,A,R,T,S,T,L,A,P,P,R,H,L,G,F,S,D,V,S,H,D,S,A,R,V,F,W,D,G,L,P,R,P,V,R,L,F,R,V,S,F,V,S,S,D,G,S,H,S,G,Q,V,E,V,P,G,N,A,T,S,A,S,L,G,P,L,S,S,S,T,T,Y,A,V,R,V,T,C,L,Y,P,G,G,G,S,S,T,L,T,G,H,L,T,T,R,K,V,P,S,P,S,Q,L,V,V,T,G,L,P,G,D,E,A,R,L,Q,W,A,A,A,-,-,S,G,V,L,V,Y,Q,I,K,W,T,P,L,G,D,G,K,A,H,E,V,S,V,P,G,S,R,A,M,A,V,L,P,G,L,R,S,H,L,E,Y,D,I,T,I,L,A,Y,Y,R,D,G,A,R,S,D,P,V,S,L,R,Y,S,P,-,-,P,R,R,S,P,P,S,D,L,T,L,A,S,E,S,P,N,S,L,R,V,S,W,T,P,P,S,G,P,V,L,H,Y,R,L,T,Y,A,L,A,S,G,S,G,P,E,K,S,I,S,V,P,G,P,R,S,H,V,T,L,P,D,L,L,A,A,T,K,Y,R,V,L,V,S,A,V,Y,G,A,G,E,S,L,T,V,S,A,T,G,R,T,A,A,C,P,-,-,-,-,-,-,-,L,P,G,F,D,L,M,R,A,F,G,L,V,E,K,E,Y,A,S,V,R,G,V,A,M,E,P,S,A,F,G,R,A,R,T,F,T,I,L,R,D,A,Q,L,S,R,R,A,A,P,H,L,A,A,E,H,T,V,V,F,L,L,R,V,L,P,E,T,P,R,E,T,F,A,L,W,Q,M,T,A,D,D,F,Q,P,V,L,G,V,L,L,D,A,G,R,R,S,L,T,Y,F,H,H,D,R,M,A,T,L,Q,E,V,T,F,D,L,P,E,V,K,R,I,F,F,G,S,F,H,K,V,H,V,A,V,G,R,S,K,V,G,L,Y,V,D,C,R,K,V,A,E,R,P,I,G,E,A,G,S,P,P,A,A,G,F,M,M,L,G,R,L,A,K,A,R,G,P,R,S,S,S,A,S,F,Q,L,Q,M,L,Q,V,V,C,S,D,S,W,A,D,E,D,V,C,C,E,L,P,A,S,K,D,G,E,T,C,P,A,F,A,S,A,C,T,C,A,S,Q,T,P,G,P,P,G,P,Q,G,P,P,G,L,P,G,R,S,G,A,P,G,E,R,G,F,P,G,P,R,G,E,P,G,P,P,G,Q,M,G,P,E,G,P,G,G,Q,Q,G,S,P,G,T,Q,G,R,T,V,Q,G,P,V,G,P,P,G,V,K,G,E,K,G,D,H,G,L,P,G,L,Q,G,H,P,G,H,Q,G,A,P,G,K,V,G,L,Q,G,P,G,M,R,G,L,E,G,S,A,G,L,P,G,P,P,G,P,F,Q,G,V,V,G,A,R,G,T,A,G,E,R,G,P,P,G,A,V,G,P,G,L,P,G,P,K,G,E,R,G,E,K,H,V,L,K,L,H,S,F,H,E,S,A,R,P,P,R,P,I,L,E,-,-,-,-,-,-,-,-,-,-,-,-,-,-,-,-,-,-,-,-,-,G,G,Q,D,S,P,R,P
Zalophus_californianus,W,L,W,L,W,L,G,V,A,L,G,L,G,R,A,S,S,R,L,R,L,A,V,L,P,E,D,Q,L,Q,M,K,W,R,E,S,G,G,G,S,L,G,Y,L,V,Q,V,K,P,R,A,G,D,M,E,Q,E,V,M,L,T,T,K,T,P,K,A,T,V,G,G,L,S,P,S,K,G,Y,T,V,Q,I,F,E,L,T,S,S,G,K,A,L,L,A,Q,R,E,F,V,I,E,D,L,K,S,H,S,V,S,R,S,G,Q,M,P,L,E,A,-,A,V,Q,P,M,P,S,H,V,G,S,P,D,P,-,-,-,-,E,P,R,V,A,L,S,P,S,Q,D,P,P,T,P,A,S,P,Q,F,R,C,T,P,P,T,P,V,D,M,I,F,L,V,D,G,S,W,S,I,G,H,G,H,F,Q,Q,V,K,D,F,L,A,S,V,I,E,P,F,E,I,G,P,N,K,V,Q,V,G,L,T,Q,Y,S,G,D,P,Q,T,E,W,D,L,S,T,F,R,T,K,E,E,V,V,T,A,V,H,S,L,R,Y,R,G,G,N,T,F,T,G,L,A,L,T,H,V,R,E,Q,N,L,K,P,G,A,G,I,R,P,E,A,A,K,V,V,I,L,V,T,D,G,K,S,Q,D,D,A,R,A,A,G,R,V,L,K,D,L,G,V,A,V,F,A,V,G,V,K,N,A,D,E,A,E,L,Q,L,L,A,S,P,P,L,D,I,T,V,H,N,V,Q,D,F,P,Q,L,G,T,L,A,G,L,L,S,R,L,I,C,Q,K,V,Q,G,G,S,V,P,-,A,A,G,T,P,A,P,E,T,A,C,T,P,S,S,L,V,V,T,Q,V,T,S,S,S,I,Q,L,S,W,T,P,A,P,Q,L,P,L,K,Y,L,I,T,W,R,P,S,R,G,G,T,P,R,E,V,V,V,E,G,P,T,S,S,A,E,L,H,S,L,T,A,G,T,E,Y,L,V,S,V,F,P,V,G,K,A,G,V,G,Q,G,L,R,G,L,V,T,T,A,P,L,P,A,P,Q,A,L,T,L,A,A,V,T,P,R,T,I,R,L,A,W,Q,P,S,A,G,A,T,Q,Y,L,V,R,C,S,P,A,F,P,P,G,Q,E,E,G,R,E,V,R,V,G,Q,P,E,A,L,L,D,G,L,E,P,G,T,D,Y,D,V,W,V,Q,S,L,Q,G,T,E,A,S,E,A,R,G,I,R,A,R,T,A,T,L,V,P,P,R,H,L,G,F,S,D,V,S,H,D,S,V,R,V,F,W,E,G,I,P,R,P,V,R,L,F,R,V,S,F,V,S,S,D,G,S,H,S,G,Q,V,E,A,P,G,N,A,S,S,A,T,L,G,P,L,S,S,S,T,T,Y,S,V,R,L,T,C,L,Y,P,A,G,G,S,S,T,L,T,G,R,L,T,T,R,K,V,P,S,P,S,Q,L,S,V,T,E,L,P,G,D,E,V,Q,L,G,W,A,A,A,A,A,S,G,V,L,V,Y,Q,I,K,W,T,P,L,G,D,G,K,A,R,E,I,S,V,P,G,N,L,G,V,A,V,L,P,G,L,Q,S,H,L,E,Y,E,I,T,I,L,A,Y,Y,R,D,G,T,R,S,D,P,V,S,L,R,Y,S,P,-,-,A,R,R,S,P,P,S,N,L,A,L,A,S,E,S,P,S,S,L,R,V,S,W,T,P,P,S,G,H,V,L,R,Y,R,L,T,Y,M,L,A,S,G,S,G,P,E,K,S,I,S,V,P,G,P,R,S,H,V,T,L,P,D,L,L,A,A,T,K,Y,R,V,L,V,S,A,V,Y,G,A,G,E,S,M,P,V,S,A,T,G,Q,T,-,A,C,P,A,L,S,P,D,G,P,L,P,G,F,D,L,M,A,A,F,G,L,V,E,K,E,Y,S,S,I,R,G,V,A,M,E,R,A,A,F,S,C,A,R,T,F,T,L,F,K,D,A,Q,L,T,R,R,A,G,L,Q,L,A,A,E,H,T,V,V,F,L,L,R,V,L,P,E,T,P,R,E,S,F,A,L,W,Q,M,T,A,E,D,F,Q,P,I,L,G,V,L,L,D,A,G,R,K,S,L,T,Y,F,N,H,D,P,R,A,T,L,Q,E,V,T,F,D,L,P,E,V,R,R,I,F,F,G,S,F,H,K,V,H,V,A,V,G,R,S,K,V,R,L,Y,V,D,C,R,K,V,A,E,R,P,I,G,E,A,G,S,P,P,A,A,G,F,V,M,L,G,R,L,A,K,A,R,G,P,R,S,S,S,A,T,F,Q,L,Q,M,L,Q,I,V,C,S,E,S,W,A,E,E,D,M,C,C,E,L,P,A,A,K,D,G,E,T,C,P,A,F,P,S,A,C,T,C,S,S,Q,T,P,G,P,P,G,P,Q,G,P,P,G,L,P,G,R,N,G,T,P,G,E,Q,G,F,P,G,P,R,-,-,-,-,-,-,-,-,-,-,-,-,-,-,-,-,-,-,-,-,-,-,-,-,-,-,-,-,-,-,-,-,G,P,P,G,V,K,G,E,K,G,D,H,G,L,P,G,L,Q,G,H,P,G,H,Q,G,A,P,G,K,V,G,L,Q,G,P,G,M,R,G,L,E,G,S,T,G,L,P,G,P,P,G,P,F,Q,G,T,A,G,A,R,G,T,G,G,E,R,G,P,P,G,A,V,G,P,G,L,P,G,P,K,G,E,R,G,E,K,H,V,L,K,F,H,S,F,H,E,S,A,R,P,P,R,P,I,W,E,A,P,R,H,P,-,-,-,-,-,-,-,-,G,T,L,S,E,T,R,L,G,G,D,V,G,P,R,P
shrew_mole,-,-,-,-,-,-,-,-,-,-,-,-,-,-,-,-,-,-,-,-,-,-,-,-,-,-,-,-,-,-,-,-,-,-,-,-,-,-,-,-,-,-,-,-,-,-,-,-,-,-,-,-,-,-,-,-,-,-,-,-,-,-,-,-,-,-,-,-,-,-,-,-,-,-,-,-,-,-,-,-,-,-,-,-,-,-,-,-,-,-,-,-,-,-,-,-,-,-,-,-,-,-,-,-,-,-,-,-,-,-,-,-,-,-,-,-,-,-,-,-,-,-,-,-,-,-,-,-,-,-,-,-,-,-,-,-,-,-,-,-,-,-,-,-,-,-,-,-,-,-,-,-,-,-,-,-,-,-,-,-,-,-,-,-,-,-,-,-,-,-,-,-,-,-,-,-,-,-,-,-,-,-,-,-,-,-,-,-,-,-,-,-,-,-,-,-,-,-,-,-,-,-,-,-,-,-,-,-,-,-,-,-,-,-,-,-,-,-,-,-,-,-,-,-,-,-,-,-,-,-,-,-,-,-,-,-,-,-,-,-,-,-,-,-,-,-,-,-,-,-,-,-,-,-,-,-,-,-,-,-,-,-,-,-,-,-,-,-,-,-,-,-,-,-,-,-,-,-,-,-,-,-,-,-,-,-,-,-,-,-,-,-,-,-,-,-,-,-,-,-,-,-,-,-,-,-,-,-,-,-,-,-,-,-,-,-,-,-,-,-,-,-,-,-,-,-,-,-,-,-,-,-,-,-,-,-,-,-,-,-,-,-,-,-,-,-,-,-,-,-,-,-,-,-,-,-,-,-,-,-,-,-,-,-,-,-,-,-,-,-,-,-,-,-,-,-,-,-,-,-,-,-,-,-,-,-,-,-,-,-,-,-,-,-,-,-,-,-,-,-,-,-,-,-,-,-,-,-,-,-,-,-,-,-,-,-,-,-,-,-,-,-,-,-,-,-,-,-,-,-,-,-,-,-,-,-,-,-,-,-,-,-,-,-,-,-,-,-,-,-,-,-,-,-,-,-,-,-,-,-,-,-,-,-,-,-,-,-,-,-,-,-,-,-,-,-,-,-,-,-,-,-,-,-,-,-,-,-,-,-,-,-,-,-,-,-,-,-,-,-,-,-,-,-,-,-,-,-,-,-,-,-,-,-,-,-,-,-,-,-,-,-,-,-,-,-,-,-,-,-,-,-,-,-,-,-,-,-,-,-,-,-,-,-,-,-,-,-,-,-,-,-,-,-,-,-,-,-,-,-,-,-,-,-,-,-,-,-,-,-,-,-,-,-,-,-,-,-,-,-,-,-,-,-,-,-,-,-,-,-,-,-,-,-,-,-,-,-,-,-,-,-,-,-,-,-,-,-,-,-,-,-,-,-,-,-,-,-,-,-,-,-,-,-,-,-,-,-,-,-,-,-,-,-,-,-,-,-,-,-,-,-,-,-,-,-,-,-,-,-,-,-,-,-,-,-,-,-,-,-,-,-,-,-,-,-,-,-,-,-,-,-,-,-,-,-,-,-,-,-,-,-,-,-,-,-,-,-,-,-,-,-,-,-,-,-,-,-,-,-,-,-,-,-,-,-,-,-,-,-,-,-,-,-,-,-,-,-,-,-,-,-,-,-,-,-,-,-,-,-,-,-,-,-,-,-,-,-,-,-,-,-,-,-,-,-,-,-,-,-,-,-,-,-,-,-,-,-,-,-,-,-,-,-,-,-,-,-,-,-,-,-,-,-,-,-,-,-,-,-,-,-,-,-,-,-,-,-,-,-,-,-,-,-,-,-,-,-,-,-,-,-,-,-,-,-,-,-,-,-,-,-,-,-,-,-,-,-,-,-,-,-,-,-,-,-,-,-,-,-,-,-,-,-,-,-,-,-,-,-,-,-,-,-,-,-,-,-,-,-,-,-,-,-,-,-,-,-,-,-,-,-,-,-,-,-,-,-,-,-,-,-,-,-,-,-,-,-,-,-,-,-,-,-,-,-,-,-,-,-,-,-,-,-,-,-,-,-,-,-,-,-,-,-,-,-,-,-,-,-,-,-,-,-,-,-,-,-,-,-,-,-,-,-,-,-,-,-,-,-,-,-,-,-,-,-,-,-,-,-,-,-,-,-,-,-,-,-,-,-,-,-,-,-,-,-,-,-,-,-,-,-,-,-,-,-,-,-,-,-,-,-,-,-,-,-,-,-,-,-,-,-,-,-,-,-,-,-,-,-,-,-,-,-,-,-,-,-,-,-,-,-,-,-,-,-,-,-,-,-,-,-,-,-,-,-,-,-,-,-,-,-,-,-,-,-,-,-,-,-,-,-,-,-,-,-,-,-,-,-,-,-,-,-,-,-,-,-,-,-,-,-,-,-,-,-,-,-,-,-,-,-,-,-,-,-,-,-,-,-,-,-,-,-,-,-,-,-,-,-,-,-,-,-,-,-,-,-,-,-,-,-,-,-,-,-,-,-,-,-,-,-,-,-,-,-,-,-,-,-,-,-,-,-,-,-,-,-,-,-,-,-,-,-,-,-,-,-,-,-,-,-,-,-,-,-,-,-,-,-,-,-,-,-,-,-,-,-,-,-,-,-,-,-,-,-,-,-,-,-,-,-,-,-,-,-,-,-,-,-,-,-,-,-,-,-,-,-,-,-,-,-,-,-,-,-,-,-,-,-,-,-,-,-,-,-,-,-,-,-,-,-,-,-,-,-,-,-,-,-,-,-,-,-,-,-,-,-,-,-,-,-,-,-,-,-,-,-,-,-,-,-,-,-,-,-,-,-,-,-,-,-,-,-,-,-,-,-
ZWS,-,-,-,-,-,-,-,-,-,-,-,-,-,-,-,-,-,-,-,-,-,-,-,-,-,-,-,-,-,-,-,-,-,-,-,-,-,-,-,-,-,-,-,-,-,-,-,-,-,-,-,-,-,-,-,-,-,-,-,-,-,-,-,-,-,-,-,-,-,-,-,-,-,-,-,-,-,-,-,-,-,-,-,-,-,-,-,-,-,-,-,-,-,-,-,-,-,-,-,-,-,-,-,-,-,-,-,-,-,-,-,-,-,-,-,-,-,-,-,-,-,-,-,-,-,-,-,-,-,-,-,-,-,-,-,-,-,-,-,-,-,-,-,-,-,-,-,-,-,-,-,-,-,-,-,-,-,-,-,-,-,-,-,-,-,-,-,-,-,-,-,-,-,-,-,-,-,-,-,-,-,-,-,-,-,-,-,-,-,-,-,-,-,-,-,-,-,-,-,-,-,-,-,-,-,-,-,-,-,-,-,-,-,-,-,-,-,-,-,-,-,-,-,-,-,-,-,-,-,-,-,-,-,-,-,-,-,-,-,-,-,-,-,-,-,-,-,-,-,-,-,-,-,-,-,-,-,-,-,-,-,-,-,-,-,-,-,-,-,-,-,-,-,-,-,-,-,-,-,-,-,-,-,-,-,-,-,-,-,-,-,-,-,-,-,-,-,-,-,-,-,-,-,-,-,-,-,-,-,-,-,-,-,-,-,-,-,-,-,-,-,-,-,-,-,-,-,-,-,-,-,-,-,-,-,-,-,-,-,-,-,-,-,-,-,-,-,-,-,-,-,-,-,-,-,-,-,-,-,-,-,-,-,-,-,-,-,-,-,-,-,-,-,-,-,-,-,-,-,-,-,-,-,-,-,-,-,-,-,-,-,-,-,-,-,-,-,-,-,-,-,-,-,-,-,-,-,-,-,-,-,-,-,-,-,-,-,-,-,-,-,-,-,-,-,-,-,-,-,-,-,-,-,-,-,-,-,-,-,-,-,-,-,-,-,-,-,-,-,-,-,-,-,-,-,-,-,-,-,-,-,-,-,-,-,-,-,-,-,-,-,-,-,-,-,-,-,-,-,-,-,-,-,-,-,-,-,-,-,-,-,-,-,-,-,-,-,-,-,-,-,-,-,-,-,-,-,-,-,-,-,-,-,-,-,-,-,-,-,-,-,-,-,-,-,-,-,-,-,-,-,-,-,-,-,-,-,-,-,-,-,-,-,-,-,-,-,-,-,-,-,-,-,-,-,-,-,-,-,-,-,-,-,-,-,-,-,-,-,-,-,-,-,-,-,-,-,-,-,-,-,-,-,-,-,-,-,-,-,-,-,-,-,-,-,-,-,-,-,-,-,-,-,-,-,-,-,-,-,-,-,-,-,-,-,-,-,-,-,-,-,-,-,-,-,-,-,-,-,-,-,-,-,-,-,-,-,-,-,-,-,-,-,-,-,-,-,-,-,-,-,-,-,-,-,-,-,-,-,-,-,-,-,-,-,-,-,-,-,-,-,-,-,-,-,-,-,-,-,-,-,-,-,-,-,-,-,-,-,-,-,-,-,-,-,-,-,-,-,-,-,-,-,-,-,-,-,-,-,-,-,-,-,-,-,-,-,-,-,-,-,-,-,-,-,-,-,-,-,-,-,-,-,-,-,-,-,-,-,-,-,-,-,-,-,-,-,-,-,-,-,-,-,-,-,-,-,-,-,-,-,-,-,-,-,-,-,-,-,-,-,-,-,-,-,-,-,-,-,-,-,-,-,-,-,-,-,-,-,-,-,-,-,-,-,-,-,-,-,-,-,-,-,-,-,-,-,-,-,-,-,-,-,-,-,-,-,-,-,-,-,-,-,-,-,-,-,-,-,-,-,-,-,-,-,-,-,-,-,-,-,-,-,-,-,-,-,-,-,-,-,-,-,-,-,-,-,-,-,-,-,-,-,-,-,-,-,-,-,-,-,-,-,-,-,-,-,-,-,-,-,-,-,-,-,-,-,-,-,-,-,-,-,-,-,-,-,-,-,-,-,-,-,-,-,-,-,-,-,-,-,-,-,-,-,-,-,-,-,-,-,-,-,-,-,-,-,-,-,-,-,-,-,-,-,-,-,-,-,-,-,-,-,-,-,-,-,-,-,-,-,-,-,-,-,-,-,-,-,-,-,-,-,-,-,-,-,-,-,-,-,-,-,-,-,-,-,-,-,-,-,-,-,-,-,-,-,-,-,-,-,-,-,-,-,-,-,-,-,-,-,-,-,-,-,-,-,-,-,-,-,-,-,-,-,-,-,-,-,-,-,-,-,-,-,-,-,-,-,-,-,-,-,-,-,-,-,-,-,-,-,-,-,-,-,-,-,-,-,-,-,-,-,-,-,-,-,-,-,-,-,-,-,-,-,-,-,-,-,-,-,-,-,-,-,-,-,-,-,-,-,-,-,-,-,-,-,-,-,-,-,-,-,-,-,-,-,-,-,-,-,-,-,-,-,-,-,-,-,-,-,-,-,-,-,-,-,-,-,-,-,-,-,-,-,-,-,-,-,-,-,-,-,-,-,-,-,-,-,-,-,-,-,-,-,-,-,-,-,-,-,-,-,-,-,-,-,-,-,-,-,-,-,-,-,-,-,-,-,-,-,-,-,-,-,-,-,-,-,-,-,-,-,-,-,-,-,-,-,-,-,-,-,-,-,-,-,-,-,-,-,-,-,-,-,-,-,-,-,-,-,-,-,-,-,-,-,-,-,-,-,-,-,-,-,-,-,-,-,-,-,-,-,-,-,-,-,-,-,-,-,-,-,-,-,-,-,-
